# threads: requested=8 pool=8 budget=8
host        : shinaoka-EVO-X1Pro
target      : x86_64 / linux
cpu features: avx2 fma avx512f avx512dq 
caches      : L1=48KiB/12-way/2sh L2=1024KiB/16-way/2sh L3=8192KiB/16-way/16sh (via sysfs), blocking=legacy
l3 domains  : t1=1 t4=1 t8=1 t16=2
baselines   : tblis=true blas=false
tblis       : abi 2.x, 8 thread(s)

running 49 cases at 16 MiB nominal tensor size, 5 reps, stress=none


=== f64 ===
             case |      m |     n |     k | regA | regB | plan GF/s | packed GF/s | upstream GF/s | tblis GF/s 
------------------+--------+-------+-------+------+------+-----------+-------------+---------------+------------
         ij-ik-kj |   1464 |  1448 |  1464 | 0.00 | 0.00 |     282.7 |       254.3 |         247.5 |      318.6 
       ij-ikl-ljk |    144 |   128 | 18432 | 1.00 | 1.00 |     190.7 |       212.5 |         192.4 |      135.2 
       ij-kil-lkj |    144 |   128 | 20736 | 1.00 | 1.00 |     177.4 |       177.9 |         168.8 |      119.3 
       ijk-ikl-lj |  18432 |   128 |   144 | 1.00 | 1.00 |     286.3 |       291.5 |         264.7 |      165.6 
       ijk-il-jlk |    144 | 18432 |   128 | 1.00 | 1.00 |     290.3 |       291.0 |         269.1 |      260.4 
       ijk-ilk-jl |  18432 |   144 |   128 | 1.00 | 1.00 |     307.9 |       309.2 |         290.8 |      198.8 
       ijk-ilk-lj |  18432 |   128 |   144 | 1.00 | 1.00 |     300.7 |       306.1 |         284.8 |      186.8 
     ijk-ilmk-mjl |   1920 |    40 |  1920 | 1.00 | 1.00 |     171.1 |       215.1 |         192.1 |      151.4 
   ijkl-imjn-lnkm |   1920 |  1920 |  1600 | 1.00 | 1.00 |     330.9 |       331.2 |         323.3 |      333.0 
   ijkl-imjn-nlmk |   1920 |  1600 |  1920 | 1.00 | 1.00 |     327.1 |       327.8 |         319.4 |      328.4 
   ijkl-imkn-jnlm |   1920 |  1920 |  1600 | 1.00 | 1.00 |     347.9 |       350.0 |         340.4 |      324.8 
   ijkl-imkn-njml |   1920 |  1600 |  1920 | 1.00 | 1.00 |     340.2 |       340.2 |         334.8 |      326.0 
   ijkl-imln-jnkm |   1920 |  1920 |  1600 | 1.00 | 1.00 |     352.9 |       353.1 |         342.0 |      323.1 
   ijkl-imln-njmk |   1920 |  1600 |  1920 | 1.00 | 1.00 |     343.8 |       349.6 |         334.2 |      326.3 
   ijkl-imnj-nlkm |   1920 |  1600 |  1920 | 1.00 | 1.00 |     325.9 |       325.1 |         315.8 |      331.0 
   ijkl-imnk-njml |   1920 |  1600 |  1920 | 1.00 | 1.00 |     343.5 |       340.0 |         333.1 |      327.5 
   ijkl-minj-nlmk |   1920 |  1600 |  2304 | 1.00 | 1.00 |     323.7 |       324.4 |         315.7 |      313.5 
   ijkl-mink-jnlm |   1920 |  1920 |  1920 | 1.00 | 1.00 |     345.5 |       346.6 |         335.9 |      325.7 
   ijkl-minl-njmk |   1920 |  1600 |  2304 | 1.00 | 1.00 |     349.9 |       349.8 |         336.3 |      308.5 
     aqrs-pa-pqrs |     48 | 64000 |    48 | 0.00 | 0.00 |     195.8 |       173.9 |         162.0 |      105.6 
     abrs-qb-aqrs |     40 | 76800 |    48 | 1.00 | 1.00 |     190.8 |       192.4 |         180.7 |       95.1 
     abcs-rc-abrs |     40 | 76800 |    48 | 1.00 | 1.00 |     150.9 |       154.7 |         142.6 |       70.4 
       abj-bka-kj |  20736 |   128 |   144 | 1.00 | 1.00 |     175.9 |       171.7 |         167.4 |      117.3 
       ajb-kba-jk |  18432 |   144 |   144 | 1.00 | 1.00 |     276.6 |       275.2 |         263.5 |      198.8 
     abjc-cbka-kj |  92160 |    40 |    48 | 1.00 | 1.00 |      41.8 |        42.3 |          39.6 |       56.7 
     ajbc-ckba-jk |  92160 |    48 |    40 | 1.00 | 1.00 |      69.6 |        69.5 |          66.3 |       85.6 
     abjc-kbac-jk |  76800 |    48 |    48 | 1.00 | 1.00 |     144.6 |       142.1 |         134.6 |       72.6 
   abjcd-dkbac-jk | 230400 |    24 |    20 | 1.00 | 1.00 |      48.4 |        48.7 |          46.2 |       42.8 
   adbjc-cbdka-kj | 230400 |    20 |    24 | 1.00 | 1.00 |      27.2 |        27.5 |          26.5 |       22.6 
   ajbdc-ckbad-jk | 230400 |    24 |    20 | 1.00 | 1.00 |      48.8 |        48.9 |          46.4 |       46.9 
 abcijk-ijma-mkbc |   6912 |  1728 |    24 | 1.00 | 1.00 |     160.3 |       160.1 |         154.7 |      146.7 
 abcijk-ijmb-mkac |   3456 |  3456 |    24 | 1.00 | 0.67 |     160.2 |       158.2 |         151.2 |       83.8 
 abcijk-ijmc-mkab |   3456 |  3456 |    24 | 1.00 | 0.67 |     137.6 |       137.0 |         152.7 |      108.0 
 abcijk-ikma-mjbc |   6912 |  1728 |    24 | 1.00 | 1.00 |     161.0 |       159.7 |         154.5 |      146.5 
 abcijk-ikmb-mjac |   3456 |  3456 |    24 | 1.00 | 0.67 |     158.6 |       159.1 |         153.8 |      120.2 
 abcijk-ikmc-mjab |   3456 |  3456 |    24 | 1.00 | 0.67 |     137.5 |       137.6 |         152.5 |      106.6 
 abcijk-jkma-mibc |   6912 |  1728 |    24 | 1.00 | 1.00 |     157.6 |       157.7 |         152.8 |      148.8 
 abcijk-jkmb-miac |   3456 |  3456 |    24 | 1.00 | 0.67 |     161.0 |       159.7 |         151.4 |       77.6 
 abcijk-jkmc-miab |   3456 |  3456 |    24 | 1.00 | 0.67 |     135.5 |       136.0 |         152.7 |       85.9 
 abcijk-eiab-jkec |   3456 |  3456 |    24 | 1.00 | 0.67 |     137.9 |       136.5 |         154.0 |       87.2 
 abcijk-eiac-jkeb |   3456 |  3456 |    24 | 1.00 | 0.67 |     160.5 |       160.0 |         152.3 |       76.0 
 abcijk-eibc-jkea |   1728 |  6912 |    24 | 1.00 | 1.00 |     160.3 |       158.9 |         154.3 |      149.6 
 abcijk-ejab-ikec |   3456 |  3456 |    24 | 1.00 | 0.67 |     138.0 |       137.6 |         153.8 |      106.3 
 abcijk-ejac-ikeb |   3456 |  3456 |    24 | 1.00 | 0.67 |     159.4 |       159.3 |         152.8 |      120.0 
 abcijk-ejbc-ikea |   1728 |  6912 |    24 | 1.00 | 1.00 |     160.3 |       160.0 |         155.5 |      147.4 
 abcijk-ekab-ijec |   3456 |  3456 |    24 | 1.00 | 0.67 |     137.3 |       137.5 |         152.5 |      105.4 
 abcijk-ekac-ijeb |   3456 |  3456 |    24 | 1.00 | 0.67 |     159.0 |       158.2 |         151.9 |       87.4 
 abcijk-ekbc-ijea |   1728 |  6912 |    24 | 1.00 | 1.00 |     159.4 |       160.0 |         155.0 |      147.0 
       abc-bk-akc |    144 | 18432 |   128 | 1.00 | 1.00 |     268.7 |       305.6 |         293.2 |      196.3 

=== c64 ===
             case |      m |     n |     k | regA | regB | plan GF/s | packed GF/s | upstream GF/s | tblis GF/s 
------------------+--------+-------+-------+------+------+-----------+-------------+---------------+------------
         ij-ik-kj |   1464 |  1448 |  1464 | 1.00 | 1.00 |     350.0 |       350.5 |         335.8 |      358.6 
       ij-ikl-ljk |    144 |   128 | 18432 | 1.00 | 1.00 |     167.9 |       168.1 |         161.7 |      192.4 
       ij-kil-lkj |    144 |   128 | 20736 | 1.00 | 1.00 |     164.4 |       167.1 |         157.2 |      172.7 
       ijk-ikl-lj |  18432 |   128 |   144 | 1.00 | 1.00 |     343.7 |       346.1 |         337.1 |      231.2 
       ijk-il-jlk |    144 | 18432 |   128 | 1.00 | 1.00 |     202.3 |       202.2 |         200.8 |      331.1 
       ijk-ilk-jl |  18432 |   144 |   128 | 1.00 | 1.00 |     367.2 |       370.0 |         347.7 |      259.1 
       ijk-ilk-lj |  18432 |   128 |   144 | 1.00 | 1.00 |     355.4 |       356.5 |         349.6 |      250.9 
     ijk-ilmk-mjl |   1920 |    40 |  1920 | 1.00 | 1.00 |     246.5 |       272.1 |         259.1 |      200.5 
   ijkl-imjn-lnkm |   1920 |  1920 |  1600 | 1.00 | 0.90 |     349.0 |       347.3 |         339.5 |      352.0 
   ijkl-imjn-nlmk |   1920 |  1600 |  1920 | 1.00 | 0.90 |     352.3 |       352.6 |         345.9 |      350.4 
   ijkl-imkn-jnlm |   1920 |  1920 |  1600 | 1.00 | 1.00 |     363.6 |       363.8 |         353.8 |      345.9 
   ijkl-imkn-njml |   1920 |  1600 |  1920 | 1.00 | 0.90 |     358.9 |       358.6 |         350.3 |      349.1 
   ijkl-imln-jnkm |   1920 |  1920 |  1600 | 1.00 | 1.00 |     365.1 |       364.6 |         356.7 |      346.8 
   ijkl-imln-njmk |   1920 |  1600 |  1920 | 1.00 | 0.90 |     360.5 |       360.4 |         351.5 |      351.0 
   ijkl-imnj-nlkm |   1920 |  1600 |  1920 | 1.00 | 0.90 |     354.7 |       354.6 |         347.0 |      350.8 
   ijkl-imnk-njml |   1920 |  1600 |  1920 | 1.00 | 0.90 |     360.6 |       361.1 |         351.6 |      350.1 
   ijkl-minj-nlmk |   1920 |  1600 |  2304 | 1.00 | 0.90 |     353.7 |       354.4 |         349.4 |      347.5 
   ijkl-mink-jnlm |   1920 |  1920 |  1920 | 1.00 | 1.00 |     365.0 |       365.1 |         357.5 |      348.5 
   ijkl-minl-njmk |   1920 |  1600 |  2304 | 1.00 | 0.90 |     361.0 |       360.8 |         353.2 |      347.3 
     aqrs-pa-pqrs |     48 | 64000 |    48 | 1.00 | 1.00 |     268.4 |       271.2 |         263.1 |      200.2 
     abrs-qb-aqrs |     40 | 76800 |    48 | 1.00 | 1.00 |     286.2 |       287.5 |         276.7 |      141.0 
     abcs-rc-abrs |     40 | 76800 |    48 | 1.00 | 1.00 |     254.4 |       251.0 |         242.4 |      129.8 
       abj-bka-kj |  20736 |   128 |   144 | 1.00 | 1.00 |     282.3 |       284.1 |         272.7 |      193.8 
       ajb-kba-jk |  18432 |   144 |   144 | 1.00 | 1.00 |     365.2 |       368.6 |         355.7 |      267.4 
     abjc-cbka-kj |  92160 |    40 |    48 | 1.00 | 1.00 |     120.1 |       119.4 |         114.8 |      107.6 
     ajbc-ckba-jk |  92160 |    48 |    40 | 1.00 | 1.00 |     160.4 |       160.6 |          34.3 |      147.0 
     abjc-kbac-jk |  76800 |    48 |    48 | 1.00 | 1.00 |     288.5 |       289.6 |         202.9 |      131.1 
   abjcd-dkbac-jk | 230400 |    24 |    20 | 0.67 | 1.00 |     100.6 |        99.7 |          97.0 |       82.8 
   adbjc-cbdka-kj | 230400 |    20 |    24 | 0.67 | 1.00 |      65.4 |        64.9 |          65.1 |       61.3 
   ajbdc-ckbad-jk | 230400 |    24 |    20 | 1.00 | 1.00 |      94.7 |        94.7 |          31.0 |       91.8 
 abcijk-ijma-mkbc |   6912 |  1728 |    24 | 1.00 | 1.00 |     275.6 |       274.1 |         220.0 |      233.2 
 abcijk-ijmb-mkac |   3456 |  3456 |    24 | 1.00 | 1.00 |     275.3 |       276.3 |         275.5 |      171.3 
 abcijk-ijmc-mkab |   3456 |  3456 |    24 | 1.00 | 1.00 |     266.0 |       267.0 |         251.2 |      221.0 
 abcijk-ikma-mjbc |   6912 |  1728 |    24 | 1.00 | 1.00 |     276.6 |       259.0 |         214.7 |      233.0 
 abcijk-ikmb-mjac |   3456 |  3456 |    24 | 1.00 | 1.00 |     276.3 |       275.5 |         265.3 |      204.9 
 abcijk-ikmc-mjab |   3456 |  3456 |    24 | 1.00 | 1.00 |     267.0 |       266.1 |         251.6 |      196.7 
 abcijk-jkma-mibc |   6912 |  1728 |    24 | 1.00 | 1.00 |     271.5 |       271.2 |         221.3 |      235.3 
 abcijk-jkmb-miac |   3456 |  3456 |    24 | 1.00 | 1.00 |     274.3 |       275.9 |         256.9 |      136.1 
 abcijk-jkmc-miab |   3456 |  3456 |    24 | 1.00 | 1.00 |     255.4 |       254.2 |         254.0 |      157.9 
 abcijk-eiab-jkec |   3456 |  3456 |    24 | 1.00 | 1.00 |     254.4 |       254.7 |         255.6 |      156.2 
 abcijk-eiac-jkeb |   3456 |  3456 |    24 | 1.00 | 1.00 |     275.5 |       274.1 |         280.9 |      135.2 
 abcijk-eibc-jkea |   1728 |  6912 |    24 | 1.00 | 1.00 |     275.2 |       277.3 |         219.3 |      235.3 
 abcijk-ejab-ikec |   3456 |  3456 |    24 | 1.00 | 1.00 |     266.6 |       264.4 |         254.8 |      196.2 
 abcijk-ejac-ikeb |   3456 |  3456 |    24 | 1.00 | 1.00 |     273.2 |       273.7 |         275.7 |      207.1 
 abcijk-ejbc-ikea |   1728 |  6912 |    24 | 1.00 | 1.00 |     275.7 |       273.0 |         213.0 |      233.3 
 abcijk-ekab-ijec |   3456 |  3456 |    24 | 1.00 | 1.00 |     267.5 |       266.6 |         252.7 |      220.1 
 abcijk-ekac-ijeb |   3456 |  3456 |    24 | 1.00 | 1.00 |     275.9 |       276.8 |         272.4 |      170.5 
 abcijk-ekbc-ijea |   1728 |  6912 |    24 | 1.00 | 1.00 |     275.5 |       272.1 |         217.6 |      232.2 
       abc-bk-akc |    144 | 18432 |   128 | 1.00 | 1.00 |     350.3 |       356.8 |         360.5 |      258.4 

=== complex efficiency ratio (c64 GF/s over f64 GF/s; 1.0 = no penalty) ===
             case | plan c64/f64 | packed c64/f64 | upstream c64/f64 | tblis c64/f64 
------------------+--------------+----------------+------------------+---------------
         ij-ik-kj |        1.238 |          1.378 |            1.356 |         1.125 
       ij-ikl-ljk |        0.881 |          0.791 |            0.841 |         1.423 
       ij-kil-lkj |        0.927 |          0.940 |            0.931 |         1.448 
       ijk-ikl-lj |        1.201 |          1.187 |            1.274 |         1.396 
       ijk-il-jlk |        0.697 |          0.695 |            0.746 |         1.272 
       ijk-ilk-jl |        1.193 |          1.197 |            1.196 |         1.303 
       ijk-ilk-lj |        1.182 |          1.165 |            1.227 |         1.343 
     ijk-ilmk-mjl |        1.441 |          1.265 |            1.349 |         1.324 
   ijkl-imjn-lnkm |        1.055 |          1.049 |            1.050 |         1.057 
   ijkl-imjn-nlmk |        1.077 |          1.076 |            1.083 |         1.067 
   ijkl-imkn-jnlm |        1.045 |          1.039 |            1.040 |         1.065 
   ijkl-imkn-njml |        1.055 |          1.054 |            1.046 |         1.071 
   ijkl-imln-jnkm |        1.035 |          1.032 |            1.043 |         1.073 
   ijkl-imln-njmk |        1.049 |          1.031 |            1.052 |         1.076 
   ijkl-imnj-nlkm |        1.088 |          1.091 |            1.099 |         1.060 
   ijkl-imnk-njml |        1.050 |          1.062 |            1.056 |         1.069 
   ijkl-minj-nlmk |        1.093 |          1.093 |            1.106 |         1.109 
   ijkl-mink-jnlm |        1.057 |          1.054 |            1.064 |         1.070 
   ijkl-minl-njmk |        1.032 |          1.031 |            1.050 |         1.126 
     aqrs-pa-pqrs |        1.371 |          1.559 |            1.624 |         1.896 
     abrs-qb-aqrs |        1.500 |          1.494 |            1.531 |         1.482 
     abcs-rc-abrs |        1.686 |          1.622 |            1.700 |         1.845 
       abj-bka-kj |        1.605 |          1.655 |            1.629 |         1.653 
       ajb-kba-jk |        1.320 |          1.339 |            1.350 |         1.345 
     abjc-cbka-kj |        2.874 |          2.826 |            2.895 |         1.900 
     ajbc-ckba-jk |        2.305 |          2.310 |            0.518 |         1.718 
     abjc-kbac-jk |        1.995 |          2.038 |            1.507 |         1.807 
   abjcd-dkbac-jk |        2.077 |          2.048 |            2.097 |         1.935 
   adbjc-cbdka-kj |        2.406 |          2.362 |            2.455 |         2.707 
   ajbdc-ckbad-jk |        1.940 |          1.936 |            0.669 |         1.955 
 abcijk-ijma-mkbc |        1.719 |          1.712 |            1.422 |         1.590 
 abcijk-ijmb-mkac |        1.718 |          1.747 |            1.822 |         2.045 
 abcijk-ijmc-mkab |        1.932 |          1.949 |            1.645 |         2.047 
 abcijk-ikma-mjbc |        1.718 |          1.622 |            1.389 |         1.590 
 abcijk-ikmb-mjac |        1.742 |          1.732 |            1.725 |         1.705 
 abcijk-ikmc-mjab |        1.941 |          1.934 |            1.650 |         1.844 
 abcijk-jkma-mibc |        1.723 |          1.720 |            1.448 |         1.581 
 abcijk-jkmb-miac |        1.704 |          1.728 |            1.697 |         1.754 
 abcijk-jkmc-miab |        1.885 |          1.869 |            1.664 |         1.839 
 abcijk-eiab-jkec |        1.844 |          1.865 |            1.660 |         1.792 
 abcijk-eiac-jkeb |        1.717 |          1.713 |            1.845 |         1.780 
 abcijk-eibc-jkea |        1.716 |          1.745 |            1.422 |         1.573 
 abcijk-ejab-ikec |        1.932 |          1.922 |            1.657 |         1.847 
 abcijk-ejac-ikeb |        1.714 |          1.719 |            1.805 |         1.725 
 abcijk-ejbc-ikea |        1.720 |          1.706 |            1.370 |         1.582 
 abcijk-ekab-ijec |        1.949 |          1.939 |            1.657 |         2.087 
 abcijk-ekac-ijeb |        1.735 |          1.749 |            1.794 |         1.950 
 abcijk-ekbc-ijea |        1.728 |          1.700 |            1.404 |         1.579 
       abc-bk-akc |        1.304 |          1.167 |            1.230 |         1.317 
             MEAN |        1.529 |          1.524 |            1.406 |         1.550 

wrote /home/shinaoka/projects/tensor4all/tprims-rs/benchmarks/benchmarks/tcbench/results/scaling-single-l3/candidate/A-16m-8t.pending.csv
