# threads: requested=1 pool=1 budget=1
host        : shinaoka-EVO-X1Pro
target      : x86_64 / linux
cpu features: avx2 fma avx512f avx512dq 
caches      : L1=48KiB/12-way/2sh L2=1024KiB/16-way/2sh L3=8192KiB/16-way/16sh (via sysfs), blocking=legacy
l3 domains  : t1=1
baselines   : tblis=true blas=false
tblis       : abi 2.x, 1 thread(s)

running 49 cases at 16 MiB nominal tensor size, 5 reps, stress=none


=== f64 ===
             case |      m |     n |     k | regA | regB | plan GF/s | packed GF/s | upstream GF/s | tblis GF/s 
------------------+--------+-------+-------+------+------+-----------+-------------+---------------+------------
         ij-ik-kj |   1464 |  1448 |  1464 | 0.00 | 0.00 |      36.7 |        48.8 |          47.7 |       46.8 
       ij-ikl-ljk |    144 |   128 | 18432 | 1.00 | 1.00 |      38.2 |        38.3 |          36.8 |       27.3 
       ij-kil-lkj |    144 |   128 | 20736 | 1.00 | 1.00 |      36.0 |        36.1 |          35.3 |       25.3 
       ijk-ikl-lj |  18432 |   128 |   144 | 1.00 | 1.00 |      44.1 |        44.0 |          42.2 |       34.5 
       ijk-il-jlk |    144 | 18432 |   128 | 1.00 | 1.00 |      42.4 |        42.6 |          41.1 |       36.9 
       ijk-ilk-jl |  18432 |   144 |   128 | 1.00 | 1.00 |      44.9 |        44.9 |          44.0 |       36.5 
       ijk-ilk-lj |  18432 |   128 |   144 | 1.00 | 1.00 |      44.5 |        44.5 |          43.2 |       34.6 
     ijk-ilmk-mjl |   1920 |    40 |  1920 | 1.00 | 1.00 |      40.8 |        40.9 |          40.0 |       22.1 
   ijkl-imjn-lnkm |   1920 |  1920 |  1600 | 1.00 | 1.00 |      47.1 |        47.1 |          46.1 |       47.3 
   ijkl-imjn-nlmk |   1920 |  1600 |  1920 | 1.00 | 1.00 |      47.2 |        47.1 |          46.5 |       45.6 
   ijkl-imkn-jnlm |   1920 |  1920 |  1600 | 1.00 | 1.00 |      47.5 |        47.4 |          46.2 |       47.4 
   ijkl-imkn-njml |   1920 |  1600 |  1920 | 1.00 | 1.00 |      47.4 |        47.3 |          46.3 |       45.9 
   ijkl-imln-jnkm |   1920 |  1920 |  1600 | 1.00 | 1.00 |      47.6 |        47.5 |          46.3 |       46.8 
   ijkl-imln-njmk |   1920 |  1600 |  1920 | 1.00 | 1.00 |      47.6 |        47.6 |          46.5 |       46.7 
   ijkl-imnj-nlkm |   1920 |  1600 |  1920 | 1.00 | 1.00 |      47.3 |        47.4 |          46.7 |       46.7 
   ijkl-imnk-njml |   1920 |  1600 |  1920 | 1.00 | 1.00 |      47.4 |        47.3 |          46.5 |       46.3 
   ijkl-minj-nlmk |   1920 |  1600 |  2304 | 1.00 | 1.00 |      46.4 |        46.3 |          45.6 |       45.8 
   ijkl-mink-jnlm |   1920 |  1920 |  1920 | 1.00 | 1.00 |      46.5 |        46.8 |          45.5 |       46.6 
   ijkl-minl-njmk |   1920 |  1600 |  2304 | 1.00 | 1.00 |      46.7 |        46.7 |          45.8 |       45.5 
     aqrs-pa-pqrs |     48 | 64000 |    48 | 0.00 | 0.00 |      39.8 |        32.2 |          30.3 |       18.9 
     abrs-qb-aqrs |     40 | 76800 |    48 | 1.00 | 1.00 |      34.7 |        34.5 |          33.7 |       19.0 
     abcs-rc-abrs |     40 | 76800 |    48 | 1.00 | 1.00 |      31.8 |        32.0 |          30.5 |       20.1 
       abj-bka-kj |  20736 |   128 |   144 | 1.00 | 1.00 |      39.6 |        39.6 |          38.9 |       26.4 
       ajb-kba-jk |  18432 |   144 |   144 | 1.00 | 1.00 |      43.6 |        43.6 |          43.0 |       37.8 
     abjc-cbka-kj |  92160 |    40 |    48 | 1.00 | 1.00 |       9.6 |         9.6 |           9.5 |       13.9 
     ajbc-ckba-jk |  92160 |    48 |    40 | 1.00 | 1.00 |      18.4 |        18.4 |          17.4 |       20.1 
     abjc-kbac-jk |  76800 |    48 |    48 | 1.00 | 1.00 |      29.5 |        29.5 |          28.4 |       18.5 
   abjcd-dkbac-jk | 230400 |    24 |    20 | 1.00 | 1.00 |      13.4 |        13.4 |          12.2 |       10.2 
   adbjc-cbdka-kj | 230400 |    20 |    24 | 1.00 | 1.00 |       5.4 |         5.4 |           5.1 |        7.5 
   ajbdc-ckbad-jk | 230400 |    24 |    20 | 1.00 | 1.00 |      13.1 |        13.1 |          12.1 |       10.6 
 abcijk-ijma-mkbc |   6912 |  1728 |    24 | 1.00 | 1.00 |      41.2 |        40.1 |          39.3 |       33.5 
 abcijk-ijmb-mkac |   3456 |  3456 |    24 | 1.00 | 0.67 |      40.8 |        40.5 |          39.2 |       24.1 
 abcijk-ijmc-mkab |   3456 |  3456 |    24 | 1.00 | 0.67 |      38.7 |        38.6 |          37.5 |       31.6 
 abcijk-ikma-mjbc |   6912 |  1728 |    24 | 1.00 | 1.00 |      40.4 |        40.6 |          39.5 |       33.6 
 abcijk-ikmb-mjac |   3456 |  3456 |    24 | 1.00 | 0.67 |      40.7 |        40.4 |          39.1 |       29.5 
 abcijk-ikmc-mjab |   3456 |  3456 |    24 | 1.00 | 0.67 |      39.1 |        39.1 |          37.9 |       25.3 
 abcijk-jkma-mibc |   6912 |  1728 |    24 | 1.00 | 1.00 |      41.7 |        41.9 |          40.2 |       33.5 
 abcijk-jkmb-miac |   3456 |  3456 |    24 | 1.00 | 0.67 |      40.7 |        40.0 |          38.2 |       16.2 
 abcijk-jkmc-miab |   3456 |  3456 |    24 | 1.00 | 0.67 |      39.4 |        39.3 |          38.0 |       21.9 
 abcijk-eiab-jkec |   3456 |  3456 |    24 | 1.00 | 0.67 |      39.5 |        39.4 |          38.0 |       21.9 
 abcijk-eiac-jkeb |   3456 |  3456 |    24 | 1.00 | 0.67 |      40.3 |        40.1 |          37.9 |       16.1 
 abcijk-eibc-jkea |   1728 |  6912 |    24 | 1.00 | 1.00 |      41.0 |        41.1 |          39.3 |       33.5 
 abcijk-ejab-ikec |   3456 |  3456 |    24 | 1.00 | 0.67 |      39.3 |        39.1 |          37.6 |       25.6 
 abcijk-ejac-ikeb |   3456 |  3456 |    24 | 1.00 | 0.67 |      40.8 |        40.3 |          38.9 |       29.7 
 abcijk-ejbc-ikea |   1728 |  6912 |    24 | 1.00 | 1.00 |      41.0 |        40.8 |          39.1 |       33.7 
 abcijk-ekab-ijec |   3456 |  3456 |    24 | 1.00 | 0.67 |      39.2 |        39.1 |          37.7 |       31.8 
 abcijk-ekac-ijeb |   3456 |  3456 |    24 | 1.00 | 0.67 |      40.7 |        40.5 |          39.1 |       24.2 
 abcijk-ekbc-ijea |   1728 |  6912 |    24 | 1.00 | 1.00 |      40.6 |        40.6 |          39.2 |       33.5 
       abc-bk-akc |    144 | 18432 |   128 | 1.00 | 1.00 |      45.2 |        45.1 |          44.7 |       36.5 

=== c64 ===
             case |      m |     n |     k | regA | regB | plan GF/s | packed GF/s | upstream GF/s | tblis GF/s 
------------------+--------+-------+-------+------+------+-----------+-------------+---------------+------------
         ij-ik-kj |   1464 |  1448 |  1464 | 1.00 | 1.00 |      48.3 |        48.3 |          48.1 |       47.0 
       ij-ikl-ljk |    144 |   128 | 18432 | 1.00 | 1.00 |      42.1 |        42.2 |          40.2 |       33.6 
       ij-kil-lkj |    144 |   128 | 20736 | 1.00 | 1.00 |      40.3 |        40.4 |          38.4 |       30.6 
       ijk-ikl-lj |  18432 |   128 |   144 | 1.00 | 1.00 |      46.6 |        46.6 |          46.0 |       36.5 
       ijk-il-jlk |    144 | 18432 |   128 | 1.00 | 1.00 |      46.2 |        46.1 |          45.6 |       42.9 
       ijk-ilk-jl |  18432 |   144 |   128 | 1.00 | 1.00 |      48.7 |        48.7 |          48.1 |       39.1 
       ijk-ilk-lj |  18432 |   128 |   144 | 1.00 | 1.00 |      47.2 |        47.2 |          46.4 |       38.1 
     ijk-ilmk-mjl |   1920 |    40 |  1920 | 1.00 | 1.00 |      41.7 |        41.8 |          40.8 |       28.4 
   ijkl-imjn-lnkm |   1920 |  1920 |  1600 | 1.00 | 0.90 |      48.0 |        48.1 |          47.7 |       46.1 
   ijkl-imjn-nlmk |   1920 |  1600 |  1920 | 1.00 | 0.90 |      48.0 |        48.0 |          47.7 |       45.4 
   ijkl-imkn-jnlm |   1920 |  1920 |  1600 | 1.00 | 1.00 |      48.3 |        48.3 |          47.7 |       45.5 
   ijkl-imkn-njml |   1920 |  1600 |  1920 | 1.00 | 0.90 |      48.3 |        48.3 |          47.7 |       45.0 
   ijkl-imln-jnkm |   1920 |  1920 |  1600 | 1.00 | 1.00 |      48.2 |        48.4 |          47.8 |       45.4 
   ijkl-imln-njmk |   1920 |  1600 |  1920 | 1.00 | 0.90 |      48.4 |        48.4 |          47.9 |       45.4 
   ijkl-imnj-nlkm |   1920 |  1600 |  1920 | 1.00 | 0.90 |      48.0 |        48.0 |          47.7 |       45.5 
   ijkl-imnk-njml |   1920 |  1600 |  1920 | 1.00 | 0.90 |      48.3 |        48.3 |          47.8 |       45.4 
   ijkl-minj-nlmk |   1920 |  1600 |  2304 | 1.00 | 0.90 |      47.2 |        47.2 |          46.8 |       45.2 
   ijkl-mink-jnlm |   1920 |  1920 |  1920 | 1.00 | 1.00 |      47.6 |        47.6 |          47.1 |       45.5 
   ijkl-minl-njmk |   1920 |  1600 |  2304 | 1.00 | 0.90 |      47.7 |        47.7 |          47.1 |       45.4 
     aqrs-pa-pqrs |     48 | 64000 |    48 | 1.00 | 1.00 |      38.9 |        38.8 |          37.5 |       29.0 
     abrs-qb-aqrs |     40 | 76800 |    48 | 1.00 | 1.00 |      39.8 |        39.9 |          39.0 |       29.4 
     abcs-rc-abrs |     40 | 76800 |    48 | 1.00 | 1.00 |      39.3 |        39.2 |          38.1 |       29.4 
       abj-bka-kj |  20736 |   128 |   144 | 1.00 | 1.00 |      41.2 |        41.2 |          40.6 |       31.0 
       ajb-kba-jk |  18432 |   144 |   144 | 1.00 | 1.00 |      48.7 |        48.7 |          48.2 |       40.6 
     abjc-cbka-kj |  92160 |    40 |    48 | 1.00 | 1.00 |      19.1 |        19.1 |          18.8 |       22.6 
     ajbc-ckba-jk |  92160 |    48 |    40 | 1.00 | 1.00 |      25.7 |        25.7 |          25.1 |       33.0 
     abjc-kbac-jk |  76800 |    48 |    48 | 1.00 | 1.00 |      40.0 |        40.0 |          39.3 |       26.4 
   abjcd-dkbac-jk | 230400 |    24 |    20 | 0.67 | 1.00 |      21.2 |        21.2 |          19.8 |       19.1 
   adbjc-cbdka-kj | 230400 |    20 |    24 | 0.67 | 1.00 |      11.6 |        11.6 |          11.3 |       17.8 
   ajbdc-ckbad-jk | 230400 |    24 |    20 | 1.00 | 1.00 |      20.3 |        20.2 |          19.2 |       19.7 
 abcijk-ijma-mkbc |   6912 |  1728 |    24 | 1.00 | 1.00 |      43.8 |        43.8 |          42.6 |       37.4 
 abcijk-ijmb-mkac |   3456 |  3456 |    24 | 1.00 | 1.00 |      45.3 |        45.4 |          43.9 |       33.4 
 abcijk-ijmc-mkab |   3456 |  3456 |    24 | 1.00 | 1.00 |      44.4 |        44.4 |          43.1 |       39.3 
 abcijk-ikma-mjbc |   6912 |  1728 |    24 | 1.00 | 1.00 |      43.7 |        43.7 |          42.4 |       37.3 
 abcijk-ikmb-mjac |   3456 |  3456 |    24 | 1.00 | 1.00 |      45.3 |        45.3 |          43.9 |       34.8 
 abcijk-ikmc-mjab |   3456 |  3456 |    24 | 1.00 | 1.00 |      44.4 |        44.4 |          43.1 |       35.4 
 abcijk-jkma-mibc |   6912 |  1728 |    24 | 1.00 | 1.00 |      43.9 |        44.0 |          42.6 |       37.4 
 abcijk-jkmb-miac |   3456 |  3456 |    24 | 1.00 | 1.00 |      45.0 |        45.0 |          43.5 |       28.0 
 abcijk-jkmc-miab |   3456 |  3456 |    24 | 1.00 | 1.00 |      44.3 |        44.4 |          43.0 |       34.3 
 abcijk-eiab-jkec |   3456 |  3456 |    24 | 1.00 | 1.00 |      44.3 |        44.3 |          42.9 |       34.8 
 abcijk-eiac-jkeb |   3456 |  3456 |    24 | 1.00 | 1.00 |      45.0 |        45.0 |          43.5 |       28.0 
 abcijk-eibc-jkea |   1728 |  6912 |    24 | 1.00 | 1.00 |      43.8 |        43.8 |          42.5 |       37.4 
 abcijk-ejab-ikec |   3456 |  3456 |    24 | 1.00 | 1.00 |      44.4 |        44.4 |          43.4 |       35.5 
 abcijk-ejac-ikeb |   3456 |  3456 |    24 | 1.00 | 1.00 |      45.3 |        45.3 |          43.9 |       35.0 
 abcijk-ejbc-ikea |   1728 |  6912 |    24 | 1.00 | 1.00 |      43.7 |        43.7 |          42.3 |       37.4 
 abcijk-ekab-ijec |   3456 |  3456 |    24 | 1.00 | 1.00 |      44.4 |        44.4 |          43.1 |       39.4 
 abcijk-ekac-ijeb |   3456 |  3456 |    24 | 1.00 | 1.00 |      45.3 |        45.3 |          43.9 |       33.3 
 abcijk-ekbc-ijea |   1728 |  6912 |    24 | 1.00 | 1.00 |      43.8 |        43.8 |          42.5 |       37.3 
       abc-bk-akc |    144 | 18432 |   128 | 1.00 | 1.00 |      48.7 |        48.7 |          48.1 |       39.3 

=== complex efficiency ratio (c64 GF/s over f64 GF/s; 1.0 = no penalty) ===
             case | plan c64/f64 | packed c64/f64 | upstream c64/f64 | tblis c64/f64 
------------------+--------------+----------------+------------------+---------------
         ij-ik-kj |        1.318 |          0.990 |            1.008 |         1.004 
       ij-ikl-ljk |        1.101 |          1.101 |            1.092 |         1.231 
       ij-kil-lkj |        1.120 |          1.118 |            1.090 |         1.210 
       ijk-ikl-lj |        1.057 |          1.058 |            1.090 |         1.058 
       ijk-il-jlk |        1.089 |          1.083 |            1.110 |         1.161 
       ijk-ilk-jl |        1.083 |          1.083 |            1.094 |         1.070 
       ijk-ilk-lj |        1.060 |          1.060 |            1.076 |         1.103 
     ijk-ilmk-mjl |        1.022 |          1.023 |            1.018 |         1.285 
   ijkl-imjn-lnkm |        1.020 |          1.021 |            1.034 |         0.975 
   ijkl-imjn-nlmk |        1.017 |          1.020 |            1.025 |         0.995 
   ijkl-imkn-jnlm |        1.018 |          1.019 |            1.032 |         0.960 
   ijkl-imkn-njml |        1.018 |          1.021 |            1.031 |         0.981 
   ijkl-imln-jnkm |        1.014 |          1.017 |            1.033 |         0.971 
   ijkl-imln-njmk |        1.018 |          1.018 |            1.030 |         0.970 
   ijkl-imnj-nlkm |        1.014 |          1.014 |            1.021 |         0.975 
   ijkl-imnk-njml |        1.018 |          1.020 |            1.028 |         0.981 
   ijkl-minj-nlmk |        1.017 |          1.021 |            1.026 |         0.988 
   ijkl-mink-jnlm |        1.024 |          1.017 |            1.034 |         0.975 
   ijkl-minl-njmk |        1.021 |          1.020 |            1.028 |         0.998 
     aqrs-pa-pqrs |        0.977 |          1.206 |            1.239 |         1.537 
     abrs-qb-aqrs |        1.148 |          1.155 |            1.157 |         1.544 
     abcs-rc-abrs |        1.235 |          1.224 |            1.250 |         1.465 
       abj-bka-kj |        1.040 |          1.041 |            1.043 |         1.176 
       ajb-kba-jk |        1.117 |          1.118 |            1.123 |         1.075 
     abjc-cbka-kj |        1.997 |          1.992 |            1.986 |         1.628 
     ajbc-ckba-jk |        1.394 |          1.396 |            1.443 |         1.639 
     abjc-kbac-jk |        1.353 |          1.355 |            1.384 |         1.430 
   abjcd-dkbac-jk |        1.583 |          1.584 |            1.625 |         1.880 
   adbjc-cbdka-kj |        2.159 |          2.155 |            2.202 |         2.365 
   ajbdc-ckbad-jk |        1.549 |          1.546 |            1.586 |         1.846 
 abcijk-ijma-mkbc |        1.064 |          1.093 |            1.084 |         1.116 
 abcijk-ijmb-mkac |        1.111 |          1.119 |            1.118 |         1.386 
 abcijk-ijmc-mkab |        1.147 |          1.152 |            1.148 |         1.246 
 abcijk-ikma-mjbc |        1.081 |          1.077 |            1.072 |         1.110 
 abcijk-ikmb-mjac |        1.114 |          1.122 |            1.120 |         1.178 
 abcijk-ikmc-mjab |        1.134 |          1.136 |            1.137 |         1.398 
 abcijk-jkma-mibc |        1.052 |          1.051 |            1.060 |         1.117 
 abcijk-jkmb-miac |        1.106 |          1.125 |            1.140 |         1.728 
 abcijk-jkmc-miab |        1.127 |          1.128 |            1.131 |         1.563 
 abcijk-eiab-jkec |        1.122 |          1.124 |            1.130 |         1.589 
 abcijk-eiac-jkeb |        1.116 |          1.122 |            1.147 |         1.742 
 abcijk-eibc-jkea |        1.068 |          1.066 |            1.081 |         1.116 
 abcijk-ejab-ikec |        1.130 |          1.137 |            1.152 |         1.388 
 abcijk-ejac-ikeb |        1.109 |          1.125 |            1.130 |         1.178 
 abcijk-ejbc-ikea |        1.067 |          1.071 |            1.082 |         1.109 
 abcijk-ekab-ijec |        1.133 |          1.135 |            1.144 |         1.240 
 abcijk-ekac-ijeb |        1.113 |          1.117 |            1.122 |         1.376 
 abcijk-ekbc-ijea |        1.078 |          1.079 |            1.086 |         1.113 
       abc-bk-akc |        1.077 |          1.080 |            1.077 |         1.075 
             MEAN |        1.154 |          1.154 |            1.165 |         1.270 

wrote /home/shinaoka/projects/tensor4all/tprims-rs/benchmarks/benchmarks/tcbench/results/scaling-single-l3/candidate/A-16m-1t.pending.csv
