# threads: requested=4 pool=4 budget=4
host        : shinaoka-EVO-X1Pro
target      : x86_64 / linux
cpu features: avx2 fma avx512f avx512dq 
caches      : L1=48KiB/12-way/2sh L2=1024KiB/16-way/2sh L3=8192KiB/16-way/16sh (via sysfs), blocking=legacy
l3 domains  : t1=1 t4=1 t8=1
baselines   : tblis=true blas=false
tblis       : abi 2.x, 4 thread(s)

running 49 cases at 16 MiB nominal tensor size, 5 reps, stress=none


=== f64 ===
             case |      m |     n |     k | regA | regB | plan GF/s | packed GF/s | upstream GF/s | tblis GF/s 
------------------+--------+-------+-------+------+------+-----------+-------------+---------------+------------
         ij-ik-kj |   1464 |  1448 |  1464 | 0.00 | 0.00 |     144.5 |       130.3 |         127.5 |      173.3 
       ij-ikl-ljk |    144 |   128 | 18432 | 1.00 | 1.00 |     102.0 |       102.3 |          97.6 |       88.8 
       ij-kil-lkj |    144 |   128 | 20736 | 1.00 | 1.00 |      97.8 |        97.3 |          95.5 |       80.3 
       ijk-ikl-lj |  18432 |   128 |   144 | 1.00 | 1.00 |     162.3 |       161.1 |         157.7 |      105.0 
       ijk-il-jlk |    144 | 18432 |   128 | 1.00 | 1.00 |     125.9 |       127.1 |         120.7 |      142.5 
       ijk-ilk-jl |  18432 |   144 |   128 | 1.00 | 1.00 |     155.5 |       174.5 |         166.0 |      126.4 
       ijk-ilk-lj |  18432 |   128 |   144 | 1.00 | 1.00 |     168.7 |       171.2 |         166.0 |      118.4 
     ijk-ilmk-mjl |   1920 |    40 |  1920 | 1.00 | 1.00 |     124.1 |       126.4 |         132.9 |       82.2 
   ijkl-imjn-lnkm |   1920 |  1920 |  1600 | 1.00 | 1.00 |     179.7 |       179.9 |         176.9 |      178.4 
   ijkl-imjn-nlmk |   1920 |  1600 |  1920 | 1.00 | 1.00 |     179.9 |       179.9 |         177.8 |      174.1 
   ijkl-imkn-jnlm |   1920 |  1920 |  1600 | 1.00 | 1.00 |     181.3 |       181.3 |         177.1 |      175.3 
   ijkl-imkn-njml |   1920 |  1600 |  1920 | 1.00 | 1.00 |     181.6 |       181.4 |         179.1 |      173.3 
   ijkl-imln-jnkm |   1920 |  1920 |  1600 | 1.00 | 1.00 |     181.9 |       181.5 |         178.5 |      173.9 
   ijkl-imln-njmk |   1920 |  1600 |  1920 | 1.00 | 1.00 |     181.8 |       182.1 |         179.1 |      173.3 
   ijkl-imnj-nlkm |   1920 |  1600 |  1920 | 1.00 | 1.00 |     178.6 |       178.7 |         177.0 |      176.6 
   ijkl-imnk-njml |   1920 |  1600 |  1920 | 1.00 | 1.00 |     180.3 |       181.4 |         176.4 |      175.4 
   ijkl-minj-nlmk |   1920 |  1600 |  2304 | 1.00 | 1.00 |     177.8 |       177.7 |         175.6 |      172.4 
   ijkl-mink-jnlm |   1920 |  1920 |  1920 | 1.00 | 1.00 |     179.9 |       179.3 |         175.9 |      175.4 
   ijkl-minl-njmk |   1920 |  1600 |  2304 | 1.00 | 1.00 |     179.3 |       179.6 |         175.3 |      171.2 
     aqrs-pa-pqrs |     48 | 64000 |    48 | 0.00 | 0.00 |     136.2 |       109.9 |         105.1 |       61.7 
     abrs-qb-aqrs |     40 | 76800 |    48 | 1.00 | 1.00 |     129.6 |       130.1 |         124.8 |       69.1 
     abcs-rc-abrs |     40 | 76800 |    48 | 1.00 | 1.00 |     119.3 |       121.8 |         111.0 |       62.1 
       abj-bka-kj |  20736 |   128 |   144 | 1.00 | 1.00 |     138.1 |       136.1 |         132.7 |       80.3 
       ajb-kba-jk |  18432 |   144 |   144 | 1.00 | 1.00 |     156.0 |       163.0 |         155.7 |      126.7 
     abjc-cbka-kj |  92160 |    40 |    48 | 1.00 | 1.00 |      27.4 |        27.6 |          26.2 |       40.6 
     ajbc-ckba-jk |  92160 |    48 |    40 | 1.00 | 1.00 |      47.3 |        46.8 |          44.9 |       60.0 
     abjc-kbac-jk |  76800 |    48 |    48 | 1.00 | 1.00 |     107.9 |        97.3 |          89.6 |       55.7 
   abjcd-dkbac-jk | 230400 |    24 |    20 | 1.00 | 1.00 |      31.4 |        31.5 |          29.7 |       30.0 
   adbjc-cbdka-kj | 230400 |    20 |    24 | 1.00 | 1.00 |      16.4 |        16.6 |          15.8 |       18.1 
   ajbdc-ckbad-jk | 230400 |    24 |    20 | 1.00 | 1.00 |      31.1 |        31.4 |          29.6 |       32.0 
 abcijk-ijma-mkbc |   6912 |  1728 |    24 | 1.00 | 1.00 |     130.0 |       130.4 |         123.4 |      110.2 
 abcijk-ijmb-mkac |   3456 |  3456 |    24 | 1.00 | 0.67 |     124.0 |       124.2 |         116.7 |       64.2 
 abcijk-ijmc-mkab |   3456 |  3456 |    24 | 1.00 | 0.67 |     118.1 |       119.4 |         112.5 |       83.1 
 abcijk-ikma-mjbc |   6912 |  1728 |    24 | 1.00 | 1.00 |     130.2 |       131.0 |         121.7 |      109.6 
 abcijk-ikmb-mjac |   3456 |  3456 |    24 | 1.00 | 0.67 |     124.2 |       124.3 |         116.2 |       89.2 
 abcijk-ikmc-mjab |   3456 |  3456 |    24 | 1.00 | 0.67 |     119.3 |       117.6 |         112.5 |       77.3 
 abcijk-jkma-mibc |   6912 |  1728 |    24 | 1.00 | 1.00 |     133.2 |       132.4 |         124.1 |      111.2 
 abcijk-jkmb-miac |   3456 |  3456 |    24 | 1.00 | 0.67 |     123.4 |       122.7 |         115.7 |       48.6 
 abcijk-jkmc-miab |   3456 |  3456 |    24 | 1.00 | 0.67 |     118.7 |       119.2 |         114.5 |       60.8 
 abcijk-eiab-jkec |   3456 |  3456 |    24 | 1.00 | 0.67 |     118.2 |       118.1 |         114.0 |       61.8 
 abcijk-eiac-jkeb |   3456 |  3456 |    24 | 1.00 | 0.67 |     122.8 |       123.4 |         115.7 |       48.4 
 abcijk-eibc-jkea |   1728 |  6912 |    24 | 1.00 | 1.00 |     133.7 |       133.5 |         123.6 |      111.7 
 abcijk-ejab-ikec |   3456 |  3456 |    24 | 1.00 | 0.67 |     118.9 |       118.9 |         113.2 |       77.4 
 abcijk-ejac-ikeb |   3456 |  3456 |    24 | 1.00 | 0.67 |     123.3 |       123.6 |         116.3 |       90.1 
 abcijk-ejbc-ikea |   1728 |  6912 |    24 | 1.00 | 1.00 |     130.2 |       129.9 |         121.8 |      109.5 
 abcijk-ekab-ijec |   3456 |  3456 |    24 | 1.00 | 0.67 |     118.6 |       117.8 |         112.3 |       84.4 
 abcijk-ekac-ijeb |   3456 |  3456 |    24 | 1.00 | 0.67 |     124.1 |       124.0 |         117.7 |       64.9 
 abcijk-ekbc-ijea |   1728 |  6912 |    24 | 1.00 | 1.00 |     130.5 |       130.6 |         121.6 |      109.8 
       abc-bk-akc |    144 | 18432 |   128 | 1.00 | 1.00 |     154.9 |       171.1 |         169.2 |      125.3 

=== c64 ===
             case |      m |     n |     k | regA | regB | plan GF/s | packed GF/s | upstream GF/s | tblis GF/s 
------------------+--------+-------+-------+------+------+-----------+-------------+---------------+------------
         ij-ik-kj |   1464 |  1448 |  1464 | 1.00 | 1.00 |     191.0 |       191.0 |         189.4 |      184.6 
       ij-ikl-ljk |    144 |   128 | 18432 | 1.00 | 1.00 |     120.7 |       120.0 |         116.2 |      117.7 
       ij-kil-lkj |    144 |   128 | 20736 | 1.00 | 1.00 |     116.7 |       116.5 |         111.0 |      107.5 
       ijk-ikl-lj |  18432 |   128 |   144 | 1.00 | 1.00 |     179.5 |       181.1 |         177.7 |      134.3 
       ijk-il-jlk |    144 | 18432 |   128 | 1.00 | 1.00 |     138.1 |       137.9 |         136.7 |      167.9 
       ijk-ilk-jl |  18432 |   144 |   128 | 1.00 | 1.00 |     189.3 |       190.9 |         187.7 |      147.0 
       ijk-ilk-lj |  18432 |   128 |   144 | 1.00 | 1.00 |     184.8 |       185.1 |         182.5 |      143.6 
     ijk-ilmk-mjl |   1920 |    40 |  1920 | 1.00 | 1.00 |     147.9 |       148.3 |         145.2 |      108.1 
   ijkl-imjn-lnkm |   1920 |  1920 |  1600 | 1.00 | 0.90 |     187.5 |       187.3 |         184.5 |      180.4 
   ijkl-imjn-nlmk |   1920 |  1600 |  1920 | 1.00 | 0.90 |     187.9 |       188.1 |         186.7 |      180.3 
   ijkl-imkn-jnlm |   1920 |  1920 |  1600 | 1.00 | 1.00 |     190.0 |       189.9 |         187.8 |      179.2 
   ijkl-imkn-njml |   1920 |  1600 |  1920 | 1.00 | 0.90 |     189.3 |       189.3 |         187.5 |      179.1 
   ijkl-imln-jnkm |   1920 |  1920 |  1600 | 1.00 | 1.00 |     190.6 |       190.6 |         188.4 |      179.3 
   ijkl-imln-njmk |   1920 |  1600 |  1920 | 1.00 | 0.90 |     190.0 |       190.0 |         187.9 |      179.7 
   ijkl-imnj-nlkm |   1920 |  1600 |  1920 | 1.00 | 0.90 |     187.9 |       187.8 |         186.6 |      180.9 
   ijkl-imnk-njml |   1920 |  1600 |  1920 | 1.00 | 0.90 |     189.6 |       189.6 |         187.8 |      179.9 
   ijkl-minj-nlmk |   1920 |  1600 |  2304 | 1.00 | 0.90 |     185.3 |       185.2 |         183.7 |      178.4 
   ijkl-mink-jnlm |   1920 |  1920 |  1920 | 1.00 | 1.00 |     188.2 |       188.2 |         185.7 |      179.6 
   ijkl-minl-njmk |   1920 |  1600 |  2304 | 1.00 | 0.90 |     187.7 |       187.7 |         185.3 |      178.7 
     aqrs-pa-pqrs |     48 | 64000 |    48 | 1.00 | 1.00 |     148.9 |       149.3 |         143.5 |      113.1 
     abrs-qb-aqrs |     40 | 76800 |    48 | 1.00 | 1.00 |     155.2 |       155.8 |         151.4 |      100.3 
     abcs-rc-abrs |     40 | 76800 |    48 | 1.00 | 1.00 |     149.5 |       148.6 |         145.5 |       95.8 
       abj-bka-kj |  20736 |   128 |   144 | 1.00 | 1.00 |     156.9 |       156.3 |         153.4 |      114.6 
       ajb-kba-jk |  18432 |   144 |   144 | 1.00 | 1.00 |     189.7 |       189.1 |         186.5 |      152.5 
     abjc-cbka-kj |  92160 |    40 |    48 | 1.00 | 1.00 |      70.7 |        71.0 |          68.8 |       75.9 
     ajbc-ckba-jk |  92160 |    48 |    40 | 1.00 | 1.00 |      96.7 |        97.2 |          94.9 |      104.9 
     abjc-kbac-jk |  76800 |    48 |    48 | 1.00 | 1.00 |     154.3 |       156.1 |         152.4 |       78.5 
   abjcd-dkbac-jk | 230400 |    24 |    20 | 0.67 | 1.00 |      67.8 |        68.3 |          64.9 |       62.2 
   adbjc-cbdka-kj | 230400 |    20 |    24 | 0.67 | 1.00 |      36.2 |        37.8 |          36.1 |       47.6 
   ajbdc-ckbad-jk | 230400 |    24 |    20 | 1.00 | 1.00 |      58.3 |        58.0 |          55.9 |       67.7 
 abcijk-ijma-mkbc |   6912 |  1728 |    24 | 1.00 | 1.00 |     166.4 |       166.1 |         160.9 |      142.3 
 abcijk-ijmb-mkac |   3456 |  3456 |    24 | 1.00 | 1.00 |     171.0 |       170.9 |         166.1 |      108.0 
 abcijk-ijmc-mkab |   3456 |  3456 |    24 | 1.00 | 1.00 |     168.5 |       170.5 |         165.1 |      140.4 
 abcijk-ikma-mjbc |   6912 |  1728 |    24 | 1.00 | 1.00 |     166.0 |       165.1 |         159.3 |      142.7 
 abcijk-ikmb-mjac |   3456 |  3456 |    24 | 1.00 | 1.00 |     170.8 |       170.8 |         167.1 |      127.9 
 abcijk-ikmc-mjab |   3456 |  3456 |    24 | 1.00 | 1.00 |     168.6 |       168.7 |         166.5 |      124.0 
 abcijk-jkma-mibc |   6912 |  1728 |    24 | 1.00 | 1.00 |     165.1 |       164.8 |         161.5 |      143.1 
 abcijk-jkmb-miac |   3456 |  3456 |    24 | 1.00 | 1.00 |     173.1 |       169.8 |         165.6 |       85.3 
 abcijk-jkmc-miab |   3456 |  3456 |    24 | 1.00 | 1.00 |     166.8 |       166.9 |         163.0 |       99.5 
 abcijk-eiab-jkec |   3456 |  3456 |    24 | 1.00 | 1.00 |     166.3 |       166.9 |         163.5 |      101.5 
 abcijk-eiac-jkeb |   3456 |  3456 |    24 | 1.00 | 1.00 |     171.1 |       171.1 |         169.3 |       84.5 
 abcijk-eibc-jkea |   1728 |  6912 |    24 | 1.00 | 1.00 |     165.7 |       167.0 |         161.3 |      143.1 
 abcijk-ejab-ikec |   3456 |  3456 |    24 | 1.00 | 1.00 |     168.5 |       167.8 |         165.6 |      124.8 
 abcijk-ejac-ikeb |   3456 |  3456 |    24 | 1.00 | 1.00 |     171.0 |       170.9 |         166.3 |      129.4 
 abcijk-ejbc-ikea |   1728 |  6912 |    24 | 1.00 | 1.00 |     165.3 |       166.0 |         158.8 |      142.4 
 abcijk-ekab-ijec |   3456 |  3456 |    24 | 1.00 | 1.00 |     168.9 |       168.7 |         165.4 |      139.4 
 abcijk-ekac-ijeb |   3456 |  3456 |    24 | 1.00 | 1.00 |     171.1 |       170.9 |         166.3 |      108.6 
 abcijk-ekbc-ijea |   1728 |  6912 |    24 | 1.00 | 1.00 |     165.8 |       165.3 |         160.2 |      142.7 
       abc-bk-akc |    144 | 18432 |   128 | 1.00 | 1.00 |     189.6 |       190.7 |         187.2 |      146.6 

=== complex efficiency ratio (c64 GF/s over f64 GF/s; 1.0 = no penalty) ===
             case | plan c64/f64 | packed c64/f64 | upstream c64/f64 | tblis c64/f64 
------------------+--------------+----------------+------------------+---------------
         ij-ik-kj |        1.322 |          1.466 |            1.486 |         1.065 
       ij-ikl-ljk |        1.184 |          1.173 |            1.191 |         1.326 
       ij-kil-lkj |        1.194 |          1.197 |            1.163 |         1.339 
       ijk-ikl-lj |        1.106 |          1.124 |            1.126 |         1.279 
       ijk-il-jlk |        1.097 |          1.085 |            1.133 |         1.178 
       ijk-ilk-jl |        1.217 |          1.094 |            1.130 |         1.163 
       ijk-ilk-lj |        1.095 |          1.081 |            1.099 |         1.213 
     ijk-ilmk-mjl |        1.191 |          1.173 |            1.093 |         1.315 
   ijkl-imjn-lnkm |        1.043 |          1.041 |            1.043 |         1.011 
   ijkl-imjn-nlmk |        1.045 |          1.045 |            1.050 |         1.036 
   ijkl-imkn-jnlm |        1.048 |          1.047 |            1.060 |         1.023 
   ijkl-imkn-njml |        1.042 |          1.043 |            1.047 |         1.033 
   ijkl-imln-jnkm |        1.048 |          1.050 |            1.056 |         1.031 
   ijkl-imln-njmk |        1.045 |          1.043 |            1.049 |         1.037 
   ijkl-imnj-nlkm |        1.052 |          1.051 |            1.054 |         1.024 
   ijkl-imnk-njml |        1.052 |          1.045 |            1.065 |         1.025 
   ijkl-minj-nlmk |        1.042 |          1.043 |            1.046 |         1.035 
   ijkl-mink-jnlm |        1.046 |          1.049 |            1.056 |         1.024 
   ijkl-minl-njmk |        1.047 |          1.045 |            1.057 |         1.044 
     aqrs-pa-pqrs |        1.094 |          1.359 |            1.366 |         1.834 
     abrs-qb-aqrs |        1.198 |          1.197 |            1.213 |         1.453 
     abcs-rc-abrs |        1.253 |          1.220 |            1.310 |         1.543 
       abj-bka-kj |        1.136 |          1.149 |            1.156 |         1.427 
       ajb-kba-jk |        1.216 |          1.160 |            1.198 |         1.203 
     abjc-cbka-kj |        2.578 |          2.571 |            2.623 |         1.871 
     ajbc-ckba-jk |        2.046 |          2.076 |            2.112 |         1.748 
     abjc-kbac-jk |        1.429 |          1.604 |            1.702 |         1.409 
   abjcd-dkbac-jk |        2.159 |          2.170 |            2.190 |         2.077 
   adbjc-cbdka-kj |        2.210 |          2.281 |            2.276 |         2.623 
   ajbdc-ckbad-jk |        1.873 |          1.846 |            1.887 |         2.111 
 abcijk-ijma-mkbc |        1.280 |          1.274 |            1.303 |         1.291 
 abcijk-ijmb-mkac |        1.379 |          1.377 |            1.424 |         1.684 
 abcijk-ijmc-mkab |        1.427 |          1.428 |            1.468 |         1.689 
 abcijk-ikma-mjbc |        1.275 |          1.260 |            1.309 |         1.301 
 abcijk-ikmb-mjac |        1.375 |          1.375 |            1.438 |         1.433 
 abcijk-ikmc-mjab |        1.413 |          1.435 |            1.480 |         1.604 
 abcijk-jkma-mibc |        1.240 |          1.245 |            1.301 |         1.287 
 abcijk-jkmb-miac |        1.403 |          1.384 |            1.431 |         1.754 
 abcijk-jkmc-miab |        1.406 |          1.400 |            1.424 |         1.636 
 abcijk-eiab-jkec |        1.407 |          1.413 |            1.434 |         1.643 
 abcijk-eiac-jkeb |        1.394 |          1.387 |            1.463 |         1.744 
 abcijk-eibc-jkea |        1.239 |          1.251 |            1.305 |         1.281 
 abcijk-ejab-ikec |        1.418 |          1.412 |            1.464 |         1.612 
 abcijk-ejac-ikeb |        1.386 |          1.383 |            1.430 |         1.437 
 abcijk-ejbc-ikea |        1.270 |          1.278 |            1.304 |         1.301 
 abcijk-ekab-ijec |        1.424 |          1.432 |            1.473 |         1.652 
 abcijk-ekac-ijeb |        1.379 |          1.379 |            1.413 |         1.673 
 abcijk-ekbc-ijea |        1.270 |          1.266 |            1.318 |         1.299 
       abc-bk-akc |        1.224 |          1.114 |            1.106 |         1.170 
             MEAN |        1.321 |          1.327 |            1.354 |         1.408 

wrote /home/shinaoka/projects/tensor4all/tprims-rs/benchmarks/benchmarks/tcbench/results/scaling-single-l3/candidate/A-16m-4t.pending.csv
