# threads: requested=8 pool=8 budget=8
host        : shinaoka-EVO-X1Pro
target      : x86_64 / linux
cpu features: avx2 fma avx512f avx512dq 
caches      : L1=48KiB/12-way/2sh L2=1024KiB/16-way/2sh L3=8192KiB/16-way/16sh (via sysfs), blocking=legacy
l3 domains  : t1=1 t4=1 t8=1 t16=2
baselines   : tblis=true blas=false
tblis       : abi 2.x, 8 thread(s)

running 49 cases at 1 MiB nominal tensor size, 5 reps, stress=none


=== f64 ===
             case |     m |    n |    k | regA | regB | plan GF/s | packed GF/s | upstream GF/s | tblis GF/s 
------------------+-------+------+------+------+------+-----------+-------------+---------------+------------
         ij-ik-kj |   384 |  364 |  384 | 0.00 | 0.00 |     249.6 |       257.5 |         183.9 |      177.9 
       ij-ikl-ljk |    72 |   52 | 3744 | 1.00 | 1.00 |      88.0 |        93.0 |          68.5 |       48.5 
       ij-kil-lkj |    72 |   52 | 5184 | 1.00 | 1.00 |      88.7 |        88.6 |          69.1 |       48.2 
       ijk-ikl-lj |  3744 |   52 |   72 | 1.00 | 1.00 |     199.5 |       195.6 |         110.5 |      120.2 
       ijk-il-jlk |    72 | 3744 |   52 | 1.00 | 1.00 |      72.0 |       218.5 |         126.7 |      129.3 
       ijk-ilk-jl |  3744 |   72 |   52 | 1.00 | 1.00 |     206.5 |       210.9 |          80.8 |      129.8 
       ijk-ilk-lj |  3744 |   52 |   72 | 1.00 | 1.00 |     197.7 |       203.2 |         106.2 |      119.9 
     ijk-ilmk-mjl |   480 |   20 |  480 | 1.00 | 1.00 |     109.7 |       115.2 |          45.1 |       58.8 
   ijkl-imjn-lnkm |   480 |  480 |  400 | 1.00 | 0.80 |     214.5 |       214.3 |         187.7 |      186.4 
   ijkl-imjn-nlmk |   480 |  400 |  480 | 1.00 | 0.80 |     232.0 |       236.9 |         205.9 |      210.7 
   ijkl-imkn-jnlm |   480 |  480 |  400 | 1.00 | 1.00 |     305.7 |       313.0 |         262.5 |      268.1 
   ijkl-imkn-njml |   480 |  400 |  480 | 1.00 | 0.80 |     303.7 |       309.0 |         270.5 |      260.9 
   ijkl-imln-jnkm |   480 |  480 |  400 | 1.00 | 1.00 |     306.6 |       306.7 |         263.7 |      265.2 
   ijkl-imln-njmk |   480 |  400 |  480 | 1.00 | 0.80 |     307.7 |       314.0 |         266.9 |      267.1 
   ijkl-imnj-nlkm |   480 |  400 |  480 | 1.00 | 0.80 |     301.5 |       297.0 |         259.9 |      262.6 
   ijkl-imnk-njml |   480 |  400 |  480 | 1.00 | 0.80 |     312.7 |       312.6 |         265.5 |      265.1 
   ijkl-minj-nlmk |   480 |  400 |  576 | 1.00 | 0.80 |     299.8 |       303.4 |         261.8 |      255.9 
   ijkl-mink-jnlm |   480 |  480 |  480 | 1.00 | 1.00 |     308.1 |       309.7 |         271.2 |      263.7 
   ijkl-minl-njmk |   480 |  400 |  576 | 1.00 | 0.80 |     303.2 |       308.5 |         265.1 |      262.5 
     aqrs-pa-pqrs |    24 | 8000 |   24 | 0.00 | 0.00 |      87.8 |        30.4 |          77.9 |       61.8 
     abrs-qb-aqrs |    20 | 9600 |   24 | 1.00 | 1.00 |     161.3 |       174.4 |          63.8 |       57.4 
     abcs-rc-abrs |    20 | 9600 |   24 | 1.00 | 1.00 |     166.8 |       172.1 |          58.8 |       57.6 
       abj-bka-kj |  5184 |   52 |   72 | 1.00 | 1.00 |     241.9 |       245.1 |         132.9 |      151.3 
       ajb-kba-jk |  3744 |   72 |   72 | 1.00 | 1.00 |     302.1 |       305.5 |         169.2 |      197.2 
     abjc-cbka-kj | 11520 |   20 |   24 | 1.00 | 1.00 |      70.4 |        70.3 |          42.5 |       57.3 
     ajbc-ckba-jk | 11520 |   24 |   20 | 1.00 | 1.00 |     121.2 |       126.7 |          51.1 |       62.1 
     abjc-kbac-jk |  9600 |   24 |   24 | 1.00 | 1.00 |     181.3 |       180.7 |          64.2 |       68.8 
   abjcd-dkbac-jk | 82944 |   24 |   12 | 1.00 | 1.00 |      45.5 |        50.9 |          42.9 |       31.3 
   adbjc-cbdka-kj | 82944 |   12 |   24 | 1.00 | 1.00 |      15.2 |        15.6 |          14.3 |       23.0 
   ajbdc-ckbad-jk | 82944 |   24 |   12 | 1.00 | 1.00 |      48.3 |        49.1 |          41.2 |       33.2 
 abcijk-ijma-mkbc |  4608 |  512 |   24 | 1.00 | 1.00 |     193.3 |       216.9 |         139.2 |      168.5 
 abcijk-ijmb-mkac |  1536 | 1536 |   24 | 1.00 | 1.00 |     205.2 |       249.8 |         180.0 |      103.2 
 abcijk-ijmc-mkab |  1536 | 1536 |   24 | 1.00 | 1.00 |     213.2 |       243.2 |         175.8 |      141.5 
 abcijk-ikma-mjbc |  4608 |  512 |   24 | 1.00 | 1.00 |     195.1 |       216.7 |         133.7 |      160.3 
 abcijk-ikmb-mjac |  1536 | 1536 |   24 | 1.00 | 1.00 |     222.3 |       257.0 |         175.9 |      148.2 
 abcijk-ikmc-mjab |  1536 | 1536 |   24 | 1.00 | 1.00 |     215.3 |       229.8 |         171.7 |      110.0 
 abcijk-jkma-mibc |  4608 |  512 |   24 | 1.00 | 1.00 |     183.3 |       184.5 |         136.4 |      170.8 
 abcijk-jkmb-miac |  1536 | 1536 |   24 | 1.00 | 1.00 |     216.0 |       243.5 |         173.5 |      104.2 
 abcijk-jkmc-miab |  1536 | 1536 |   24 | 1.00 | 1.00 |     197.2 |       231.3 |         173.7 |      123.7 
 abcijk-eiab-jkec |  1536 | 1536 |   24 | 1.00 | 1.00 |     200.0 |       218.4 |         165.5 |      122.7 
 abcijk-eiac-jkeb |  1536 | 1536 |   24 | 1.00 | 1.00 |     214.0 |       266.3 |         191.3 |      104.7 
 abcijk-eibc-jkea |   512 | 4608 |   24 | 1.00 | 1.00 |     158.2 |       160.5 |         141.0 |      181.8 
 abcijk-ejab-ikec |  1536 | 1536 |   24 | 1.00 | 1.00 |     217.3 |       236.5 |         159.7 |      114.5 
 abcijk-ejac-ikeb |  1536 | 1536 |   24 | 1.00 | 1.00 |     214.2 |       245.7 |         181.9 |      145.2 
 abcijk-ejbc-ikea |   512 | 4608 |   24 | 1.00 | 1.00 |     189.3 |       209.2 |         135.8 |      167.2 
 abcijk-ekab-ijec |  1536 | 1536 |   24 | 1.00 | 1.00 |     191.9 |       243.7 |         170.5 |      134.5 
 abcijk-ekac-ijeb |  1536 | 1536 |   24 | 1.00 | 1.00 |     208.3 |       253.8 |         186.0 |      103.1 
 abcijk-ekbc-ijea |   512 | 4608 |   24 | 1.00 | 1.00 |     188.5 |       199.1 |         135.6 |      166.0 
       abc-bk-akc |    72 | 3744 |   52 | 1.00 | 1.00 |     151.6 |       301.2 |         106.5 |      181.8 

=== c64 ===
             case |     m |    n |    k | regA | regB | plan GF/s | packed GF/s | upstream GF/s | tblis GF/s 
------------------+-------+------+------+------+------+-----------+-------------+---------------+------------
         ij-ik-kj |   384 |  364 |  384 | 1.00 | 1.00 |     268.9 |       272.2 |         240.6 |      236.0 
       ij-ikl-ljk |    72 |   52 | 3744 | 1.00 | 1.00 |     115.2 |       115.9 |         102.6 |      115.5 
       ij-kil-lkj |    72 |   52 | 5184 | 1.00 | 1.00 |     104.0 |       103.8 |          92.8 |      110.4 
       ijk-ikl-lj |  3744 |   52 |   72 | 1.00 | 1.00 |     234.7 |       239.2 |         190.4 |      182.5 
       ijk-il-jlk |    72 | 3744 |   52 | 1.00 | 1.00 |     224.4 |       223.8 |         182.3 |      203.7 
       ijk-ilk-jl |  3744 |   72 |   52 | 0.89 | 1.00 |     249.6 |       251.0 |         135.3 |      205.1 
       ijk-ilk-lj |  3744 |   52 |   72 | 0.89 | 1.00 |     232.0 |       238.7 |         190.2 |      188.7 
     ijk-ilmk-mjl |   480 |   20 |  480 | 0.67 | 1.00 |     171.1 |       171.5 |         109.9 |      138.0 
   ijkl-imjn-lnkm |   480 |  480 |  400 | 0.67 | 0.80 |     243.8 |       244.2 |         229.1 |      218.6 
   ijkl-imjn-nlmk |   480 |  400 |  480 | 0.67 | 0.81 |     285.6 |       285.5 |         270.3 |      301.3 
   ijkl-imkn-jnlm |   480 |  480 |  400 | 0.67 | 1.00 |     336.4 |       340.9 |         313.0 |      297.1 
   ijkl-imkn-njml |   480 |  400 |  480 | 0.67 | 0.81 |     342.9 |       341.1 |         320.5 |      315.1 
   ijkl-imln-jnkm |   480 |  480 |  400 | 0.67 | 1.00 |     341.1 |       341.1 |         314.3 |      297.8 
   ijkl-imln-njmk |   480 |  400 |  480 | 0.67 | 0.81 |     345.5 |       343.1 |         322.1 |      319.4 
   ijkl-imnj-nlkm |   480 |  400 |  480 | 0.67 | 0.81 |     341.9 |       341.4 |         321.4 |      316.4 
   ijkl-imnk-njml |   480 |  400 |  480 | 0.67 | 0.81 |     340.7 |       341.2 |         321.7 |      319.3 
   ijkl-minj-nlmk |   480 |  400 |  576 | 0.67 | 0.81 |     331.3 |       327.9 |         306.9 |      298.8 
   ijkl-mink-jnlm |   480 |  480 |  480 | 0.67 | 1.00 |     340.0 |       338.8 |         317.6 |      304.5 
   ijkl-minl-njmk |   480 |  400 |  576 | 0.67 | 0.81 |     334.1 |       334.8 |         313.9 |      310.4 
     aqrs-pa-pqrs |    24 | 8000 |   24 | 1.00 | 1.00 |     174.1 |       168.1 |         126.0 |      152.7 
     abrs-qb-aqrs |    20 | 9600 |   24 | 1.00 | 1.00 |     275.4 |       277.6 |         137.0 |      139.7 
     abcs-rc-abrs |    20 | 9600 |   24 | 1.00 | 1.00 |     243.1 |       247.8 |         131.4 |      144.1 
       abj-bka-kj |  5184 |   52 |   72 | 0.89 | 1.00 |     292.2 |       299.2 |         239.1 |      190.2 
       ajb-kba-jk |  3744 |   72 |   72 | 0.89 | 1.00 |     346.2 |       345.5 |         268.2 |      266.3 
     abjc-cbka-kj | 11520 |   20 |   24 | 0.67 | 1.00 |     169.6 |       168.3 |         114.7 |      125.6 
     ajbc-ckba-jk | 11520 |   24 |   20 | 1.00 | 1.00 |     179.1 |       188.8 |          29.6 |      133.3 
     abjc-kbac-jk |  9600 |   24 |   24 | 0.67 | 1.00 |     275.6 |       276.8 |         160.2 |      160.4 
   abjcd-dkbac-jk | 82944 |   24 |   12 | 0.67 | 1.00 |      84.1 |        83.6 |          78.8 |       64.0 
   adbjc-cbdka-kj | 82944 |   12 |   24 | 0.67 | 1.00 |      50.2 |        51.0 |          49.8 |       42.3 
   ajbdc-ckbad-jk | 82944 |   24 |   12 | 1.00 | 1.00 |      81.8 |        82.1 |          46.3 |       67.4 
 abcijk-ijma-mkbc |  4608 |  512 |   24 | 1.00 | 0.97 |     292.3 |       268.7 |         137.9 |      205.1 
 abcijk-ijmb-mkac |  1536 | 1536 |   24 | 1.00 | 0.75 |     288.1 |       283.0 |         237.4 |      166.5 
 abcijk-ijmc-mkab |  1536 | 1536 |   24 | 1.00 | 0.50 |     276.2 |       253.3 |         243.3 |      212.4 
 abcijk-ikma-mjbc |  4608 |  512 |   24 | 1.00 | 0.97 |     281.5 |       266.3 |         139.3 |      205.4 
 abcijk-ikmb-mjac |  1536 | 1536 |   24 | 1.00 | 0.75 |     292.7 |       282.5 |         238.5 |      182.2 
 abcijk-ikmc-mjab |  1536 | 1536 |   24 | 1.00 | 0.50 |     277.0 |       254.1 |         234.6 |      180.6 
 abcijk-jkma-mibc |  4608 |  512 |   24 | 1.00 | 0.97 |     293.5 |       284.7 |         144.1 |      218.8 
 abcijk-jkmb-miac |  1536 | 1536 |   24 | 1.00 | 0.75 |     285.5 |       279.5 |         235.2 |      156.9 
 abcijk-jkmc-miab |  1536 | 1536 |   24 | 1.00 | 0.50 |     257.2 |       256.2 |         244.4 |      200.0 
 abcijk-eiab-jkec |  1536 | 1536 |   24 | 1.00 | 0.50 |     258.0 |       256.1 |         239.8 |      193.3 
 abcijk-eiac-jkeb |  1536 | 1536 |   24 | 1.00 | 0.75 |     285.4 |       292.5 |         233.6 |      158.3 
 abcijk-eibc-jkea |   512 | 4608 |   24 | 1.00 | 0.97 |     294.6 |       293.8 |         148.4 |      220.2 
 abcijk-ejab-ikec |  1536 | 1536 |   24 | 1.00 | 0.50 |     253.9 |       275.1 |         242.7 |      179.5 
 abcijk-ejac-ikeb |  1536 | 1536 |   24 | 1.00 | 0.75 |     290.6 |       296.0 |         235.8 |      181.2 
 abcijk-ejbc-ikea |   512 | 4608 |   24 | 1.00 | 0.97 |     292.5 |       294.1 |         134.7 |      205.8 
 abcijk-ekab-ijec |  1536 | 1536 |   24 | 1.00 | 0.50 |     275.8 |       274.6 |         239.2 |      211.6 
 abcijk-ekac-ijeb |  1536 | 1536 |   24 | 1.00 | 0.75 |     288.9 |       292.8 |         238.9 |      171.2 
 abcijk-ekbc-ijea |   512 | 4608 |   24 | 1.00 | 0.97 |     284.6 |       294.6 |         139.8 |      205.2 
       abc-bk-akc |    72 | 3744 |   52 | 0.89 | 1.00 |     338.7 |       341.7 |         188.0 |      286.2 

=== complex efficiency ratio (c64 GF/s over f64 GF/s; 1.0 = no penalty) ===
             case | plan c64/f64 | packed c64/f64 | upstream c64/f64 | tblis c64/f64 
------------------+--------------+----------------+------------------+---------------
         ij-ik-kj |        1.077 |          1.057 |            1.308 |         1.327 
       ij-ikl-ljk |        1.310 |          1.246 |            1.499 |         2.381 
       ij-kil-lkj |        1.172 |          1.172 |            1.344 |         2.293 
       ijk-ikl-lj |        1.177 |          1.222 |            1.723 |         1.519 
       ijk-il-jlk |        3.116 |          1.024 |            1.439 |         1.576 
       ijk-ilk-jl |        1.209 |          1.190 |            1.674 |         1.580 
       ijk-ilk-lj |        1.174 |          1.175 |            1.791 |         1.574 
     ijk-ilmk-mjl |        1.561 |          1.489 |            2.435 |         2.347 
   ijkl-imjn-lnkm |        1.136 |          1.139 |            1.220 |         1.173 
   ijkl-imjn-nlmk |        1.231 |          1.205 |            1.313 |         1.430 
   ijkl-imkn-jnlm |        1.101 |          1.089 |            1.192 |         1.108 
   ijkl-imkn-njml |        1.129 |          1.104 |            1.185 |         1.208 
   ijkl-imln-jnkm |        1.113 |          1.112 |            1.192 |         1.123 
   ijkl-imln-njmk |        1.123 |          1.093 |            1.207 |         1.196 
   ijkl-imnj-nlkm |        1.134 |          1.149 |            1.237 |         1.205 
   ijkl-imnk-njml |        1.090 |          1.091 |            1.212 |         1.204 
   ijkl-minj-nlmk |        1.105 |          1.081 |            1.172 |         1.168 
   ijkl-mink-jnlm |        1.104 |          1.094 |            1.171 |         1.155 
   ijkl-minl-njmk |        1.102 |          1.085 |            1.184 |         1.182 
     aqrs-pa-pqrs |        1.982 |          5.530 |            1.617 |         2.470 
     abrs-qb-aqrs |        1.707 |          1.592 |            2.146 |         2.435 
     abcs-rc-abrs |        1.457 |          1.440 |            2.234 |         2.499 
       abj-bka-kj |        1.208 |          1.221 |            1.799 |         1.257 
       ajb-kba-jk |        1.146 |          1.131 |            1.585 |         1.351 
     abjc-cbka-kj |        2.409 |          2.396 |            2.700 |         2.192 
     ajbc-ckba-jk |        1.479 |          1.490 |            0.580 |         2.144 
     abjc-kbac-jk |        1.520 |          1.532 |            2.496 |         2.331 
   abjcd-dkbac-jk |        1.848 |          1.643 |            1.837 |         2.048 
   adbjc-cbdka-kj |        3.298 |          3.267 |            3.479 |         1.838 
   ajbdc-ckbad-jk |        1.694 |          1.670 |            1.124 |         2.031 
 abcijk-ijma-mkbc |        1.513 |          1.239 |            0.990 |         1.218 
 abcijk-ijmb-mkac |        1.404 |          1.133 |            1.319 |         1.613 
 abcijk-ijmc-mkab |        1.295 |          1.041 |            1.384 |         1.502 
 abcijk-ikma-mjbc |        1.443 |          1.229 |            1.042 |         1.281 
 abcijk-ikmb-mjac |        1.317 |          1.099 |            1.356 |         1.229 
 abcijk-ikmc-mjab |        1.287 |          1.106 |            1.366 |         1.642 
 abcijk-jkma-mibc |        1.601 |          1.543 |            1.056 |         1.281 
 abcijk-jkmb-miac |        1.322 |          1.148 |            1.355 |         1.505 
 abcijk-jkmc-miab |        1.304 |          1.108 |            1.407 |         1.616 
 abcijk-eiab-jkec |        1.290 |          1.172 |            1.449 |         1.576 
 abcijk-eiac-jkeb |        1.334 |          1.098 |            1.221 |         1.512 
 abcijk-eibc-jkea |        1.863 |          1.831 |            1.052 |         1.211 
 abcijk-ejab-ikec |        1.168 |          1.163 |            1.520 |         1.567 
 abcijk-ejac-ikeb |        1.357 |          1.205 |            1.297 |         1.248 
 abcijk-ejbc-ikea |        1.545 |          1.406 |            0.992 |         1.231 
 abcijk-ekab-ijec |        1.437 |          1.127 |            1.403 |         1.574 
 abcijk-ekac-ijeb |        1.387 |          1.154 |            1.285 |         1.660 
 abcijk-ekbc-ijea |        1.510 |          1.480 |            1.031 |         1.236 
       abc-bk-akc |        2.234 |          1.134 |            1.766 |         1.574 
             MEAN |        1.460 |          1.391 |            1.477 |         1.584 

wrote /home/shinaoka/projects/tensor4all/tprims-rs/benchmarks/benchmarks/tcbench/results/scaling-single-l3/candidate/A-1m-8t.pending.csv
