# threads: requested=1 pool=1 budget=1
host        : shinaoka-EVO-X1Pro
target      : x86_64 / linux
cpu features: avx2 fma avx512f avx512dq 
caches      : L1=48KiB/12-way/2sh L2=1024KiB/16-way/2sh L3=8192KiB/16-way/16sh (via sysfs), blocking=legacy
l3 domains  : t1=1
baselines   : tblis=true blas=false
tblis       : abi 2.x, 1 thread(s)

running 49 cases at 1 MiB nominal tensor size, 5 reps, stress=none


=== f64 ===
             case |     m |    n |    k | regA | regB | plan GF/s | packed GF/s | upstream GF/s | tblis GF/s 
------------------+-------+------+------+------+------+-----------+-------------+---------------+------------
         ij-ik-kj |   384 |  364 |  384 | 0.00 | 0.00 |      37.1 |        34.9 |          34.2 |       29.6 
       ij-ikl-ljk |    72 |   52 | 3744 | 1.00 | 1.00 |      38.3 |        38.3 |          37.1 |       21.9 
       ij-kil-lkj |    72 |   52 | 5184 | 1.00 | 1.00 |      35.4 |        35.5 |          34.4 |       21.2 
       ijk-ikl-lj |  3744 |   52 |   72 | 1.00 | 1.00 |      42.4 |        42.6 |          41.2 |       26.0 
       ijk-il-jlk |    72 | 3744 |   52 | 1.00 | 1.00 |      43.5 |        43.5 |          41.7 |       29.5 
       ijk-ilk-jl |  3744 |   72 |   52 | 1.00 | 1.00 |      45.6 |        45.7 |          44.6 |       30.9 
       ijk-ilk-lj |  3744 |   52 |   72 | 1.00 | 1.00 |      42.6 |        42.7 |          41.5 |       27.2 
     ijk-ilmk-mjl |   480 |   20 |  480 | 1.00 | 1.00 |      35.7 |        35.6 |          34.9 |       16.2 
   ijkl-imjn-lnkm |   480 |  480 |  400 | 1.00 | 0.80 |      48.2 |        48.4 |          47.6 |       41.9 
   ijkl-imjn-nlmk |   480 |  400 |  480 | 1.00 | 0.80 |      49.0 |        49.2 |          48.3 |       40.3 
   ijkl-imkn-jnlm |   480 |  480 |  400 | 1.00 | 1.00 |      48.9 |        49.1 |          48.4 |       42.0 
   ijkl-imkn-njml |   480 |  400 |  480 | 1.00 | 0.80 |      49.4 |        49.5 |          48.6 |       41.0 
   ijkl-imln-jnkm |   480 |  480 |  400 | 1.00 | 1.00 |      49.0 |        49.1 |          48.4 |       42.4 
   ijkl-imln-njmk |   480 |  400 |  480 | 1.00 | 0.80 |      49.5 |        49.5 |          48.7 |       41.7 
   ijkl-imnj-nlkm |   480 |  400 |  480 | 1.00 | 0.80 |      49.0 |        49.1 |          48.4 |       42.0 
   ijkl-imnk-njml |   480 |  400 |  480 | 1.00 | 0.80 |      49.6 |        49.6 |          48.9 |       42.3 
   ijkl-minj-nlmk |   480 |  400 |  576 | 1.00 | 0.80 |      48.1 |        48.1 |          47.0 |       41.2 
   ijkl-mink-jnlm |   480 |  480 |  480 | 1.00 | 1.00 |      48.7 |        48.6 |          48.1 |       41.1 
   ijkl-minl-njmk |   480 |  400 |  576 | 1.00 | 0.80 |      48.3 |        48.4 |          47.4 |       41.5 
     aqrs-pa-pqrs |    24 | 8000 |   24 | 0.00 | 0.00 |      48.4 |        32.4 |          30.6 |       14.2 
     abrs-qb-aqrs |    20 | 9600 |   24 | 1.00 | 1.00 |      32.0 |        32.1 |          30.2 |       13.2 
     abcs-rc-abrs |    20 | 9600 |   24 | 1.00 | 1.00 |      31.6 |        31.7 |          29.7 |       13.4 
       abj-bka-kj |  5184 |   52 |   72 | 1.00 | 1.00 |      34.3 |        33.9 |          33.3 |       23.8 
       ajb-kba-jk |  3744 |   72 |   72 | 1.00 | 1.00 |      44.2 |        44.5 |          43.4 |       29.4 
     abjc-cbka-kj | 11520 |   20 |   24 | 1.00 | 1.00 |      17.4 |        17.7 |          16.9 |       12.9 
     ajbc-ckba-jk | 11520 |   24 |   20 | 1.00 | 1.00 |      24.5 |        24.7 |          22.9 |       14.9 
     abjc-kbac-jk |  9600 |   24 |   24 | 1.00 | 1.00 |      33.5 |        33.9 |          32.0 |       16.1 
   abjcd-dkbac-jk | 82944 |   24 |   12 | 1.00 | 1.00 |      15.7 |        15.8 |          14.6 |        8.1 
   adbjc-cbdka-kj | 82944 |   12 |   24 | 1.00 | 1.00 |       5.2 |         5.2 |           5.1 |        7.5 
   ajbdc-ckbad-jk | 82944 |   24 |   12 | 1.00 | 1.00 |      15.7 |        16.3 |          14.3 |        8.7 
 abcijk-ijma-mkbc |  4608 |  512 |   24 | 1.00 | 1.00 |      39.9 |        39.9 |          38.0 |       28.0 
 abcijk-ijmb-mkac |  1536 | 1536 |   24 | 1.00 | 1.00 |      42.0 |        42.2 |          40.1 |       26.5 
 abcijk-ijmc-mkab |  1536 | 1536 |   24 | 1.00 | 1.00 |      40.6 |        41.1 |          38.4 |       32.5 
 abcijk-ikma-mjbc |  4608 |  512 |   24 | 1.00 | 1.00 |      39.7 |        39.8 |          38.0 |       27.6 
 abcijk-ikmb-mjac |  1536 | 1536 |   24 | 1.00 | 1.00 |      41.8 |        42.1 |          39.9 |       28.1 
 abcijk-ikmc-mjab |  1536 | 1536 |   24 | 1.00 | 1.00 |      40.0 |        40.6 |          38.6 |       28.7 
 abcijk-jkma-mibc |  4608 |  512 |   24 | 1.00 | 1.00 |      39.6 |        40.0 |          38.1 |       31.2 
 abcijk-jkmb-miac |  1536 | 1536 |   24 | 1.00 | 1.00 |      41.9 |        42.2 |          40.3 |       21.2 
 abcijk-jkmc-miab |  1536 | 1536 |   24 | 1.00 | 1.00 |      40.6 |        41.2 |          38.9 |       29.6 
 abcijk-eiab-jkec |  1536 | 1536 |   24 | 1.00 | 1.00 |      40.6 |        41.0 |          38.9 |       29.8 
 abcijk-eiac-jkeb |  1536 | 1536 |   24 | 1.00 | 1.00 |      41.7 |        42.0 |          40.2 |       20.9 
 abcijk-eibc-jkea |   512 | 4608 |   24 | 1.00 | 1.00 |      39.8 |        39.8 |          38.5 |       31.2 
 abcijk-ejab-ikec |  1536 | 1536 |   24 | 1.00 | 1.00 |      40.2 |        40.7 |          38.5 |       28.7 
 abcijk-ejac-ikeb |  1536 | 1536 |   24 | 1.00 | 1.00 |      42.0 |        42.0 |          40.0 |       27.7 
 abcijk-ejbc-ikea |   512 | 4608 |   24 | 1.00 | 1.00 |      39.6 |        39.8 |          37.9 |       27.9 
 abcijk-ekab-ijec |  1536 | 1536 |   24 | 1.00 | 1.00 |      40.3 |        40.9 |          38.6 |       32.2 
 abcijk-ekac-ijeb |  1536 | 1536 |   24 | 1.00 | 1.00 |      41.7 |        42.1 |          40.0 |       26.5 
 abcijk-ekbc-ijea |   512 | 4608 |   24 | 1.00 | 1.00 |      39.8 |        40.0 |          37.9 |       27.9 
       abc-bk-akc |    72 | 3744 |   52 | 1.00 | 1.00 |      45.5 |        45.6 |          44.2 |       30.7 

=== c64 ===
             case |     m |    n |    k | regA | regB | plan GF/s | packed GF/s | upstream GF/s | tblis GF/s 
------------------+-------+------+------+------+------+-----------+-------------+---------------+------------
         ij-ik-kj |   384 |  364 |  384 | 1.00 | 1.00 |      35.2 |        35.2 |          34.7 |       41.4 
       ij-ikl-ljk |    72 |   52 | 3744 | 1.00 | 1.00 |      37.6 |        37.6 |          36.7 |       30.7 
       ij-kil-lkj |    72 |   52 | 5184 | 1.00 | 1.00 |      32.5 |        32.7 |          31.6 |       29.0 
       ijk-ikl-lj |  3744 |   52 |   72 | 1.00 | 1.00 |      43.6 |        43.7 |          42.8 |       30.3 
       ijk-il-jlk |    72 | 3744 |   52 | 1.00 | 1.00 |      41.0 |        39.5 |          39.1 |       38.5 
       ijk-ilk-jl |  3744 |   72 |   52 | 0.89 | 1.00 |      46.1 |        45.8 |          45.3 |       36.6 
       ijk-ilk-lj |  3744 |   52 |   72 | 0.89 | 1.00 |      43.6 |        43.4 |          43.1 |       32.8 
     ijk-ilmk-mjl |   480 |   20 |  480 | 0.67 | 1.00 |      37.1 |        37.2 |          36.4 |       30.4 
   ijkl-imjn-lnkm |   480 |  480 |  400 | 0.67 | 0.80 |      48.1 |        48.3 |          47.6 |       45.3 
   ijkl-imjn-nlmk |   480 |  400 |  480 | 0.67 | 0.81 |      48.3 |        48.2 |          47.7 |       44.5 
   ijkl-imkn-jnlm |   480 |  480 |  400 | 0.67 | 1.00 |      47.7 |        47.9 |          47.1 |       45.3 
   ijkl-imkn-njml |   480 |  400 |  480 | 0.67 | 0.81 |      48.2 |        48.2 |          47.7 |       44.5 
   ijkl-imln-jnkm |   480 |  480 |  400 | 0.67 | 1.00 |      47.9 |        47.9 |          47.3 |       45.4 
   ijkl-imln-njmk |   480 |  400 |  480 | 0.67 | 0.81 |      48.2 |        48.3 |          47.7 |       44.8 
   ijkl-imnj-nlkm |   480 |  400 |  480 | 0.67 | 0.81 |      48.2 |        48.3 |          47.8 |       45.4 
   ijkl-imnk-njml |   480 |  400 |  480 | 0.67 | 0.81 |      48.0 |        48.1 |          47.6 |       45.0 
   ijkl-minj-nlmk |   480 |  400 |  576 | 0.67 | 0.81 |      46.8 |        46.8 |          46.0 |       43.5 
   ijkl-mink-jnlm |   480 |  480 |  480 | 0.67 | 1.00 |      47.2 |        47.5 |          46.6 |       44.7 
   ijkl-minl-njmk |   480 |  400 |  576 | 0.67 | 0.81 |      46.8 |        46.9 |          46.1 |       44.0 
     aqrs-pa-pqrs |    24 | 8000 |   24 | 1.00 | 1.00 |      30.2 |        29.5 |          28.1 |       25.8 
     abrs-qb-aqrs |    20 | 9600 |   24 | 1.00 | 1.00 |      38.9 |        39.1 |          37.9 |       24.2 
     abcs-rc-abrs |    20 | 9600 |   24 | 1.00 | 1.00 |      34.0 |        33.6 |          33.0 |       24.2 
       abj-bka-kj |  5184 |   52 |   72 | 0.89 | 1.00 |      40.6 |        40.4 |          40.3 |       28.1 
       ajb-kba-jk |  3744 |   72 |   72 | 0.89 | 1.00 |      44.8 |        44.5 |          42.9 |       32.8 
     abjc-cbka-kj | 11520 |   20 |   24 | 0.67 | 1.00 |      23.9 |        25.1 |          24.8 |       23.1 
     ajbc-ckba-jk | 11520 |   24 |   20 | 1.00 | 1.00 |      27.1 |        28.0 |          27.8 |       23.7 
     abjc-kbac-jk |  9600 |   24 |   24 | 0.67 | 1.00 |      37.6 |        37.6 |          36.9 |       26.1 
   abjcd-dkbac-jk | 82944 |   24 |   12 | 0.67 | 1.00 |      22.2 |        22.2 |          20.7 |       16.3 
   adbjc-cbdka-kj | 82944 |   12 |   24 | 0.67 | 1.00 |      10.3 |        10.3 |          10.2 |       14.8 
   ajbdc-ckbad-jk | 82944 |   24 |   12 | 1.00 | 1.00 |      24.3 |        25.6 |          23.4 |       15.6 
 abcijk-ijma-mkbc |  4608 |  512 |   24 | 1.00 | 0.97 |      42.0 |        42.0 |          40.9 |       33.0 
 abcijk-ijmb-mkac |  1536 | 1536 |   24 | 1.00 | 0.75 |      44.9 |        44.5 |          43.2 |       33.3 
 abcijk-ijmc-mkab |  1536 | 1536 |   24 | 1.00 | 0.50 |      44.2 |        44.0 |          42.7 |       37.9 
 abcijk-ikma-mjbc |  4608 |  512 |   24 | 1.00 | 0.97 |      42.0 |        42.1 |          40.7 |       33.1 
 abcijk-ikmb-mjac |  1536 | 1536 |   24 | 1.00 | 0.75 |      44.6 |        44.5 |          43.2 |       33.9 
 abcijk-ikmc-mjab |  1536 | 1536 |   24 | 1.00 | 0.50 |      44.1 |        44.0 |          42.6 |       35.2 
 abcijk-jkma-mibc |  4608 |  512 |   24 | 1.00 | 0.97 |      42.0 |        42.0 |          40.8 |       36.2 
 abcijk-jkmb-miac |  1536 | 1536 |   24 | 1.00 | 0.75 |      44.9 |        44.8 |          43.2 |       29.8 
 abcijk-jkmc-miab |  1536 | 1536 |   24 | 1.00 | 0.50 |      44.0 |        44.1 |          42.6 |       37.2 
 abcijk-eiab-jkec |  1536 | 1536 |   24 | 1.00 | 0.50 |      44.1 |        44.1 |          42.8 |       36.6 
 abcijk-eiac-jkeb |  1536 | 1536 |   24 | 1.00 | 0.75 |      44.9 |        44.7 |          43.2 |       29.8 
 abcijk-eibc-jkea |   512 | 4608 |   24 | 1.00 | 0.97 |      42.0 |        42.0 |          40.9 |       35.9 
 abcijk-ejab-ikec |  1536 | 1536 |   24 | 1.00 | 0.50 |      44.0 |        44.1 |          42.6 |       35.3 
 abcijk-ejac-ikeb |  1536 | 1536 |   24 | 1.00 | 0.75 |      44.7 |        44.5 |          43.3 |       33.7 
 abcijk-ejbc-ikea |   512 | 4608 |   24 | 1.00 | 0.97 |      41.9 |        41.9 |          40.8 |       33.1 
 abcijk-ekab-ijec |  1536 | 1536 |   24 | 1.00 | 0.50 |      44.1 |        44.1 |          42.8 |       38.1 
 abcijk-ekac-ijeb |  1536 | 1536 |   24 | 1.00 | 0.75 |      44.9 |        44.6 |          43.3 |       32.9 
 abcijk-ekbc-ijea |   512 | 4608 |   24 | 1.00 | 0.97 |      42.0 |        41.9 |          40.8 |       33.0 
       abc-bk-akc |    72 | 3744 |   52 | 0.89 | 1.00 |      46.6 |        45.7 |          45.6 |       37.0 

=== complex efficiency ratio (c64 GF/s over f64 GF/s; 1.0 = no penalty) ===
             case | plan c64/f64 | packed c64/f64 | upstream c64/f64 | tblis c64/f64 
------------------+--------------+----------------+------------------+---------------
         ij-ik-kj |        0.948 |          1.008 |            1.013 |         1.396 
       ij-ikl-ljk |        0.981 |          0.982 |            0.988 |         1.404 
       ij-kil-lkj |        0.918 |          0.922 |            0.919 |         1.368 
       ijk-ikl-lj |        1.028 |          1.027 |            1.039 |         1.165 
       ijk-il-jlk |        0.942 |          0.908 |            0.937 |         1.302 
       ijk-ilk-jl |        1.012 |          1.000 |            1.016 |         1.184 
       ijk-ilk-lj |        1.024 |          1.017 |            1.038 |         1.207 
     ijk-ilmk-mjl |        1.041 |          1.044 |            1.042 |         1.880 
   ijkl-imjn-lnkm |        0.998 |          0.997 |            0.999 |         1.081 
   ijkl-imjn-nlmk |        0.985 |          0.980 |            0.986 |         1.102 
   ijkl-imkn-jnlm |        0.975 |          0.974 |            0.974 |         1.079 
   ijkl-imkn-njml |        0.975 |          0.975 |            0.980 |         1.086 
   ijkl-imln-jnkm |        0.978 |          0.974 |            0.976 |         1.072 
   ijkl-imln-njmk |        0.974 |          0.974 |            0.979 |         1.075 
   ijkl-imnj-nlkm |        0.983 |          0.983 |            0.988 |         1.081 
   ijkl-imnk-njml |        0.968 |          0.970 |            0.974 |         1.064 
   ijkl-minj-nlmk |        0.972 |          0.972 |            0.977 |         1.056 
   ijkl-mink-jnlm |        0.970 |          0.976 |            0.968 |         1.089 
   ijkl-minl-njmk |        0.969 |          0.970 |            0.972 |         1.062 
     aqrs-pa-pqrs |        0.625 |          0.912 |            0.918 |         1.818 
     abrs-qb-aqrs |        1.216 |          1.217 |            1.257 |         1.832 
     abcs-rc-abrs |        1.075 |          1.061 |            1.110 |         1.810 
       abj-bka-kj |        1.181 |          1.189 |            1.212 |         1.182 
       ajb-kba-jk |        1.013 |          1.001 |            0.988 |         1.112 
     abjc-cbka-kj |        1.375 |          1.418 |            1.467 |         1.790 
     ajbc-ckba-jk |        1.106 |          1.134 |            1.213 |         1.592 
     abjc-kbac-jk |        1.123 |          1.108 |            1.153 |         1.621 
   abjcd-dkbac-jk |        1.410 |          1.412 |            1.415 |         2.001 
   adbjc-cbdka-kj |        1.997 |          1.990 |            1.974 |         1.961 
   ajbdc-ckbad-jk |        1.549 |          1.576 |            1.639 |         1.787 
 abcijk-ijma-mkbc |        1.053 |          1.053 |            1.077 |         1.177 
 abcijk-ijmb-mkac |        1.071 |          1.056 |            1.077 |         1.257 
 abcijk-ijmc-mkab |        1.089 |          1.073 |            1.111 |         1.167 
 abcijk-ikma-mjbc |        1.057 |          1.057 |            1.072 |         1.200 
 abcijk-ikmb-mjac |        1.067 |          1.058 |            1.082 |         1.208 
 abcijk-ikmc-mjab |        1.103 |          1.085 |            1.105 |         1.226 
 abcijk-jkma-mibc |        1.061 |          1.052 |            1.072 |         1.162 
 abcijk-jkmb-miac |        1.071 |          1.062 |            1.073 |         1.403 
 abcijk-jkmc-miab |        1.086 |          1.070 |            1.095 |         1.256 
 abcijk-eiab-jkec |        1.085 |          1.075 |            1.099 |         1.229 
 abcijk-eiac-jkeb |        1.078 |          1.063 |            1.076 |         1.425 
 abcijk-eibc-jkea |        1.054 |          1.054 |            1.063 |         1.152 
 abcijk-ejab-ikec |        1.093 |          1.083 |            1.106 |         1.229 
 abcijk-ejac-ikeb |        1.066 |          1.060 |            1.082 |         1.214 
 abcijk-ejbc-ikea |        1.057 |          1.053 |            1.075 |         1.185 
 abcijk-ekab-ijec |        1.095 |          1.079 |            1.108 |         1.182 
 abcijk-ekac-ijeb |        1.076 |          1.060 |            1.083 |         1.243 
 abcijk-ekbc-ijea |        1.053 |          1.048 |            1.074 |         1.182 
       abc-bk-akc |        1.024 |          1.004 |            1.031 |         1.204 
             MEAN |        1.075 |          1.078 |            1.095 |         1.318 

wrote /home/shinaoka/projects/tensor4all/tprims-rs/benchmarks/benchmarks/tcbench/results/scaling-single-l3/candidate/A-1m-1t.pending.csv
