# threads: requested=4 pool=4 budget=4
host        : shinaoka-EVO-X1Pro
target      : x86_64 / linux
cpu features: avx2 fma avx512f avx512dq 
caches      : L1=48KiB/12-way/2sh L2=1024KiB/16-way/2sh L3=8192KiB/16-way/16sh (via sysfs), blocking=legacy
l3 domains  : t1=1 t4=1 t8=1
baselines   : tblis=true blas=false
tblis       : abi 2.x, 4 thread(s)

running 49 cases at 1 MiB nominal tensor size, 5 reps, stress=none


=== f64 ===
             case |     m |    n |    k | regA | regB | plan GF/s | packed GF/s | upstream GF/s | tblis GF/s 
------------------+-------+------+------+------+------+-----------+-------------+---------------+------------
         ij-ik-kj |   384 |  364 |  384 | 0.00 | 0.00 |     145.2 |       133.5 |         119.7 |      104.9 
       ij-ikl-ljk |    72 |   52 | 3744 | 1.00 | 1.00 |      62.0 |        63.2 |          53.2 |       38.1 
       ij-kil-lkj |    72 |   52 | 5184 | 1.00 | 1.00 |      60.9 |        61.0 |          53.4 |       37.9 
       ijk-ikl-lj |  3744 |   52 |   72 | 1.00 | 1.00 |     113.1 |       113.4 |          84.7 |       69.2 
       ijk-il-jlk |    72 | 3744 |   52 | 1.00 | 1.00 |      54.6 |       115.7 |          94.5 |       76.5 
       ijk-ilk-jl |  3744 |   72 |   52 | 1.00 | 1.00 |     124.4 |       125.2 |          96.0 |       81.2 
       ijk-ilk-lj |  3744 |   52 |   72 | 1.00 | 1.00 |     132.2 |       129.2 |         103.0 |       83.2 
     ijk-ilmk-mjl |   480 |   20 |  480 | 1.00 | 1.00 |     114.2 |       117.1 |          64.3 |       52.5 
   ijkl-imjn-lnkm |   480 |  480 |  400 | 1.00 | 0.80 |     186.1 |       186.4 |         171.4 |      148.1 
   ijkl-imjn-nlmk |   480 |  400 |  480 | 1.00 | 0.80 |     191.0 |       192.2 |         177.2 |      149.8 
   ijkl-imkn-jnlm |   480 |  480 |  400 | 1.00 | 1.00 |     192.0 |       191.7 |         175.1 |      154.3 
   ijkl-imkn-njml |   480 |  400 |  480 | 1.00 | 0.80 |     185.8 |       194.1 |         176.4 |      149.7 
   ijkl-imln-jnkm |   480 |  480 |  400 | 1.00 | 1.00 |     187.3 |       191.6 |         177.2 |      154.5 
   ijkl-imln-njmk |   480 |  400 |  480 | 1.00 | 0.80 |     192.1 |       193.2 |         179.1 |      152.1 
   ijkl-imnj-nlkm |   480 |  400 |  480 | 1.00 | 0.80 |     187.7 |       191.3 |         177.9 |      151.5 
   ijkl-imnk-njml |   480 |  400 |  480 | 1.00 | 0.80 |     193.8 |       194.1 |         179.5 |      151.1 
   ijkl-minj-nlmk |   480 |  400 |  576 | 1.00 | 0.80 |     187.5 |       187.6 |         172.2 |      149.0 
   ijkl-mink-jnlm |   480 |  480 |  480 | 1.00 | 1.00 |     192.0 |       191.6 |         176.2 |      148.5 
   ijkl-minl-njmk |   480 |  400 |  576 | 1.00 | 0.80 |     190.3 |       190.6 |         175.3 |      153.1 
     aqrs-pa-pqrs |    24 | 8000 |   24 | 0.00 | 0.00 |      46.0 |        38.2 |          76.5 |       42.2 
     abrs-qb-aqrs |    20 | 9600 |   24 | 1.00 | 1.00 |     107.0 |       108.1 |          63.5 |       40.3 
     abcs-rc-abrs |    20 | 9600 |   24 | 1.00 | 1.00 |     106.9 |       108.1 |          63.3 |       40.3 
       abj-bka-kj |  5184 |   52 |   72 | 1.00 | 1.00 |     127.9 |       127.7 |         107.3 |       83.5 
       ajb-kba-jk |  3744 |   72 |   72 | 1.00 | 1.00 |     165.3 |       165.4 |         134.8 |      112.1 
     abjc-cbka-kj | 11520 |   20 |   24 | 1.00 | 1.00 |      47.6 |        52.6 |          42.2 |       38.9 
     ajbc-ckba-jk | 11520 |   24 |   20 | 1.00 | 1.00 |      82.4 |        84.3 |          55.2 |       43.0 
     abjc-kbac-jk |  9600 |   24 |   24 | 1.00 | 1.00 |     112.4 |       114.9 |          71.7 |       48.0 
   abjcd-dkbac-jk | 82944 |   24 |   12 | 1.00 | 1.00 |      37.4 |        41.3 |          35.9 |       23.4 
   adbjc-cbdka-kj | 82944 |   12 |   24 | 1.00 | 1.00 |       8.7 |         8.9 |           8.7 |       19.1 
   ajbdc-ckbad-jk | 82944 |   24 |   12 | 1.00 | 1.00 |      39.1 |        39.1 |          34.7 |       24.7 
 abcijk-ijma-mkbc |  4608 |  512 |   24 | 1.00 | 1.00 |     133.2 |       135.9 |         111.4 |      100.7 
 abcijk-ijmb-mkac |  1536 | 1536 |   24 | 1.00 | 1.00 |     134.1 |        95.8 |         125.4 |       63.3 
 abcijk-ijmc-mkab |  1536 | 1536 |   24 | 1.00 | 1.00 |     136.9 |       140.6 |         123.6 |       96.9 
 abcijk-ikma-mjbc |  4608 |  512 |   24 | 1.00 | 1.00 |     125.1 |       134.2 |         114.6 |      101.8 
 abcijk-ikmb-mjac |  1536 | 1536 |   24 | 1.00 | 1.00 |     134.2 |       146.5 |         129.6 |       93.7 
 abcijk-ikmc-mjab |  1536 | 1536 |   24 | 1.00 | 1.00 |     140.6 |       142.3 |         122.3 |       81.9 
 abcijk-jkma-mibc |  4608 |  512 |   24 | 1.00 | 1.00 |     127.0 |       127.0 |         118.1 |      110.5 
 abcijk-jkmb-miac |  1536 | 1536 |   24 | 1.00 | 1.00 |     142.3 |       140.9 |         125.0 |       59.5 
 abcijk-jkmc-miab |  1536 | 1536 |   24 | 1.00 | 1.00 |     135.4 |       133.1 |         126.9 |       85.2 
 abcijk-eiab-jkec |  1536 | 1536 |   24 | 1.00 | 1.00 |     133.0 |       139.7 |         118.4 |       81.2 
 abcijk-eiac-jkeb |  1536 | 1536 |   24 | 1.00 | 1.00 |     142.1 |       148.2 |         130.4 |       61.8 
 abcijk-eibc-jkea |   512 | 4608 |   24 | 1.00 | 1.00 |     128.4 |       130.2 |         114.0 |      111.1 
 abcijk-ejab-ikec |  1536 | 1536 |   24 | 1.00 | 1.00 |     135.9 |       141.1 |         124.3 |       79.0 
 abcijk-ejac-ikeb |  1536 | 1536 |   24 | 1.00 | 1.00 |     137.7 |       149.6 |         126.7 |       94.7 
 abcijk-ejbc-ikea |   512 | 4608 |   24 | 1.00 | 1.00 |     121.6 |       124.3 |         112.5 |      100.0 
 abcijk-ekab-ijec |  1536 | 1536 |   24 | 1.00 | 1.00 |     140.0 |       143.3 |         126.5 |       88.2 
 abcijk-ekac-ijeb |  1536 | 1536 |   24 | 1.00 | 1.00 |     145.6 |       145.2 |         130.7 |       62.0 
 abcijk-ekbc-ijea |   512 | 4608 |   24 | 1.00 | 1.00 |     122.8 |       132.6 |         111.2 |      101.0 
       abc-bk-akc |    72 | 3744 |   52 | 1.00 | 1.00 |     167.4 |       167.1 |         122.2 |      109.2 

=== c64 ===
             case |     m |    n |    k | regA | regB | plan GF/s | packed GF/s | upstream GF/s | tblis GF/s 
------------------+-------+------+------+------+------+-----------+-------------+---------------+------------
         ij-ik-kj |   384 |  364 |  384 | 1.00 | 1.00 |     137.4 |       137.6 |         131.6 |      125.7 
       ij-ikl-ljk |    72 |   52 | 3744 | 1.00 | 1.00 |      64.9 |        64.1 |          61.3 |       76.6 
       ij-kil-lkj |    72 |   52 | 5184 | 1.00 | 1.00 |      60.4 |        59.9 |          56.9 |       75.5 
       ijk-ikl-lj |  3744 |   52 |   72 | 1.00 | 1.00 |     124.7 |       122.0 |         114.6 |       91.0 
       ijk-il-jlk |    72 | 3744 |   52 | 1.00 | 1.00 |      71.0 |        70.6 |          68.1 |      109.4 
       ijk-ilk-jl |  3744 |   72 |   52 | 0.89 | 1.00 |     138.2 |       138.5 |         128.9 |      118.5 
       ijk-ilk-lj |  3744 |   52 |   72 | 0.89 | 1.00 |     151.8 |       149.4 |         139.9 |      120.3 
     ijk-ilmk-mjl |   480 |   20 |  480 | 0.67 | 1.00 |     116.9 |       127.1 |         105.9 |      112.1 
   ijkl-imjn-lnkm |   480 |  480 |  400 | 0.67 | 0.80 |     173.6 |       174.0 |         168.3 |      166.0 
   ijkl-imjn-nlmk |   480 |  400 |  480 | 0.67 | 0.81 |     174.6 |       174.0 |         170.4 |      166.0 
   ijkl-imkn-jnlm |   480 |  480 |  400 | 0.67 | 1.00 |     175.0 |       175.6 |         170.4 |      167.7 
   ijkl-imkn-njml |   480 |  400 |  480 | 0.67 | 0.81 |     175.3 |       175.4 |         172.2 |      166.9 
   ijkl-imln-jnkm |   480 |  480 |  400 | 0.67 | 1.00 |     174.7 |       175.8 |         169.9 |      167.0 
   ijkl-imln-njmk |   480 |  400 |  480 | 0.67 | 0.81 |     174.4 |       176.4 |         172.3 |      170.7 
   ijkl-imnj-nlkm |   480 |  400 |  480 | 0.67 | 0.81 |     125.9 |       176.7 |         171.5 |      170.6 
   ijkl-imnk-njml |   480 |  400 |  480 | 0.67 | 0.81 |     176.7 |       176.3 |         171.2 |      170.7 
   ijkl-minj-nlmk |   480 |  400 |  576 | 0.67 | 0.81 |     170.4 |       169.1 |         164.1 |      162.5 
   ijkl-mink-jnlm |   480 |  480 |  480 | 0.67 | 1.00 |     173.2 |       158.6 |         168.1 |      167.5 
   ijkl-minl-njmk |   480 |  400 |  576 | 0.67 | 0.81 |     171.1 |       170.5 |         166.1 |      165.7 
     aqrs-pa-pqrs |    24 | 8000 |   24 | 1.00 | 1.00 |     102.8 |       102.6 |          87.4 |       91.0 
     abrs-qb-aqrs |    20 | 9600 |   24 | 1.00 | 1.00 |     150.4 |       150.9 |         114.3 |       78.1 
     abcs-rc-abrs |    20 | 9600 |   24 | 1.00 | 1.00 |     129.5 |       131.8 |         102.8 |       79.6 
       abj-bka-kj |  5184 |   52 |   72 | 0.89 | 1.00 |     154.6 |       150.9 |         140.6 |       98.7 
       ajb-kba-jk |  3744 |   72 |   72 | 0.89 | 1.00 |     175.9 |       174.5 |         160.1 |      128.6 
     abjc-cbka-kj | 11520 |   20 |   24 | 0.67 | 1.00 |     101.3 |       100.0 |          83.7 |       72.1 
     ajbc-ckba-jk | 11520 |   24 |   20 | 1.00 | 1.00 |     108.1 |       104.3 |          82.7 |       71.4 
     abjc-kbac-jk |  9600 |   24 |   24 | 0.67 | 1.00 |     148.5 |       146.5 |         116.2 |       85.6 
   abjcd-dkbac-jk | 82944 |   24 |   12 | 0.67 | 1.00 |      62.1 |        62.3 |          57.6 |       47.3 
   adbjc-cbdka-kj | 82944 |   12 |   24 | 0.67 | 1.00 |      30.4 |        29.9 |          29.2 |       33.5 
   ajbdc-ckbad-jk | 82944 |   24 |   12 | 1.00 | 1.00 |      60.2 |        60.9 |          55.5 |       48.7 
 abcijk-ijma-mkbc |  4608 |  512 |   24 | 1.00 | 0.97 |     156.3 |       157.0 |         149.3 |      124.0 
 abcijk-ijmb-mkac |  1536 | 1536 |   24 | 1.00 | 0.75 |     170.0 |       170.1 |         163.1 |      115.6 
 abcijk-ijmc-mkab |  1536 | 1536 |   24 | 1.00 | 0.50 |     169.1 |       164.4 |         160.2 |      135.4 
 abcijk-ikma-mjbc |  4608 |  512 |   24 | 1.00 | 0.97 |     156.4 |       132.9 |         149.0 |      123.1 
 abcijk-ikmb-mjac |  1536 | 1536 |   24 | 1.00 | 0.75 |     170.1 |       169.4 |         159.9 |      122.9 
 abcijk-ikmc-mjab |  1536 | 1536 |   24 | 1.00 | 0.50 |     167.3 |       166.0 |         161.6 |      125.1 
 abcijk-jkma-mibc |  4608 |  512 |   24 | 1.00 | 0.97 |     153.9 |       155.2 |         152.0 |      136.0 
 abcijk-jkmb-miac |  1536 | 1536 |   24 | 1.00 | 0.75 |     169.3 |       167.5 |         161.1 |      104.2 
 abcijk-jkmc-miab |  1536 | 1536 |   24 | 1.00 | 0.50 |     165.4 |       164.2 |         152.5 |      121.6 
 abcijk-eiab-jkec |  1536 | 1536 |   24 | 1.00 | 0.50 |     164.6 |       163.3 |         153.1 |      123.1 
 abcijk-eiac-jkeb |  1536 | 1536 |   24 | 1.00 | 0.75 |     168.6 |       169.5 |         160.1 |      103.1 
 abcijk-eibc-jkea |   512 | 4608 |   24 | 1.00 | 0.97 |     155.5 |       138.8 |         151.1 |      135.3 
 abcijk-ejab-ikec |  1536 | 1536 |   24 | 1.00 | 0.50 |     168.4 |       164.3 |         158.4 |      126.6 
 abcijk-ejac-ikeb |  1536 | 1536 |   24 | 1.00 | 0.75 |     170.4 |       167.6 |         160.5 |      124.0 
 abcijk-ejbc-ikea |   512 | 4608 |   24 | 1.00 | 0.97 |     157.2 |       157.0 |         149.3 |      124.7 
 abcijk-ekab-ijec |  1536 | 1536 |   24 | 1.00 | 0.50 |     166.6 |       164.7 |         158.7 |      134.7 
 abcijk-ekac-ijeb |  1536 | 1536 |   24 | 1.00 | 0.75 |     169.5 |       168.9 |         160.6 |      112.3 
 abcijk-ekbc-ijea |   512 | 4608 |   24 | 1.00 | 0.97 |     158.6 |       156.2 |         148.2 |      124.6 
       abc-bk-akc |    72 | 3744 |   52 | 0.89 | 1.00 |     180.2 |       178.0 |         165.6 |      144.1 

=== complex efficiency ratio (c64 GF/s over f64 GF/s; 1.0 = no penalty) ===
             case | plan c64/f64 | packed c64/f64 | upstream c64/f64 | tblis c64/f64 
------------------+--------------+----------------+------------------+---------------
         ij-ik-kj |        0.946 |          1.030 |            1.100 |         1.198 
       ij-ikl-ljk |        1.046 |          1.014 |            1.151 |         2.012 
       ij-kil-lkj |        0.991 |          0.981 |            1.065 |         1.991 
       ijk-ikl-lj |        1.103 |          1.077 |            1.353 |         1.315 
       ijk-il-jlk |        1.300 |          0.610 |            0.721 |         1.431 
       ijk-ilk-jl |        1.111 |          1.106 |            1.342 |         1.459 
       ijk-ilk-lj |        1.148 |          1.156 |            1.359 |         1.446 
     ijk-ilmk-mjl |        1.023 |          1.086 |            1.645 |         2.136 
   ijkl-imjn-lnkm |        0.933 |          0.933 |            0.982 |         1.120 
   ijkl-imjn-nlmk |        0.914 |          0.905 |            0.962 |         1.107 
   ijkl-imkn-jnlm |        0.911 |          0.916 |            0.973 |         1.087 
   ijkl-imkn-njml |        0.943 |          0.903 |            0.976 |         1.115 
   ijkl-imln-jnkm |        0.933 |          0.918 |            0.959 |         1.080 
   ijkl-imln-njmk |        0.908 |          0.913 |            0.962 |         1.123 
   ijkl-imnj-nlkm |        0.670 |          0.923 |            0.964 |         1.126 
   ijkl-imnk-njml |        0.912 |          0.908 |            0.954 |         1.130 
   ijkl-minj-nlmk |        0.909 |          0.901 |            0.953 |         1.090 
   ijkl-mink-jnlm |        0.902 |          0.828 |            0.954 |         1.128 
   ijkl-minl-njmk |        0.899 |          0.895 |            0.947 |         1.082 
     aqrs-pa-pqrs |        2.233 |          2.684 |            1.144 |         2.159 
     abrs-qb-aqrs |        1.405 |          1.395 |            1.801 |         1.938 
     abcs-rc-abrs |        1.211 |          1.219 |            1.624 |         1.976 
       abj-bka-kj |        1.209 |          1.182 |            1.311 |         1.181 
       ajb-kba-jk |        1.064 |          1.055 |            1.188 |         1.147 
     abjc-cbka-kj |        2.129 |          1.899 |            1.982 |         1.856 
     ajbc-ckba-jk |        1.313 |          1.237 |            1.499 |         1.659 
     abjc-kbac-jk |        1.321 |          1.275 |            1.619 |         1.784 
   abjcd-dkbac-jk |        1.659 |          1.506 |            1.602 |         2.023 
   adbjc-cbdka-kj |        3.485 |          3.373 |            3.344 |         1.748 
   ajbdc-ckbad-jk |        1.538 |          1.556 |            1.598 |         1.971 
 abcijk-ijma-mkbc |        1.173 |          1.155 |            1.340 |         1.232 
 abcijk-ijmb-mkac |        1.268 |          1.776 |            1.300 |         1.826 
 abcijk-ijmc-mkab |        1.235 |          1.169 |            1.296 |         1.398 
 abcijk-ikma-mjbc |        1.251 |          0.990 |            1.300 |         1.209 
 abcijk-ikmb-mjac |        1.268 |          1.156 |            1.234 |         1.312 
 abcijk-ikmc-mjab |        1.191 |          1.166 |            1.322 |         1.527 
 abcijk-jkma-mibc |        1.211 |          1.222 |            1.287 |         1.231 
 abcijk-jkmb-miac |        1.190 |          1.189 |            1.289 |         1.750 
 abcijk-jkmc-miab |        1.222 |          1.234 |            1.202 |         1.427 
 abcijk-eiab-jkec |        1.238 |          1.169 |            1.293 |         1.516 
 abcijk-eiac-jkeb |        1.187 |          1.144 |            1.228 |         1.669 
 abcijk-eibc-jkea |        1.211 |          1.066 |            1.326 |         1.218 
 abcijk-ejab-ikec |        1.239 |          1.164 |            1.274 |         1.603 
 abcijk-ejac-ikeb |        1.237 |          1.121 |            1.267 |         1.309 
 abcijk-ejbc-ikea |        1.292 |          1.262 |            1.327 |         1.246 
 abcijk-ekab-ijec |        1.189 |          1.149 |            1.255 |         1.526 
 abcijk-ekac-ijeb |        1.164 |          1.163 |            1.229 |         1.812 
 abcijk-ekbc-ijea |        1.292 |          1.177 |            1.333 |         1.234 
       abc-bk-akc |        1.076 |          1.066 |            1.355 |         1.319 
             MEAN |        1.229 |          1.203 |            1.296 |         1.469 

wrote /home/shinaoka/projects/tensor4all/tprims-rs/benchmarks/benchmarks/tcbench/results/scaling-single-l3/candidate/A-1m-4t.pending.csv
