# threads: requested=4 pool=4 budget=4
host        : shinaoka-EVO-X1Pro
target      : x86_64 / linux
cpu features: avx2 fma avx512f avx512dq 
caches      : L1=48KiB/12-way/2sh L2=1024KiB/16-way/2sh L3=8192KiB/16-way/16sh (via sysfs), blocking=legacy
l3 domains  : t1=1 t4=1 t8=1
baselines   : tblis=true blas=false
tblis       : abi 2.x, 4 thread(s)

running 49 cases at 16 MiB nominal tensor size, 5 reps, stress=none


=== f64 ===
             case |      m |     n |     k | regA | regB | plan GF/s | packed GF/s | upstream GF/s | tblis GF/s 
------------------+--------+-------+-------+------+------+-----------+-------------+---------------+------------
         ij-ik-kj |   1464 |  1448 |  1464 | 0.00 | 0.00 |     145.1 |       130.4 |         127.3 |      175.2 
       ij-ikl-ljk |    144 |   128 | 18432 | 1.00 | 1.00 |     101.5 |       100.8 |          98.2 |       89.5 
       ij-kil-lkj |    144 |   128 | 20736 | 1.00 | 1.00 |      98.5 |       101.8 |          95.1 |       80.6 
       ijk-ikl-lj |  18432 |   128 |   144 | 1.00 | 1.00 |     159.8 |       160.3 |         152.5 |      108.6 
       ijk-il-jlk |    144 | 18432 |   128 | 1.00 | 1.00 |     114.1 |       112.9 |         105.6 |      143.1 
       ijk-ilk-jl |  18432 |   144 |   128 | 1.00 | 1.00 |     167.0 |       169.4 |         169.0 |      125.8 
       ijk-ilk-lj |  18432 |   128 |   144 | 1.00 | 1.00 |     166.5 |       172.0 |         166.7 |      120.8 
     ijk-ilmk-mjl |   1920 |    40 |  1920 | 1.00 | 1.00 |     123.1 |       137.7 |         128.9 |       83.1 
   ijkl-imjn-lnkm |   1920 |  1920 |  1600 | 1.00 | 1.00 |     179.0 |       178.6 |         174.6 |      177.7 
   ijkl-imjn-nlmk |   1920 |  1600 |  1920 | 1.00 | 1.00 |     179.7 |       179.5 |         177.3 |      175.8 
   ijkl-imkn-jnlm |   1920 |  1920 |  1600 | 1.00 | 1.00 |     180.8 |       180.7 |         176.6 |      176.1 
   ijkl-imkn-njml |   1920 |  1600 |  1920 | 1.00 | 1.00 |     181.1 |       181.0 |         178.3 |      173.8 
   ijkl-imln-jnkm |   1920 |  1920 |  1600 | 1.00 | 1.00 |     181.6 |       181.5 |         177.5 |      174.2 
   ijkl-imln-njmk |   1920 |  1600 |  1920 | 1.00 | 1.00 |     181.8 |       181.6 |         179.5 |      173.6 
   ijkl-imnj-nlkm |   1920 |  1600 |  1920 | 1.00 | 1.00 |     179.0 |       178.7 |         176.8 |      177.4 
   ijkl-imnk-njml |   1920 |  1600 |  1920 | 1.00 | 1.00 |     180.5 |       181.2 |         178.7 |      175.9 
   ijkl-minj-nlmk |   1920 |  1600 |  2304 | 1.00 | 1.00 |     177.9 |       177.6 |         176.3 |      173.9 
   ijkl-mink-jnlm |   1920 |  1920 |  1920 | 1.00 | 1.00 |     179.7 |       179.4 |         175.8 |      176.6 
   ijkl-minl-njmk |   1920 |  1600 |  2304 | 1.00 | 1.00 |     179.9 |       180.1 |         178.0 |      172.9 
     aqrs-pa-pqrs |     48 | 64000 |    48 | 0.00 | 0.00 |     132.8 |       110.7 |         103.8 |       62.4 
     abrs-qb-aqrs |     40 | 76800 |    48 | 1.00 | 1.00 |     129.7 |       129.6 |         125.2 |       68.8 
     abcs-rc-abrs |     40 | 76800 |    48 | 1.00 | 1.00 |     117.6 |       121.3 |         113.5 |       60.8 
       abj-bka-kj |  20736 |   128 |   144 | 1.00 | 1.00 |     137.1 |       138.8 |         131.1 |       82.3 
       ajb-kba-jk |  18432 |   144 |   144 | 1.00 | 1.00 |     156.1 |       161.6 |         155.8 |      126.2 
     abjc-cbka-kj |  92160 |    40 |    48 | 1.00 | 1.00 |      28.1 |        28.1 |          26.3 |       38.8 
     ajbc-ckba-jk |  92160 |    48 |    40 | 1.00 | 1.00 |      43.6 |        42.9 |          41.0 |       61.6 
     abjc-kbac-jk |  76800 |    48 |    48 | 1.00 | 1.00 |     104.1 |        97.5 |          95.1 |       53.8 
   abjcd-dkbac-jk | 230400 |    24 |    20 | 1.00 | 1.00 |      31.0 |        31.2 |          29.8 |       30.1 
   adbjc-cbdka-kj | 230400 |    20 |    24 | 1.00 | 1.00 |      16.7 |        16.7 |          15.9 |       16.3 
   ajbdc-ckbad-jk | 230400 |    24 |    20 | 1.00 | 1.00 |      31.1 |        31.2 |          29.6 |       32.5 
 abcijk-ijma-mkbc |   6912 |  1728 |    24 | 1.00 | 1.00 |     129.1 |       129.0 |         121.2 |      110.0 
 abcijk-ijmb-mkac |   3456 |  3456 |    24 | 1.00 | 0.67 |     124.1 |       123.3 |         116.2 |       67.5 
 abcijk-ijmc-mkab |   3456 |  3456 |    24 | 1.00 | 0.67 |     120.9 |       118.6 |         111.9 |       84.2 
 abcijk-ikma-mjbc |   6912 |  1728 |    24 | 1.00 | 1.00 |     130.1 |       130.4 |         121.2 |      109.6 
 abcijk-ikmb-mjac |   3456 |  3456 |    24 | 1.00 | 0.67 |     123.6 |       124.0 |         117.0 |       90.1 
 abcijk-ikmc-mjab |   3456 |  3456 |    24 | 1.00 | 0.67 |     120.0 |       118.8 |         113.4 |       80.2 
 abcijk-jkma-mibc |   6912 |  1728 |    24 | 1.00 | 1.00 |     132.4 |       132.8 |         123.4 |      111.6 
 abcijk-jkmb-miac |   3456 |  3456 |    24 | 1.00 | 0.67 |     123.4 |       123.5 |         114.1 |       48.1 
 abcijk-jkmc-miab |   3456 |  3456 |    24 | 1.00 | 0.67 |     119.1 |       118.2 |         113.0 |       61.5 
 abcijk-eiab-jkec |   3456 |  3456 |    24 | 1.00 | 0.67 |     117.8 |       118.6 |         113.6 |       60.8 
 abcijk-eiac-jkeb |   3456 |  3456 |    24 | 1.00 | 0.67 |     122.9 |       123.3 |         117.9 |       48.5 
 abcijk-eibc-jkea |   1728 |  6912 |    24 | 1.00 | 1.00 |     133.7 |       133.7 |         123.7 |      111.1 
 abcijk-ejab-ikec |   3456 |  3456 |    24 | 1.00 | 0.67 |     113.5 |       119.4 |         112.1 |       81.2 
 abcijk-ejac-ikeb |   3456 |  3456 |    24 | 1.00 | 0.67 |     123.9 |       123.7 |         118.0 |       90.1 
 abcijk-ejbc-ikea |   1728 |  6912 |    24 | 1.00 | 1.00 |     128.1 |       130.0 |         121.5 |      110.0 
 abcijk-ekab-ijec |   3456 |  3456 |    24 | 1.00 | 0.67 |     117.8 |       121.6 |         113.3 |       84.6 
 abcijk-ekac-ijeb |   3456 |  3456 |    24 | 1.00 | 0.67 |     121.6 |       124.8 |         117.2 |       64.9 
 abcijk-ekbc-ijea |   1728 |  6912 |    24 | 1.00 | 1.00 |     129.8 |       129.0 |         121.6 |      109.3 
       abc-bk-akc |    144 | 18432 |   128 | 1.00 | 1.00 |     169.8 |       173.4 |         165.4 |      125.2 

=== c64 ===
             case |      m |     n |     k | regA | regB | plan GF/s | packed GF/s | upstream GF/s | tblis GF/s 
------------------+--------+-------+-------+------+------+-----------+-------------+---------------+------------
         ij-ik-kj |   1464 |  1448 |  1464 | 1.00 | 1.00 |     190.7 |       190.7 |         189.4 |      184.9 
       ij-ikl-ljk |    144 |   128 | 18432 | 1.00 | 1.00 |     120.8 |       119.4 |         116.0 |      117.4 
       ij-kil-lkj |    144 |   128 | 20736 | 1.00 | 1.00 |     116.3 |       116.5 |         111.4 |      108.5 
       ijk-ikl-lj |  18432 |   128 |   144 | 1.00 | 1.00 |     181.6 |       181.5 |         178.9 |      134.4 
       ijk-il-jlk |    144 | 18432 |   128 | 1.00 | 1.00 |     136.0 |       136.9 |         136.6 |      168.7 
       ijk-ilk-jl |  18432 |   144 |   128 | 1.00 | 1.00 |     190.7 |       190.1 |         187.8 |      147.0 
       ijk-ilk-lj |  18432 |   128 |   144 | 1.00 | 1.00 |     184.7 |       184.4 |         182.1 |      142.6 
     ijk-ilmk-mjl |   1920 |    40 |  1920 | 1.00 | 1.00 |     148.3 |       148.7 |         145.7 |      108.0 
   ijkl-imjn-lnkm |   1920 |  1920 |  1600 | 1.00 | 0.90 |     187.5 |       187.5 |         184.4 |      180.8 
   ijkl-imjn-nlmk |   1920 |  1600 |  1920 | 1.00 | 0.90 |     187.9 |       187.7 |         186.7 |      179.7 
   ijkl-imkn-jnlm |   1920 |  1920 |  1600 | 1.00 | 1.00 |     189.9 |       190.1 |         187.6 |      178.9 
   ijkl-imkn-njml |   1920 |  1600 |  1920 | 1.00 | 0.90 |     189.6 |       189.6 |         187.8 |      178.8 
   ijkl-imln-jnkm |   1920 |  1920 |  1600 | 1.00 | 1.00 |     190.6 |       190.6 |         188.4 |      179.5 
   ijkl-imln-njmk |   1920 |  1600 |  1920 | 1.00 | 0.90 |     190.2 |       190.3 |         188.2 |      179.5 
   ijkl-imnj-nlkm |   1920 |  1600 |  1920 | 1.00 | 0.90 |     187.8 |       187.9 |         186.9 |      180.4 
   ijkl-imnk-njml |   1920 |  1600 |  1920 | 1.00 | 0.90 |     189.8 |       189.8 |         187.9 |      179.7 
   ijkl-minj-nlmk |   1920 |  1600 |  2304 | 1.00 | 0.90 |     185.8 |       186.1 |         184.4 |      178.9 
   ijkl-mink-jnlm |   1920 |  1920 |  1920 | 1.00 | 1.00 |     188.3 |       188.3 |         185.9 |      179.7 
   ijkl-minl-njmk |   1920 |  1600 |  2304 | 1.00 | 0.90 |     187.9 |       187.9 |         185.5 |      178.4 
     aqrs-pa-pqrs |     48 | 64000 |    48 | 1.00 | 1.00 |     146.7 |       147.1 |         139.5 |      107.1 
     abrs-qb-aqrs |     40 | 76800 |    48 | 1.00 | 1.00 |     154.9 |       154.8 |         151.3 |      100.4 
     abcs-rc-abrs |     40 | 76800 |    48 | 1.00 | 1.00 |     149.5 |       146.3 |         144.6 |       96.0 
       abj-bka-kj |  20736 |   128 |   144 | 1.00 | 1.00 |     157.5 |       157.7 |         153.9 |      115.1 
       ajb-kba-jk |  18432 |   144 |   144 | 1.00 | 1.00 |     191.1 |       190.4 |         187.6 |      152.5 
     abjc-cbka-kj |  92160 |    40 |    48 | 1.00 | 1.00 |      69.7 |        71.2 |          68.7 |       73.7 
     ajbc-ckba-jk |  92160 |    48 |    40 | 1.00 | 1.00 |      96.7 |        96.2 |          94.8 |      105.4 
     abjc-kbac-jk |  76800 |    48 |    48 | 1.00 | 1.00 |     147.2 |       155.6 |         157.5 |       77.9 
   abjcd-dkbac-jk | 230400 |    24 |    20 | 0.67 | 1.00 |      68.0 |        68.5 |          65.4 |       61.7 
   adbjc-cbdka-kj | 230400 |    20 |    24 | 0.67 | 1.00 |      38.0 |        38.5 |          37.2 |       47.8 
   ajbdc-ckbad-jk | 230400 |    24 |    20 | 1.00 | 1.00 |      58.3 |        58.2 |          56.0 |       68.2 
 abcijk-ijma-mkbc |   6912 |  1728 |    24 | 1.00 | 1.00 |     165.1 |       163.4 |         160.2 |      142.6 
 abcijk-ijmb-mkac |   3456 |  3456 |    24 | 1.00 | 1.00 |     171.0 |       171.0 |         170.1 |      109.4 
 abcijk-ijmc-mkab |   3456 |  3456 |    24 | 1.00 | 1.00 |     168.5 |       168.4 |         165.0 |      140.6 
 abcijk-ikma-mjbc |   6912 |  1728 |    24 | 1.00 | 1.00 |     164.3 |       164.6 |         160.0 |      142.7 
 abcijk-ikmb-mjac |   3456 |  3456 |    24 | 1.00 | 1.00 |     171.0 |       170.9 |         165.8 |      128.9 
 abcijk-ikmc-mjab |   3456 |  3456 |    24 | 1.00 | 1.00 |     168.3 |       168.6 |         165.1 |      123.7 
 abcijk-jkma-mibc |   6912 |  1728 |    24 | 1.00 | 1.00 |     166.3 |       165.6 |         160.6 |      143.2 
 abcijk-jkmb-miac |   3456 |  3456 |    24 | 1.00 | 1.00 |     170.6 |       172.7 |         165.3 |       84.5 
 abcijk-jkmc-miab |   3456 |  3456 |    24 | 1.00 | 1.00 |     165.7 |       166.9 |         163.0 |       99.3 
 abcijk-eiab-jkec |   3456 |  3456 |    24 | 1.00 | 1.00 |     166.8 |       165.9 |         162.2 |       99.5 
 abcijk-eiac-jkeb |   3456 |  3456 |    24 | 1.00 | 1.00 |     171.1 |       171.1 |         165.7 |       83.9 
 abcijk-eibc-jkea |   1728 |  6912 |    24 | 1.00 | 1.00 |     166.2 |       165.9 |         161.4 |      143.2 
 abcijk-ejab-ikec |   3456 |  3456 |    24 | 1.00 | 1.00 |     170.0 |       170.0 |         165.6 |      123.8 
 abcijk-ejac-ikeb |   3456 |  3456 |    24 | 1.00 | 1.00 |     171.3 |       171.0 |         165.4 |      128.6 
 abcijk-ejbc-ikea |   1728 |  6912 |    24 | 1.00 | 1.00 |     165.4 |       164.8 |         159.6 |      142.5 
 abcijk-ekab-ijec |   3456 |  3456 |    24 | 1.00 | 1.00 |     168.5 |       168.6 |         165.0 |      141.8 
 abcijk-ekac-ijeb |   3456 |  3456 |    24 | 1.00 | 1.00 |     170.6 |       171.5 |         165.7 |      108.6 
 abcijk-ekbc-ijea |   1728 |  6912 |    24 | 1.00 | 1.00 |     164.9 |       163.9 |         159.7 |      142.5 
       abc-bk-akc |    144 | 18432 |   128 | 1.00 | 1.00 |     191.5 |       190.8 |         187.6 |      147.0 

=== complex efficiency ratio (c64 GF/s over f64 GF/s; 1.0 = no penalty) ===
             case | plan c64/f64 | packed c64/f64 | upstream c64/f64 | tblis c64/f64 
------------------+--------------+----------------+------------------+---------------
         ij-ik-kj |        1.315 |          1.463 |            1.488 |         1.056 
       ij-ikl-ljk |        1.191 |          1.184 |            1.180 |         1.312 
       ij-kil-lkj |        1.180 |          1.144 |            1.171 |         1.346 
       ijk-ikl-lj |        1.136 |          1.132 |            1.173 |         1.238 
       ijk-il-jlk |        1.192 |          1.212 |            1.293 |         1.179 
       ijk-ilk-jl |        1.142 |          1.122 |            1.111 |         1.169 
       ijk-ilk-lj |        1.109 |          1.072 |            1.093 |         1.180 
     ijk-ilmk-mjl |        1.205 |          1.080 |            1.130 |         1.299 
   ijkl-imjn-lnkm |        1.047 |          1.050 |            1.056 |         1.018 
   ijkl-imjn-nlmk |        1.046 |          1.046 |            1.053 |         1.023 
   ijkl-imkn-jnlm |        1.051 |          1.052 |            1.063 |         1.016 
   ijkl-imkn-njml |        1.047 |          1.047 |            1.053 |         1.028 
   ijkl-imln-jnkm |        1.050 |          1.050 |            1.061 |         1.030 
   ijkl-imln-njmk |        1.047 |          1.048 |            1.048 |         1.034 
   ijkl-imnj-nlkm |        1.049 |          1.052 |            1.057 |         1.017 
   ijkl-imnk-njml |        1.052 |          1.047 |            1.051 |         1.022 
   ijkl-minj-nlmk |        1.044 |          1.048 |            1.046 |         1.029 
   ijkl-mink-jnlm |        1.048 |          1.050 |            1.057 |         1.018 
   ijkl-minl-njmk |        1.044 |          1.043 |            1.042 |         1.032 
     aqrs-pa-pqrs |        1.104 |          1.329 |            1.344 |         1.716 
     abrs-qb-aqrs |        1.194 |          1.194 |            1.208 |         1.459 
     abcs-rc-abrs |        1.271 |          1.206 |            1.275 |         1.579 
       abj-bka-kj |        1.149 |          1.136 |            1.174 |         1.399 
       ajb-kba-jk |        1.224 |          1.178 |            1.204 |         1.208 
     abjc-cbka-kj |        2.481 |          2.539 |            2.616 |         1.899 
     ajbc-ckba-jk |        2.220 |          2.242 |            2.310 |         1.711 
     abjc-kbac-jk |        1.414 |          1.596 |            1.656 |         1.447 
   abjcd-dkbac-jk |        2.192 |          2.195 |            2.194 |         2.053 
   adbjc-cbdka-kj |        2.275 |          2.312 |            2.337 |         2.924 
   ajbdc-ckbad-jk |        1.876 |          1.864 |            1.888 |         2.095 
 abcijk-ijma-mkbc |        1.279 |          1.267 |            1.322 |         1.297 
 abcijk-ijmb-mkac |        1.378 |          1.387 |            1.464 |         1.619 
 abcijk-ijmc-mkab |        1.394 |          1.420 |            1.475 |         1.670 
 abcijk-ikma-mjbc |        1.263 |          1.262 |            1.320 |         1.303 
 abcijk-ikmb-mjac |        1.383 |          1.379 |            1.418 |         1.430 
 abcijk-ikmc-mjab |        1.402 |          1.419 |            1.456 |         1.542 
 abcijk-jkma-mibc |        1.256 |          1.247 |            1.302 |         1.284 
 abcijk-jkmb-miac |        1.382 |          1.398 |            1.449 |         1.756 
 abcijk-jkmc-miab |        1.391 |          1.413 |            1.443 |         1.614 
 abcijk-eiab-jkec |        1.416 |          1.398 |            1.427 |         1.637 
 abcijk-eiac-jkeb |        1.392 |          1.388 |            1.406 |         1.731 
 abcijk-eibc-jkea |        1.243 |          1.241 |            1.304 |         1.289 
 abcijk-ejab-ikec |        1.498 |          1.423 |            1.477 |         1.524 
 abcijk-ejac-ikeb |        1.383 |          1.382 |            1.401 |         1.427 
 abcijk-ejbc-ikea |        1.291 |          1.268 |            1.313 |         1.296 
 abcijk-ekab-ijec |        1.430 |          1.387 |            1.457 |         1.675 
 abcijk-ekac-ijeb |        1.404 |          1.374 |            1.414 |         1.674 
 abcijk-ekbc-ijea |        1.270 |          1.271 |            1.313 |         1.304 
       abc-bk-akc |        1.127 |          1.101 |            1.134 |         1.174 
             MEAN |        1.326 |          1.330 |            1.362 |         1.404 

wrote /home/shinaoka/projects/tensor4all/tprims-rs/benchmarks/benchmarks/tcbench/results/scaling-single-l3/candidate/A2-16m-4t.pending.csv
