# threads: requested=4 pool=4 budget=4
host        : shinaoka-EVO-X1Pro
target      : x86_64 / linux
cpu features: avx2 fma avx512f avx512dq 
caches      : L1=48KiB/12-way/2sh L2=1024KiB/16-way/2sh L3=8192KiB/16-way/16sh (via sysfs), blocking=legacy
l3 domains  : t1=1 t4=1 t8=1
baselines   : tblis=true blas=false
tblis       : abi 2.x, 4 thread(s)

running 49 cases at 1 MiB nominal tensor size, 5 reps, stress=none


=== f64 ===
             case |     m |    n |    k | regA | regB | plan GF/s | packed GF/s | upstream GF/s | tblis GF/s 
------------------+-------+------+------+------+------+-----------+-------------+---------------+------------
         ij-ik-kj |   384 |  364 |  384 | 0.00 | 0.00 |     145.7 |       133.8 |         119.1 |      105.2 
       ij-ikl-ljk |    72 |   52 | 3744 | 1.00 | 1.00 |      64.3 |        65.1 |          53.0 |       38.2 
       ij-kil-lkj |    72 |   52 | 5184 | 1.00 | 1.00 |      61.2 |        61.4 |          53.1 |       37.8 
       ijk-ikl-lj |  3744 |   52 |   72 | 1.00 | 1.00 |     112.3 |       113.9 |          86.6 |       70.5 
       ijk-il-jlk |    72 | 3744 |   52 | 1.00 | 1.00 |      58.2 |       116.4 |          96.5 |       77.4 
       ijk-ilk-jl |  3744 |   72 |   52 | 1.00 | 1.00 |     139.4 |       141.9 |         108.9 |       91.9 
       ijk-ilk-lj |  3744 |   52 |   72 | 1.00 | 1.00 |     147.9 |       152.7 |         114.2 |       97.5 
     ijk-ilmk-mjl |   480 |   20 |  480 | 1.00 | 1.00 |      28.2 |        28.5 |          70.2 |       53.4 
   ijkl-imjn-lnkm |   480 |  480 |  400 | 1.00 | 0.80 |     186.8 |       187.1 |         169.2 |      144.2 
   ijkl-imjn-nlmk |   480 |  400 |  480 | 1.00 | 0.80 |     190.4 |       191.6 |         175.7 |      149.3 
   ijkl-imkn-jnlm |   480 |  480 |  400 | 1.00 | 1.00 |     185.1 |       192.2 |         176.5 |      154.0 
   ijkl-imkn-njml |   480 |  400 |  480 | 1.00 | 0.80 |     189.2 |       190.7 |         177.7 |      151.7 
   ijkl-imln-jnkm |   480 |  480 |  400 | 1.00 | 1.00 |     192.4 |       188.8 |         175.1 |      152.8 
   ijkl-imln-njmk |   480 |  400 |  480 | 1.00 | 0.80 |     190.4 |       194.2 |         177.7 |      152.1 
   ijkl-imnj-nlkm |   480 |  400 |  480 | 1.00 | 0.80 |     192.7 |       191.8 |         178.3 |      153.1 
   ijkl-imnk-njml |   480 |  400 |  480 | 1.00 | 0.80 |     192.2 |       194.0 |         180.5 |      151.9 
   ijkl-minj-nlmk |   480 |  400 |  576 | 1.00 | 0.80 |     187.1 |       188.9 |         173.6 |      150.1 
   ijkl-mink-jnlm |   480 |  480 |  480 | 1.00 | 1.00 |     191.8 |       191.9 |         178.3 |      148.5 
   ijkl-minl-njmk |   480 |  400 |  576 | 1.00 | 0.80 |     190.6 |       188.9 |         178.1 |      152.1 
     aqrs-pa-pqrs |    24 | 8000 |   24 | 0.00 | 0.00 |      45.6 |        57.8 |          74.9 |       42.9 
     abrs-qb-aqrs |    20 | 9600 |   24 | 1.00 | 1.00 |     106.1 |       107.6 |          63.5 |       40.1 
     abcs-rc-abrs |    20 | 9600 |   24 | 1.00 | 1.00 |     105.1 |       106.6 |          66.7 |       40.3 
       abj-bka-kj |  5184 |   52 |   72 | 1.00 | 1.00 |     127.0 |       128.4 |         106.5 |       82.5 
       ajb-kba-jk |  3744 |   72 |   72 | 1.00 | 1.00 |     153.5 |       166.9 |         134.5 |      113.9 
     abjc-cbka-kj | 11520 |   20 |   24 | 1.00 | 1.00 |      48.7 |        53.2 |          39.8 |       38.6 
     ajbc-ckba-jk | 11520 |   24 |   20 | 1.00 | 1.00 |      75.5 |        76.0 |          51.4 |       44.3 
     abjc-kbac-jk |  9600 |   24 |   24 | 1.00 | 1.00 |     109.6 |       112.7 |          67.1 |       48.0 
   abjcd-dkbac-jk | 82944 |   24 |   12 | 1.00 | 1.00 |      38.3 |        39.4 |          35.1 |       22.9 
   adbjc-cbdka-kj | 82944 |   12 |   24 | 1.00 | 1.00 |       9.2 |         8.7 |           8.3 |       18.7 
   ajbdc-ckbad-jk | 82944 |   24 |   12 | 1.00 | 1.00 |      38.0 |        37.9 |          35.2 |       24.6 
 abcijk-ijma-mkbc |  4608 |  512 |   24 | 1.00 | 1.00 |     102.2 |       132.3 |         122.1 |       97.8 
 abcijk-ijmb-mkac |  1536 | 1536 |   24 | 1.00 | 1.00 |     140.2 |       153.3 |         127.5 |       61.6 
 abcijk-ijmc-mkab |  1536 | 1536 |   24 | 1.00 | 1.00 |     139.5 |       139.0 |         124.2 |       92.0 
 abcijk-ikma-mjbc |  4608 |  512 |   24 | 1.00 | 1.00 |     128.3 |       129.1 |         116.4 |       98.0 
 abcijk-ikmb-mjac |  1536 | 1536 |   24 | 1.00 | 1.00 |     137.5 |       155.3 |         128.2 |       94.0 
 abcijk-ikmc-mjab |  1536 | 1536 |   24 | 1.00 | 1.00 |     131.9 |       140.2 |         127.9 |       77.5 
 abcijk-jkma-mibc |  4608 |  512 |   24 | 1.00 | 1.00 |     133.4 |       130.3 |         122.0 |      110.8 
 abcijk-jkmb-miac |  1536 | 1536 |   24 | 1.00 | 1.00 |     125.2 |       143.8 |         128.1 |       63.3 
 abcijk-jkmc-miab |  1536 | 1536 |   24 | 1.00 | 1.00 |     129.7 |       136.3 |         125.6 |       80.4 
 abcijk-eiab-jkec |  1536 | 1536 |   24 | 1.00 | 1.00 |     134.4 |       142.2 |         121.1 |       82.1 
 abcijk-eiac-jkeb |  1536 | 1536 |   24 | 1.00 | 1.00 |     131.0 |       148.7 |         132.5 |       62.5 
 abcijk-eibc-jkea |   512 | 4608 |   24 | 1.00 | 1.00 |     131.7 |       135.1 |         115.2 |      109.3 
 abcijk-ejab-ikec |  1536 | 1536 |   24 | 1.00 | 1.00 |     130.4 |       144.9 |         124.2 |       84.5 
 abcijk-ejac-ikeb |  1536 | 1536 |   24 | 1.00 | 1.00 |     135.8 |       147.4 |         133.6 |       96.6 
 abcijk-ejbc-ikea |   512 | 4608 |   24 | 1.00 | 1.00 |     123.8 |       132.1 |         121.8 |       98.9 
 abcijk-ekab-ijec |  1536 | 1536 |   24 | 1.00 | 1.00 |     133.8 |       138.1 |         126.2 |       95.9 
 abcijk-ekac-ijeb |  1536 | 1536 |   24 | 1.00 | 1.00 |     135.9 |       142.1 |         127.3 |       61.2 
 abcijk-ekbc-ijea |   512 | 4608 |   24 | 1.00 | 1.00 |     121.0 |       127.4 |         117.5 |       98.5 
       abc-bk-akc |    72 | 3744 |   52 | 1.00 | 1.00 |     163.5 |       169.3 |         127.8 |      108.0 

=== c64 ===
             case |     m |    n |    k | regA | regB | plan GF/s | packed GF/s | upstream GF/s | tblis GF/s 
------------------+-------+------+------+------+------+-----------+-------------+---------------+------------
         ij-ik-kj |   384 |  364 |  384 | 1.00 | 1.00 |     137.7 |       138.1 |         131.9 |      125.2 
       ij-ikl-ljk |    72 |   52 | 3744 | 1.00 | 1.00 |      65.1 |        65.4 |          60.7 |       76.7 
       ij-kil-lkj |    72 |   52 | 5184 | 1.00 | 1.00 |      60.1 |        60.2 |          56.6 |       70.6 
       ijk-ikl-lj |  3744 |   52 |   72 | 1.00 | 1.00 |     123.0 |       122.3 |         114.2 |       91.7 
       ijk-il-jlk |    72 | 3744 |   52 | 1.00 | 1.00 |      73.7 |        70.5 |          72.2 |      123.4 
       ijk-ilk-jl |  3744 |   72 |   52 | 0.89 | 1.00 |     155.9 |       154.6 |         147.5 |      132.6 
       ijk-ilk-lj |  3744 |   52 |   72 | 0.89 | 1.00 |     172.6 |       171.8 |         155.2 |      124.5 
     ijk-ilmk-mjl |   480 |   20 |  480 | 0.67 | 1.00 |      84.7 |       131.3 |         107.6 |      111.0 
   ijkl-imjn-lnkm |   480 |  480 |  400 | 0.67 | 0.80 |     173.8 |       174.3 |         168.5 |      166.9 
   ijkl-imjn-nlmk |   480 |  400 |  480 | 0.67 | 0.81 |     175.8 |       175.0 |         170.9 |      164.7 
   ijkl-imkn-jnlm |   480 |  480 |  400 | 0.67 | 1.00 |     174.5 |       173.9 |         169.5 |      167.1 
   ijkl-imkn-njml |   480 |  400 |  480 | 0.67 | 0.81 |     172.8 |       175.2 |         171.2 |      167.3 
   ijkl-imln-jnkm |   480 |  480 |  400 | 0.67 | 1.00 |     175.7 |       175.4 |         170.5 |      167.0 
   ijkl-imln-njmk |   480 |  400 |  480 | 0.67 | 0.81 |     176.4 |       175.3 |         172.9 |      169.7 
   ijkl-imnj-nlkm |   480 |  400 |  480 | 0.67 | 0.81 |     176.6 |       175.3 |         171.3 |      170.7 
   ijkl-imnk-njml |   480 |  400 |  480 | 0.67 | 0.81 |     163.6 |       175.1 |         171.5 |      170.4 
   ijkl-minj-nlmk |   480 |  400 |  576 | 0.67 | 0.81 |     167.6 |       167.8 |         164.0 |      162.0 
   ijkl-mink-jnlm |   480 |  480 |  480 | 0.67 | 1.00 |     172.7 |       172.3 |         169.6 |      167.5 
   ijkl-minl-njmk |   480 |  400 |  576 | 0.67 | 0.81 |     129.8 |       168.4 |         166.4 |      165.7 
     aqrs-pa-pqrs |    24 | 8000 |   24 | 1.00 | 1.00 |     102.3 |       104.2 |          86.9 |       89.9 
     abrs-qb-aqrs |    20 | 9600 |   24 | 1.00 | 1.00 |     147.5 |       151.4 |         115.2 |       79.3 
     abcs-rc-abrs |    20 | 9600 |   24 | 1.00 | 1.00 |     131.7 |       132.4 |         105.4 |       80.3 
       abj-bka-kj |  5184 |   52 |   72 | 0.89 | 1.00 |     155.7 |       155.8 |         145.4 |       98.8 
       ajb-kba-jk |  3744 |   72 |   72 | 0.89 | 1.00 |     177.7 |       171.5 |         159.4 |      128.2 
     abjc-cbka-kj | 11520 |   20 |   24 | 0.67 | 1.00 |      99.1 |        98.6 |          77.5 |       72.0 
     ajbc-ckba-jk | 11520 |   24 |   20 | 1.00 | 1.00 |     102.2 |       104.7 |          85.1 |       74.7 
     abjc-kbac-jk |  9600 |   24 |   24 | 0.67 | 1.00 |     146.7 |       147.2 |         118.2 |       85.9 
   abjcd-dkbac-jk | 82944 |   24 |   12 | 0.67 | 1.00 |      61.4 |        61.9 |          56.4 |       46.8 
   adbjc-cbdka-kj | 82944 |   12 |   24 | 0.67 | 1.00 |      29.5 |        29.7 |          28.6 |       33.4 
   ajbdc-ckbad-jk | 82944 |   24 |   12 | 1.00 | 1.00 |      60.1 |        60.4 |          53.0 |       50.0 
 abcijk-ijma-mkbc |  4608 |  512 |   24 | 1.00 | 0.97 |     142.8 |       158.5 |         150.5 |      123.0 
 abcijk-ijmb-mkac |  1536 | 1536 |   24 | 1.00 | 0.75 |     167.6 |       171.5 |         160.9 |      115.6 
 abcijk-ijmc-mkab |  1536 | 1536 |   24 | 1.00 | 0.50 |     168.9 |       136.9 |         159.8 |      137.6 
 abcijk-ikma-mjbc |  4608 |  512 |   24 | 1.00 | 0.97 |     138.8 |       156.7 |         147.8 |      120.7 
 abcijk-ikmb-mjac |  1536 | 1536 |   24 | 1.00 | 0.75 |     171.0 |       167.6 |         159.2 |      123.4 
 abcijk-ikmc-mjab |  1536 | 1536 |   24 | 1.00 | 0.50 |     165.4 |       166.6 |         159.6 |      126.0 
 abcijk-jkma-mibc |  4608 |  512 |   24 | 1.00 | 0.97 |     158.4 |       157.3 |         150.7 |      134.9 
 abcijk-jkmb-miac |  1536 | 1536 |   24 | 1.00 | 0.75 |     167.6 |       167.8 |         158.2 |      105.3 
 abcijk-jkmc-miab |  1536 | 1536 |   24 | 1.00 | 0.50 |     165.6 |       164.7 |         154.7 |      123.7 
 abcijk-eiab-jkec |  1536 | 1536 |   24 | 1.00 | 0.50 |     165.0 |       161.3 |         157.0 |      124.8 
 abcijk-eiac-jkeb |  1536 | 1536 |   24 | 1.00 | 0.75 |     169.2 |       169.3 |         160.5 |      102.2 
 abcijk-eibc-jkea |   512 | 4608 |   24 | 1.00 | 0.97 |     130.1 |       155.2 |         150.2 |      135.4 
 abcijk-ejab-ikec |  1536 | 1536 |   24 | 1.00 | 0.50 |     167.0 |       164.7 |         157.4 |      122.8 
 abcijk-ejac-ikeb |  1536 | 1536 |   24 | 1.00 | 0.75 |     170.0 |       168.3 |         160.5 |      123.4 
 abcijk-ejbc-ikea |   512 | 4608 |   24 | 1.00 | 0.97 |     134.1 |       156.7 |         150.6 |      122.4 
 abcijk-ekab-ijec |  1536 | 1536 |   24 | 1.00 | 0.50 |     166.8 |       163.8 |         159.8 |      137.1 
 abcijk-ekac-ijeb |  1536 | 1536 |   24 | 1.00 | 0.75 |     168.5 |       167.7 |         159.9 |      114.3 
 abcijk-ekbc-ijea |   512 | 4608 |   24 | 1.00 | 0.97 |     153.6 |       158.3 |         149.1 |      123.3 
       abc-bk-akc |    72 | 3744 |   52 | 0.89 | 1.00 |     178.7 |       178.5 |         163.0 |      144.0 

=== complex efficiency ratio (c64 GF/s over f64 GF/s; 1.0 = no penalty) ===
             case | plan c64/f64 | packed c64/f64 | upstream c64/f64 | tblis c64/f64 
------------------+--------------+----------------+------------------+---------------
         ij-ik-kj |        0.945 |          1.032 |            1.107 |         1.190 
       ij-ikl-ljk |        1.011 |          1.004 |            1.144 |         2.008 
       ij-kil-lkj |        0.981 |          0.982 |            1.066 |         1.867 
       ijk-ikl-lj |        1.096 |          1.074 |            1.319 |         1.301 
       ijk-il-jlk |        1.266 |          0.606 |            0.748 |         1.595 
       ijk-ilk-jl |        1.118 |          1.089 |            1.355 |         1.442 
       ijk-ilk-lj |        1.167 |          1.125 |            1.359 |         1.277 
     ijk-ilmk-mjl |        3.007 |          4.604 |            1.533 |         2.080 
   ijkl-imjn-lnkm |        0.930 |          0.931 |            0.996 |         1.157 
   ijkl-imjn-nlmk |        0.923 |          0.914 |            0.972 |         1.103 
   ijkl-imkn-jnlm |        0.943 |          0.904 |            0.960 |         1.086 
   ijkl-imkn-njml |        0.914 |          0.919 |            0.964 |         1.103 
   ijkl-imln-jnkm |        0.913 |          0.929 |            0.974 |         1.093 
   ijkl-imln-njmk |        0.926 |          0.903 |            0.973 |         1.116 
   ijkl-imnj-nlkm |        0.916 |          0.914 |            0.961 |         1.115 
   ijkl-imnk-njml |        0.851 |          0.902 |            0.950 |         1.122 
   ijkl-minj-nlmk |        0.896 |          0.888 |            0.945 |         1.079 
   ijkl-mink-jnlm |        0.900 |          0.898 |            0.951 |         1.128 
   ijkl-minl-njmk |        0.681 |          0.892 |            0.934 |         1.089 
     aqrs-pa-pqrs |        2.244 |          1.804 |            1.161 |         2.096 
     abrs-qb-aqrs |        1.390 |          1.407 |            1.813 |         1.979 
     abcs-rc-abrs |        1.253 |          1.242 |            1.580 |         1.992 
       abj-bka-kj |        1.226 |          1.213 |            1.365 |         1.197 
       ajb-kba-jk |        1.158 |          1.027 |            1.185 |         1.126 
     abjc-cbka-kj |        2.036 |          1.852 |            1.946 |         1.865 
     ajbc-ckba-jk |        1.354 |          1.377 |            1.655 |         1.687 
     abjc-kbac-jk |        1.338 |          1.307 |            1.763 |         1.792 
   abjcd-dkbac-jk |        1.601 |          1.570 |            1.606 |         2.046 
   adbjc-cbdka-kj |        3.188 |          3.396 |            3.440 |         1.788 
   ajbdc-ckbad-jk |        1.579 |          1.596 |            1.504 |         2.027 
 abcijk-ijma-mkbc |        1.398 |          1.198 |            1.232 |         1.257 
 abcijk-ijmb-mkac |        1.196 |          1.119 |            1.263 |         1.876 
 abcijk-ijmc-mkab |        1.211 |          0.985 |            1.287 |         1.495 
 abcijk-ikma-mjbc |        1.082 |          1.214 |            1.270 |         1.232 
 abcijk-ikmb-mjac |        1.243 |          1.079 |            1.242 |         1.313 
 abcijk-ikmc-mjab |        1.254 |          1.189 |            1.248 |         1.625 
 abcijk-jkma-mibc |        1.187 |          1.207 |            1.235 |         1.218 
 abcijk-jkmb-miac |        1.338 |          1.167 |            1.235 |         1.663 
 abcijk-jkmc-miab |        1.277 |          1.208 |            1.232 |         1.538 
 abcijk-eiab-jkec |        1.228 |          1.134 |            1.297 |         1.520 
 abcijk-eiac-jkeb |        1.291 |          1.139 |            1.212 |         1.635 
 abcijk-eibc-jkea |        0.988 |          1.149 |            1.304 |         1.240 
 abcijk-ejab-ikec |        1.281 |          1.137 |            1.267 |         1.452 
 abcijk-ejac-ikeb |        1.253 |          1.141 |            1.201 |         1.277 
 abcijk-ejbc-ikea |        1.083 |          1.187 |            1.236 |         1.237 
 abcijk-ekab-ijec |        1.246 |          1.186 |            1.266 |         1.430 
 abcijk-ekac-ijeb |        1.240 |          1.181 |            1.256 |         1.867 
 abcijk-ekbc-ijea |        1.269 |          1.242 |            1.269 |         1.252 
       abc-bk-akc |        1.093 |          1.054 |            1.275 |         1.333 
             MEAN |        1.263 |          1.249 |            1.287 |         1.470 

wrote /home/shinaoka/projects/tensor4all/tprims-rs/benchmarks/benchmarks/tcbench/results/scaling-single-l3/candidate/A2-1m-4t.pending.csv
