# threads: requested=8 pool=8 budget=8
host        : shinaoka-EVO-X1Pro
target      : x86_64 / linux
cpu features: avx2 fma avx512f avx512dq 
caches      : L1=48KiB/12-way/2sh L2=1024KiB/16-way/2sh L3=8192KiB/16-way/16sh (via sysfs), blocking=legacy
l3 domains  : t1=1 t4=1 t8=1 t16=2
baselines   : tblis=true blas=false
tblis       : abi 2.x, 8 thread(s)

running 49 cases at 16 MiB nominal tensor size, 5 reps, stress=none


=== f64 ===
             case |      m |     n |     k | regA | regB | plan GF/s | packed GF/s | upstream GF/s | tblis GF/s 
------------------+--------+-------+-------+------+------+-----------+-------------+---------------+------------
         ij-ik-kj |   1464 |  1448 |  1464 | 0.00 | 0.00 |     283.7 |       254.0 |         247.5 |      320.6 
       ij-ikl-ljk |    144 |   128 | 18432 | 1.00 | 1.00 |     194.1 |       214.2 |         194.9 |      134.3 
       ij-kil-lkj |    144 |   128 | 20736 | 1.00 | 1.00 |     177.3 |       177.1 |         170.7 |      118.3 
       ijk-ikl-lj |  18432 |   128 |   144 | 1.00 | 1.00 |     283.6 |       292.1 |         265.6 |      166.8 
       ijk-il-jlk |    144 | 18432 |   128 | 1.00 | 1.00 |     290.4 |       288.7 |         269.0 |      263.1 
       ijk-ilk-jl |  18432 |   144 |   128 | 1.00 | 1.00 |     306.0 |       306.1 |         291.6 |      196.7 
       ijk-ilk-lj |  18432 |   128 |   144 | 1.00 | 1.00 |     302.4 |       303.6 |         285.0 |      189.1 
     ijk-ilmk-mjl |   1920 |    40 |  1920 | 1.00 | 1.00 |     170.9 |       221.3 |         187.6 |      149.8 
   ijkl-imjn-lnkm |   1920 |  1920 |  1600 | 1.00 | 1.00 |     329.9 |       330.5 |         319.6 |      332.1 
   ijkl-imjn-nlmk |   1920 |  1600 |  1920 | 1.00 | 1.00 |     326.9 |       327.4 |         316.5 |      326.9 
   ijkl-imkn-jnlm |   1920 |  1920 |  1600 | 1.00 | 1.00 |     351.3 |       349.8 |         340.8 |      326.1 
   ijkl-imkn-njml |   1920 |  1600 |  1920 | 1.00 | 1.00 |     351.0 |       351.2 |         339.5 |      327.7 
   ijkl-imln-jnkm |   1920 |  1920 |  1600 | 1.00 | 1.00 |     354.0 |       352.8 |         343.9 |      326.0 
   ijkl-imln-njmk |   1920 |  1600 |  1920 | 1.00 | 1.00 |     352.7 |       351.9 |         338.8 |      328.4 
   ijkl-imnj-nlkm |   1920 |  1600 |  1920 | 1.00 | 1.00 |     325.4 |       325.6 |         314.4 |      329.9 
   ijkl-imnk-njml |   1920 |  1600 |  1920 | 1.00 | 1.00 |     349.2 |       350.0 |         333.4 |      331.4 
   ijkl-minj-nlmk |   1920 |  1600 |  2304 | 1.00 | 1.00 |     324.4 |       324.4 |         314.6 |      310.6 
   ijkl-mink-jnlm |   1920 |  1920 |  1920 | 1.00 | 1.00 |     350.9 |       352.3 |         342.2 |      326.4 
   ijkl-minl-njmk |   1920 |  1600 |  2304 | 1.00 | 1.00 |     350.3 |       350.7 |         339.6 |      313.9 
     aqrs-pa-pqrs |     48 | 64000 |    48 | 0.00 | 0.00 |     199.4 |       177.4 |         160.0 |      106.0 
     abrs-qb-aqrs |     40 | 76800 |    48 | 1.00 | 1.00 |     190.3 |       197.2 |         183.3 |      105.9 
     abcs-rc-abrs |     40 | 76800 |    48 | 1.00 | 1.00 |     147.7 |       149.5 |         140.5 |       72.5 
       abj-bka-kj |  20736 |   128 |   144 | 1.00 | 1.00 |     174.1 |       172.9 |         167.0 |      115.3 
       ajb-kba-jk |  18432 |   144 |   144 | 1.00 | 1.00 |     276.9 |       279.0 |         264.0 |      200.9 
     abjc-cbka-kj |  92160 |    40 |    48 | 1.00 | 1.00 |      41.6 |        42.2 |          39.3 |       59.3 
     ajbc-ckba-jk |  92160 |    48 |    40 | 1.00 | 1.00 |      68.8 |        69.1 |          66.4 |       85.8 
     abjc-kbac-jk |  76800 |    48 |    48 | 1.00 | 1.00 |     145.1 |       146.1 |         139.1 |       77.6 
   abjcd-dkbac-jk | 230400 |    24 |    20 | 1.00 | 1.00 |      48.1 |        47.9 |          45.7 |       42.8 
   adbjc-cbdka-kj | 230400 |    20 |    24 | 1.00 | 1.00 |      27.6 |        27.4 |          26.8 |       20.3 
   ajbdc-ckbad-jk | 230400 |    24 |    20 | 1.00 | 1.00 |      48.2 |        48.2 |          45.9 |       47.1 
 abcijk-ijma-mkbc |   6912 |  1728 |    24 | 1.00 | 1.00 |     155.8 |       161.0 |         152.7 |      147.1 
 abcijk-ijmb-mkac |   3456 |  3456 |    24 | 1.00 | 0.67 |     159.6 |       157.3 |         151.8 |       82.2 
 abcijk-ijmc-mkab |   3456 |  3456 |    24 | 1.00 | 0.67 |     137.8 |       137.4 |         153.9 |      107.0 
 abcijk-ikma-mjbc |   6912 |  1728 |    24 | 1.00 | 1.00 |     160.6 |       158.9 |         152.9 |      147.1 
 abcijk-ikmb-mjac |   3456 |  3456 |    24 | 1.00 | 0.67 |     158.9 |       159.0 |         152.1 |      120.2 
 abcijk-ikmc-mjab |   3456 |  3456 |    24 | 1.00 | 0.67 |     136.9 |       137.8 |         151.5 |      106.2 
 abcijk-jkma-mibc |   6912 |  1728 |    24 | 1.00 | 1.00 |     162.3 |       156.7 |         152.7 |      152.3 
 abcijk-jkmb-miac |   3456 |  3456 |    24 | 1.00 | 0.67 |     159.2 |       159.8 |         150.9 |       77.2 
 abcijk-jkmc-miab |   3456 |  3456 |    24 | 1.00 | 0.67 |     137.1 |       136.2 |         148.7 |       86.2 
 abcijk-eiab-jkec |   3456 |  3456 |    24 | 1.00 | 0.67 |     126.1 |       137.5 |         154.2 |       86.1 
 abcijk-eiac-jkeb |   3456 |  3456 |    24 | 1.00 | 0.67 |     158.9 |       159.5 |         152.4 |       77.6 
 abcijk-eibc-jkea |   1728 |  6912 |    24 | 1.00 | 1.00 |     163.1 |       159.1 |         153.1 |      149.8 
 abcijk-ejab-ikec |   3456 |  3456 |    24 | 1.00 | 0.67 |     138.2 |       137.4 |         152.6 |      106.7 
 abcijk-ejac-ikeb |   3456 |  3456 |    24 | 1.00 | 0.67 |     160.7 |       158.9 |         151.6 |      120.5 
 abcijk-ejbc-ikea |   1728 |  6912 |    24 | 1.00 | 1.00 |     162.7 |       160.9 |         152.6 |      146.8 
 abcijk-ekab-ijec |   3456 |  3456 |    24 | 1.00 | 0.67 |     137.5 |       137.8 |         152.1 |      107.4 
 abcijk-ekac-ijeb |   3456 |  3456 |    24 | 1.00 | 0.67 |     157.8 |       158.4 |         151.2 |       85.5 
 abcijk-ekbc-ijea |   1728 |  6912 |    24 | 1.00 | 1.00 |     162.1 |       143.8 |         152.9 |      147.1 
       abc-bk-akc |    144 | 18432 |   128 | 1.00 | 1.00 |     291.2 |       301.5 |         292.3 |      195.0 

=== c64 ===
             case |      m |     n |     k | regA | regB | plan GF/s | packed GF/s | upstream GF/s | tblis GF/s 
------------------+--------+-------+-------+------+------+-----------+-------------+---------------+------------
         ij-ik-kj |   1464 |  1448 |  1464 | 1.00 | 1.00 |     349.6 |       348.8 |         336.5 |      359.0 
       ij-ikl-ljk |    144 |   128 | 18432 | 1.00 | 1.00 |     170.6 |       167.4 |         161.2 |      192.8 
       ij-kil-lkj |    144 |   128 | 20736 | 1.00 | 1.00 |     164.2 |       166.9 |         156.3 |      172.8 
       ijk-ikl-lj |  18432 |   128 |   144 | 1.00 | 1.00 |     339.9 |       346.0 |         339.7 |      231.0 
       ijk-il-jlk |    144 | 18432 |   128 | 1.00 | 1.00 |     201.6 |       201.5 |         199.0 |      331.9 
       ijk-ilk-jl |  18432 |   144 |   128 | 1.00 | 1.00 |     364.3 |       368.5 |         361.2 |      258.3 
       ijk-ilk-lj |  18432 |   128 |   144 | 1.00 | 1.00 |     358.0 |       360.0 |         350.8 |      249.7 
     ijk-ilmk-mjl |   1920 |    40 |  1920 | 1.00 | 1.00 |     255.3 |       267.9 |         256.8 |      200.5 
   ijkl-imjn-lnkm |   1920 |  1920 |  1600 | 1.00 | 0.90 |     347.2 |       347.2 |         338.9 |      351.8 
   ijkl-imjn-nlmk |   1920 |  1600 |  1920 | 1.00 | 0.90 |     353.4 |       353.3 |         345.1 |      352.1 
   ijkl-imkn-jnlm |   1920 |  1920 |  1600 | 1.00 | 1.00 |     363.1 |       362.8 |         355.0 |      345.7 
   ijkl-imkn-njml |   1920 |  1600 |  1920 | 1.00 | 0.90 |     358.5 |       358.4 |         350.7 |      349.3 
   ijkl-imln-jnkm |   1920 |  1920 |  1600 | 1.00 | 1.00 |     364.6 |       364.9 |         356.8 |      347.3 
   ijkl-imln-njmk |   1920 |  1600 |  1920 | 1.00 | 0.90 |     359.9 |       360.2 |         351.4 |      352.0 
   ijkl-imnj-nlkm |   1920 |  1600 |  1920 | 1.00 | 0.90 |     354.6 |       354.5 |         345.7 |      351.7 
   ijkl-imnk-njml |   1920 |  1600 |  1920 | 1.00 | 0.90 |     360.4 |       360.5 |         352.0 |      350.3 
   ijkl-minj-nlmk |   1920 |  1600 |  2304 | 1.00 | 0.90 |     354.6 |       354.3 |         348.8 |      347.6 
   ijkl-mink-jnlm |   1920 |  1920 |  1920 | 1.00 | 1.00 |     364.7 |       364.6 |         357.5 |      349.8 
   ijkl-minl-njmk |   1920 |  1600 |  2304 | 1.00 | 0.90 |     359.3 |       357.8 |         351.8 |      349.5 
     aqrs-pa-pqrs |     48 | 64000 |    48 | 1.00 | 1.00 |     269.7 |       271.1 |         260.9 |      199.0 
     abrs-qb-aqrs |     40 | 76800 |    48 | 1.00 | 1.00 |     286.9 |       289.0 |         276.0 |      140.3 
     abcs-rc-abrs |     40 | 76800 |    48 | 1.00 | 1.00 |     255.9 |       252.7 |         243.9 |      132.0 
       abj-bka-kj |  20736 |   128 |   144 | 1.00 | 1.00 |     281.3 |       278.6 |         277.5 |      194.4 
       ajb-kba-jk |  18432 |   144 |   144 | 1.00 | 1.00 |     367.0 |       369.9 |         360.8 |      266.6 
     abjc-cbka-kj |  92160 |    40 |    48 | 1.00 | 1.00 |     117.3 |       118.0 |         115.3 |      110.0 
     ajbc-ckba-jk |  92160 |    48 |    40 | 1.00 | 1.00 |     158.2 |       160.0 |          34.6 |      139.7 
     abjc-kbac-jk |  76800 |    48 |    48 | 1.00 | 1.00 |     287.9 |       289.0 |         200.0 |      132.0 
   abjcd-dkbac-jk | 230400 |    24 |    20 | 0.67 | 1.00 |      99.2 |        99.6 |          97.2 |       82.1 
   adbjc-cbdka-kj | 230400 |    20 |    24 | 0.67 | 1.00 |      62.8 |        66.5 |          62.6 |       62.3 
   ajbdc-ckbad-jk | 230400 |    24 |    20 | 1.00 | 1.00 |      94.3 |        94.1 |          29.0 |       91.3 
 abcijk-ijma-mkbc |   6912 |  1728 |    24 | 1.00 | 1.00 |     276.8 |       272.2 |         219.8 |      231.9 
 abcijk-ijmb-mkac |   3456 |  3456 |    24 | 1.00 | 1.00 |     275.1 |       272.3 |         277.9 |      170.3 
 abcijk-ijmc-mkab |   3456 |  3456 |    24 | 1.00 | 1.00 |     266.6 |       269.0 |         252.3 |      222.4 
 abcijk-ikma-mjbc |   6912 |  1728 |    24 | 1.00 | 1.00 |     272.0 |       260.4 |         216.1 |      233.2 
 abcijk-ikmb-mjac |   3456 |  3456 |    24 | 1.00 | 1.00 |     275.5 |       276.0 |         277.9 |      208.6 
 abcijk-ikmc-mjab |   3456 |  3456 |    24 | 1.00 | 1.00 |     266.7 |       267.7 |         257.1 |      197.2 
 abcijk-jkma-mibc |   6912 |  1728 |    24 | 1.00 | 1.00 |     269.5 |       276.6 |         218.6 |      234.1 
 abcijk-jkmb-miac |   3456 |  3456 |    24 | 1.00 | 1.00 |     273.3 |       273.5 |         281.4 |      136.7 
 abcijk-jkmc-miab |   3456 |  3456 |    24 | 1.00 | 1.00 |     253.6 |       255.8 |         254.3 |      158.2 
 abcijk-eiab-jkec |   3456 |  3456 |    24 | 1.00 | 1.00 |     255.5 |       256.2 |         255.0 |      158.2 
 abcijk-eiac-jkeb |   3456 |  3456 |    24 | 1.00 | 1.00 |     277.1 |       269.4 |         276.0 |      134.6 
 abcijk-eibc-jkea |   1728 |  6912 |    24 | 1.00 | 1.00 |     274.3 |       266.8 |         217.0 |      234.3 
 abcijk-ejab-ikec |   3456 |  3456 |    24 | 1.00 | 1.00 |     266.5 |       266.9 |         258.0 |      197.1 
 abcijk-ejac-ikeb |   3456 |  3456 |    24 | 1.00 | 1.00 |     274.9 |       276.6 |         272.1 |      205.1 
 abcijk-ejbc-ikea |   1728 |  6912 |    24 | 1.00 | 1.00 |     274.9 |       272.5 |         214.0 |      232.9 
 abcijk-ekab-ijec |   3456 |  3456 |    24 | 1.00 | 1.00 |     265.7 |       265.8 |         251.6 |      221.3 
 abcijk-ekac-ijeb |   3456 |  3456 |    24 | 1.00 | 1.00 |     274.5 |       276.1 |         268.8 |      171.4 
 abcijk-ekbc-ijea |   1728 |  6912 |    24 | 1.00 | 1.00 |     276.4 |       271.0 |         216.6 |      232.2 
       abc-bk-akc |    144 | 18432 |   128 | 1.00 | 1.00 |     368.8 |       369.9 |         362.2 |      258.4 

=== complex efficiency ratio (c64 GF/s over f64 GF/s; 1.0 = no penalty) ===
             case | plan c64/f64 | packed c64/f64 | upstream c64/f64 | tblis c64/f64 
------------------+--------------+----------------+------------------+---------------
         ij-ik-kj |        1.233 |          1.374 |            1.360 |         1.120 
       ij-ikl-ljk |        0.879 |          0.781 |            0.827 |         1.436 
       ij-kil-lkj |        0.926 |          0.942 |            0.916 |         1.461 
       ijk-ikl-lj |        1.198 |          1.185 |            1.279 |         1.385 
       ijk-il-jlk |        0.694 |          0.698 |            0.740 |         1.262 
       ijk-ilk-jl |        1.191 |          1.204 |            1.239 |         1.313 
       ijk-ilk-lj |        1.184 |          1.186 |            1.231 |         1.321 
     ijk-ilmk-mjl |        1.494 |          1.210 |            1.369 |         1.339 
   ijkl-imjn-lnkm |        1.052 |          1.051 |            1.060 |         1.059 
   ijkl-imjn-nlmk |        1.081 |          1.079 |            1.091 |         1.077 
   ijkl-imkn-jnlm |        1.034 |          1.037 |            1.042 |         1.060 
   ijkl-imkn-njml |        1.021 |          1.020 |            1.033 |         1.066 
   ijkl-imln-jnkm |        1.030 |          1.034 |            1.037 |         1.065 
   ijkl-imln-njmk |        1.020 |          1.024 |            1.037 |         1.072 
   ijkl-imnj-nlkm |        1.090 |          1.089 |            1.099 |         1.066 
   ijkl-imnk-njml |        1.032 |          1.030 |            1.056 |         1.057 
   ijkl-minj-nlmk |        1.093 |          1.092 |            1.109 |         1.119 
   ijkl-mink-jnlm |        1.039 |          1.035 |            1.045 |         1.072 
   ijkl-minl-njmk |        1.026 |          1.020 |            1.036 |         1.113 
     aqrs-pa-pqrs |        1.353 |          1.528 |            1.631 |         1.877 
     abrs-qb-aqrs |        1.508 |          1.465 |            1.505 |         1.325 
     abcs-rc-abrs |        1.733 |          1.691 |            1.735 |         1.819 
       abj-bka-kj |        1.615 |          1.611 |            1.662 |         1.687 
       ajb-kba-jk |        1.325 |          1.325 |            1.367 |         1.327 
     abjc-cbka-kj |        2.818 |          2.795 |            2.936 |         1.856 
     ajbc-ckba-jk |        2.299 |          2.317 |            0.521 |         1.629 
     abjc-kbac-jk |        1.984 |          1.978 |            1.438 |         1.700 
   abjcd-dkbac-jk |        2.064 |          2.078 |            2.127 |         1.918 
   adbjc-cbdka-kj |        2.274 |          2.426 |            2.336 |         3.071 
   ajbdc-ckbad-jk |        1.956 |          1.951 |            0.632 |         1.941 
 abcijk-ijma-mkbc |        1.776 |          1.691 |            1.440 |         1.577 
 abcijk-ijmb-mkac |        1.724 |          1.731 |            1.830 |         2.072 
 abcijk-ijmc-mkab |        1.935 |          1.958 |            1.639 |         2.077 
 abcijk-ikma-mjbc |        1.693 |          1.639 |            1.413 |         1.586 
 abcijk-ikmb-mjac |        1.733 |          1.735 |            1.826 |         1.735 
 abcijk-ikmc-mjab |        1.947 |          1.943 |            1.697 |         1.856 
 abcijk-jkma-mibc |        1.661 |          1.765 |            1.432 |         1.538 
 abcijk-jkmb-miac |        1.716 |          1.712 |            1.864 |         1.771 
 abcijk-jkmc-miab |        1.849 |          1.878 |            1.710 |         1.835 
 abcijk-eiab-jkec |        2.026 |          1.864 |            1.654 |         1.838 
 abcijk-eiac-jkeb |        1.744 |          1.688 |            1.812 |         1.734 
 abcijk-eibc-jkea |        1.682 |          1.678 |            1.418 |         1.564 
 abcijk-ejab-ikec |        1.928 |          1.943 |            1.690 |         1.848 
 abcijk-ejac-ikeb |        1.710 |          1.741 |            1.795 |         1.702 
 abcijk-ejbc-ikea |        1.689 |          1.694 |            1.402 |         1.587 
 abcijk-ekab-ijec |        1.933 |          1.929 |            1.654 |         2.060 
 abcijk-ekac-ijeb |        1.739 |          1.743 |            1.778 |         2.006 
 abcijk-ekbc-ijea |        1.705 |          1.885 |            1.417 |         1.578 
       abc-bk-akc |        1.266 |          1.227 |            1.239 |         1.325 
             MEAN |        1.525 |          1.524 |            1.412 |         1.549 

wrote /home/shinaoka/projects/tensor4all/tprims-rs/benchmarks/benchmarks/tcbench/results/scaling-single-l3/candidate/A2-16m-8t.pending.csv
