# threads: requested=1 pool=1 budget=1
host        : shinaoka-EVO-X1Pro
target      : x86_64 / linux
cpu features: avx2 fma avx512f avx512dq 
caches      : L1=48KiB/12-way/2sh L2=1024KiB/16-way/2sh L3=8192KiB/16-way/16sh (via sysfs), blocking=legacy
l3 domains  : t1=1
baselines   : tblis=true blas=false
tblis       : abi 2.x, 1 thread(s)

running 49 cases at 1 MiB nominal tensor size, 5 reps, stress=none


=== f64 ===
             case |     m |    n |    k | regA | regB | plan GF/s | packed GF/s | upstream GF/s | tblis GF/s 
------------------+-------+------+------+------+------+-----------+-------------+---------------+------------
         ij-ik-kj |   384 |  364 |  384 | 0.00 | 0.00 |      37.2 |        34.6 |          34.4 |       29.8 
       ij-ikl-ljk |    72 |   52 | 3744 | 1.00 | 1.00 |      38.2 |        38.3 |          37.0 |       21.8 
       ij-kil-lkj |    72 |   52 | 5184 | 1.00 | 1.00 |      35.3 |        35.5 |          34.3 |       21.3 
       ijk-ikl-lj |  3744 |   52 |   72 | 1.00 | 1.00 |      42.0 |        42.2 |          41.1 |       26.8 
       ijk-il-jlk |    72 | 3744 |   52 | 1.00 | 1.00 |      43.1 |        43.2 |          41.5 |       29.6 
       ijk-ilk-jl |  3744 |   72 |   52 | 1.00 | 1.00 |      45.1 |        45.3 |          44.3 |       31.0 
       ijk-ilk-lj |  3744 |   52 |   72 | 1.00 | 1.00 |      42.5 |        42.6 |          41.5 |       27.4 
     ijk-ilmk-mjl |   480 |   20 |  480 | 1.00 | 1.00 |      35.5 |        35.6 |          34.8 |       16.2 
   ijkl-imjn-lnkm |   480 |  480 |  400 | 1.00 | 0.80 |      48.4 |        48.4 |          47.8 |       42.1 
   ijkl-imjn-nlmk |   480 |  400 |  480 | 1.00 | 0.80 |      49.2 |        49.3 |          48.6 |       40.8 
   ijkl-imkn-jnlm |   480 |  480 |  400 | 1.00 | 1.00 |      49.2 |        49.2 |          48.5 |       42.5 
   ijkl-imkn-njml |   480 |  400 |  480 | 1.00 | 0.80 |      49.4 |        49.4 |          48.8 |       40.8 
   ijkl-imln-jnkm |   480 |  480 |  400 | 1.00 | 1.00 |      49.2 |        49.3 |          48.6 |       42.5 
   ijkl-imln-njmk |   480 |  400 |  480 | 1.00 | 0.80 |      49.3 |        49.4 |          48.9 |       41.3 
   ijkl-imnj-nlkm |   480 |  400 |  480 | 1.00 | 0.80 |      49.2 |        49.3 |          48.6 |       41.9 
   ijkl-imnk-njml |   480 |  400 |  480 | 1.00 | 0.80 |      49.4 |        49.4 |          49.0 |       41.8 
   ijkl-minj-nlmk |   480 |  400 |  576 | 1.00 | 0.80 |      48.0 |        48.2 |          47.2 |       40.9 
   ijkl-mink-jnlm |   480 |  480 |  480 | 1.00 | 1.00 |      48.8 |        48.9 |          48.0 |       41.4 
   ijkl-minl-njmk |   480 |  400 |  576 | 1.00 | 0.80 |      48.4 |        48.4 |          47.2 |       41.3 
     aqrs-pa-pqrs |    24 | 8000 |   24 | 0.00 | 0.00 |      49.0 |        32.7 |          30.9 |       14.2 
     abrs-qb-aqrs |    20 | 9600 |   24 | 1.00 | 1.00 |      32.1 |        32.1 |          30.1 |       13.4 
     abcs-rc-abrs |    20 | 9600 |   24 | 1.00 | 1.00 |      31.6 |        31.8 |          29.5 |       13.3 
       abj-bka-kj |  5184 |   52 |   72 | 1.00 | 1.00 |      34.2 |        33.9 |          33.4 |       24.0 
       ajb-kba-jk |  3744 |   72 |   72 | 1.00 | 1.00 |      42.8 |        44.1 |          43.0 |       30.3 
     abjc-cbka-kj | 11520 |   20 |   24 | 1.00 | 1.00 |      17.8 |        17.6 |          16.9 |       13.0 
     ajbc-ckba-jk | 11520 |   24 |   20 | 1.00 | 1.00 |      24.5 |        24.7 |          23.4 |       15.0 
     abjc-kbac-jk |  9600 |   24 |   24 | 1.00 | 1.00 |      32.3 |        33.7 |          31.7 |       16.0 
   abjcd-dkbac-jk | 82944 |   24 |   12 | 1.00 | 1.00 |      15.0 |        15.6 |          14.5 |        8.1 
   adbjc-cbdka-kj | 82944 |   12 |   24 | 1.00 | 1.00 |       5.3 |         5.3 |           5.2 |        7.6 
   ajbdc-ckbad-jk | 82944 |   24 |   12 | 1.00 | 1.00 |      15.7 |        16.2 |          14.5 |        8.8 
 abcijk-ijma-mkbc |  4608 |  512 |   24 | 1.00 | 1.00 |      39.2 |        39.3 |          38.0 |       28.1 
 abcijk-ijmb-mkac |  1536 | 1536 |   24 | 1.00 | 1.00 |      41.2 |        41.4 |          40.0 |       26.1 
 abcijk-ijmc-mkab |  1536 | 1536 |   24 | 1.00 | 1.00 |      40.0 |        40.0 |          38.1 |       32.4 
 abcijk-ikma-mjbc |  4608 |  512 |   24 | 1.00 | 1.00 |      39.1 |        39.1 |          37.9 |       27.8 
 abcijk-ikmb-mjac |  1536 | 1536 |   24 | 1.00 | 1.00 |      41.1 |        41.2 |          39.8 |       28.0 
 abcijk-ikmc-mjab |  1536 | 1536 |   24 | 1.00 | 1.00 |      40.0 |        40.1 |          38.2 |       27.7 
 abcijk-jkma-mibc |  4608 |  512 |   24 | 1.00 | 1.00 |      39.1 |        39.1 |          37.8 |       31.1 
 abcijk-jkmb-miac |  1536 | 1536 |   24 | 1.00 | 1.00 |      41.2 |        41.2 |          40.0 |       21.5 
 abcijk-jkmc-miab |  1536 | 1536 |   24 | 1.00 | 1.00 |      40.2 |        40.3 |          38.8 |       30.3 
 abcijk-eiab-jkec |  1536 | 1536 |   24 | 1.00 | 1.00 |      40.1 |        40.4 |          38.9 |       29.9 
 abcijk-eiac-jkeb |  1536 | 1536 |   24 | 1.00 | 1.00 |      41.1 |        41.1 |          40.0 |       21.7 
 abcijk-eibc-jkea |   512 | 4608 |   24 | 1.00 | 1.00 |      39.2 |        39.0 |          38.0 |       31.1 
 abcijk-ejab-ikec |  1536 | 1536 |   24 | 1.00 | 1.00 |      39.2 |        40.0 |          38.4 |       28.4 
 abcijk-ejac-ikeb |  1536 | 1536 |   24 | 1.00 | 1.00 |      41.0 |        40.9 |          40.1 |       27.9 
 abcijk-ejbc-ikea |   512 | 4608 |   24 | 1.00 | 1.00 |      39.0 |        39.1 |          37.8 |       27.8 
 abcijk-ekab-ijec |  1536 | 1536 |   24 | 1.00 | 1.00 |      39.6 |        40.1 |          38.5 |       32.0 
 abcijk-ekac-ijeb |  1536 | 1536 |   24 | 1.00 | 1.00 |      40.9 |        41.1 |          40.0 |       26.3 
 abcijk-ekbc-ijea |   512 | 4608 |   24 | 1.00 | 1.00 |      39.1 |        38.9 |          37.8 |       27.7 
       abc-bk-akc |    72 | 3744 |   52 | 1.00 | 1.00 |      45.1 |        45.1 |          44.2 |       30.7 

=== c64 ===
             case |     m |    n |    k | regA | regB | plan GF/s | packed GF/s | upstream GF/s | tblis GF/s 
------------------+-------+------+------+------+------+-----------+-------------+---------------+------------
         ij-ik-kj |   384 |  364 |  384 | 1.00 | 1.00 |      35.1 |        35.1 |          34.6 |       40.6 
       ij-ikl-ljk |    72 |   52 | 3744 | 1.00 | 1.00 |      37.3 |        37.3 |          36.1 |       31.0 
       ij-kil-lkj |    72 |   52 | 5184 | 1.00 | 1.00 |      32.5 |        32.5 |          31.7 |       29.5 
       ijk-ikl-lj |  3744 |   52 |   72 | 1.00 | 1.00 |      43.5 |        43.2 |          42.3 |       30.4 
       ijk-il-jlk |    72 | 3744 |   52 | 1.00 | 1.00 |      40.9 |        39.8 |          39.7 |       38.3 
       ijk-ilk-jl |  3744 |   72 |   52 | 0.89 | 1.00 |      46.3 |        45.8 |          45.2 |       36.7 
       ijk-ilk-lj |  3744 |   52 |   72 | 0.89 | 1.00 |      43.7 |        43.5 |          42.9 |       32.6 
     ijk-ilmk-mjl |   480 |   20 |  480 | 0.67 | 1.00 |      37.2 |        37.2 |          36.4 |       30.7 
   ijkl-imjn-lnkm |   480 |  480 |  400 | 0.67 | 0.80 |      48.2 |        48.1 |          47.6 |       45.7 
   ijkl-imjn-nlmk |   480 |  400 |  480 | 0.67 | 0.81 |      48.2 |        48.2 |          47.6 |       44.9 
   ijkl-imkn-jnlm |   480 |  480 |  400 | 0.67 | 1.00 |      47.7 |        47.8 |          47.1 |       45.9 
   ijkl-imkn-njml |   480 |  400 |  480 | 0.67 | 0.81 |      48.0 |        48.0 |          47.6 |       44.6 
   ijkl-imln-jnkm |   480 |  480 |  400 | 0.67 | 1.00 |      47.8 |        47.9 |          47.2 |       45.4 
   ijkl-imln-njmk |   480 |  400 |  480 | 0.67 | 0.81 |      48.1 |        48.2 |          47.6 |       45.1 
   ijkl-imnj-nlkm |   480 |  400 |  480 | 0.67 | 0.81 |      48.2 |        48.2 |          47.6 |       45.6 
   ijkl-imnk-njml |   480 |  400 |  480 | 0.67 | 0.81 |      48.0 |        47.9 |          47.5 |       45.5 
   ijkl-minj-nlmk |   480 |  400 |  576 | 0.67 | 0.81 |      46.7 |        46.7 |          45.8 |       43.5 
   ijkl-mink-jnlm |   480 |  480 |  480 | 0.67 | 1.00 |      47.3 |        47.4 |          46.7 |       45.1 
   ijkl-minl-njmk |   480 |  400 |  576 | 0.67 | 0.81 |      46.7 |        46.8 |          46.0 |       44.0 
     aqrs-pa-pqrs |    24 | 8000 |   24 | 1.00 | 1.00 |      30.3 |        30.3 |          29.1 |       26.0 
     abrs-qb-aqrs |    20 | 9600 |   24 | 1.00 | 1.00 |      39.2 |        39.1 |          37.7 |       23.7 
     abcs-rc-abrs |    20 | 9600 |   24 | 1.00 | 1.00 |      33.8 |        33.6 |          33.2 |       24.5 
       abj-bka-kj |  5184 |   52 |   72 | 0.89 | 1.00 |      40.8 |        40.5 |          40.2 |       28.1 
       ajb-kba-jk |  3744 |   72 |   72 | 0.89 | 1.00 |      44.4 |        43.8 |          43.4 |       33.1 
     abjc-cbka-kj | 11520 |   20 |   24 | 0.67 | 1.00 |      25.0 |        25.6 |          24.6 |       23.2 
     ajbc-ckba-jk | 11520 |   24 |   20 | 1.00 | 1.00 |      26.7 |        28.7 |          27.7 |       23.0 
     abjc-kbac-jk |  9600 |   24 |   24 | 0.67 | 1.00 |      37.9 |        37.7 |          35.8 |       26.1 
   abjcd-dkbac-jk | 82944 |   24 |   12 | 0.67 | 1.00 |      22.3 |        22.2 |          20.7 |       16.1 
   adbjc-cbdka-kj | 82944 |   12 |   24 | 0.67 | 1.00 |      10.3 |        10.3 |          10.2 |       14.2 
   ajbdc-ckbad-jk | 82944 |   24 |   12 | 1.00 | 1.00 |      24.6 |        25.1 |          23.3 |       15.9 
 abcijk-ijma-mkbc |  4608 |  512 |   24 | 1.00 | 0.97 |      42.0 |        42.0 |          41.1 |       33.0 
 abcijk-ijmb-mkac |  1536 | 1536 |   24 | 1.00 | 0.75 |      44.8 |        44.4 |          43.0 |       33.0 
 abcijk-ijmc-mkab |  1536 | 1536 |   24 | 1.00 | 0.50 |      43.4 |        43.5 |          42.5 |       38.0 
 abcijk-ikma-mjbc |  4608 |  512 |   24 | 1.00 | 0.97 |      41.9 |        42.0 |          40.9 |       33.2 
 abcijk-ikmb-mjac |  1536 | 1536 |   24 | 1.00 | 0.75 |      44.6 |        44.3 |          43.3 |       33.8 
 abcijk-ikmc-mjab |  1536 | 1536 |   24 | 1.00 | 0.50 |      43.5 |        43.5 |          42.5 |       35.0 
 abcijk-jkma-mibc |  4608 |  512 |   24 | 1.00 | 0.97 |      41.9 |        42.1 |          41.0 |       36.0 
 abcijk-jkmb-miac |  1536 | 1536 |   24 | 1.00 | 0.75 |      44.8 |        44.8 |          43.5 |       29.7 
 abcijk-jkmc-miab |  1536 | 1536 |   24 | 1.00 | 0.50 |      43.7 |        43.7 |          42.5 |       36.5 
 abcijk-eiab-jkec |  1536 | 1536 |   24 | 1.00 | 0.50 |      43.8 |        43.8 |          42.7 |       36.1 
 abcijk-eiac-jkeb |  1536 | 1536 |   24 | 1.00 | 0.75 |      44.8 |        44.4 |          43.1 |       29.6 
 abcijk-eibc-jkea |   512 | 4608 |   24 | 1.00 | 0.97 |      41.9 |        41.9 |          41.1 |       36.0 
 abcijk-ejab-ikec |  1536 | 1536 |   24 | 1.00 | 0.50 |      43.6 |        43.7 |          42.6 |       34.8 
 abcijk-ejac-ikeb |  1536 | 1536 |   24 | 1.00 | 0.75 |      44.5 |        44.4 |          43.2 |       33.7 
 abcijk-ejbc-ikea |   512 | 4608 |   24 | 1.00 | 0.97 |      41.8 |        42.0 |          40.9 |       33.0 
 abcijk-ekab-ijec |  1536 | 1536 |   24 | 1.00 | 0.50 |      43.5 |        43.5 |          42.9 |       37.9 
 abcijk-ekac-ijeb |  1536 | 1536 |   24 | 1.00 | 0.75 |      44.6 |        44.4 |          43.0 |       32.6 
 abcijk-ekbc-ijea |   512 | 4608 |   24 | 1.00 | 0.97 |      42.0 |        42.0 |          41.0 |       33.2 
       abc-bk-akc |    72 | 3744 |   52 | 0.89 | 1.00 |      46.8 |        45.8 |          45.6 |       36.8 

=== complex efficiency ratio (c64 GF/s over f64 GF/s; 1.0 = no penalty) ===
             case | plan c64/f64 | packed c64/f64 | upstream c64/f64 | tblis c64/f64 
------------------+--------------+----------------+------------------+---------------
         ij-ik-kj |        0.946 |          1.016 |            1.007 |         1.365 
       ij-ikl-ljk |        0.976 |          0.974 |            0.976 |         1.422 
       ij-kil-lkj |        0.922 |          0.917 |            0.922 |         1.382 
       ijk-ikl-lj |        1.036 |          1.024 |            1.031 |         1.135 
       ijk-il-jlk |        0.949 |          0.922 |            0.956 |         1.293 
       ijk-ilk-jl |        1.025 |          1.011 |            1.019 |         1.184 
       ijk-ilk-lj |        1.027 |          1.021 |            1.033 |         1.193 
     ijk-ilmk-mjl |        1.048 |          1.046 |            1.045 |         1.903 
   ijkl-imjn-lnkm |        0.996 |          0.995 |            0.996 |         1.085 
   ijkl-imjn-nlmk |        0.979 |          0.978 |            0.980 |         1.102 
   ijkl-imkn-jnlm |        0.971 |          0.971 |            0.971 |         1.081 
   ijkl-imkn-njml |        0.971 |          0.972 |            0.975 |         1.093 
   ijkl-imln-jnkm |        0.973 |          0.972 |            0.972 |         1.067 
   ijkl-imln-njmk |        0.976 |          0.974 |            0.973 |         1.092 
   ijkl-imnj-nlkm |        0.980 |          0.978 |            0.978 |         1.089 
   ijkl-imnk-njml |        0.970 |          0.969 |            0.970 |         1.089 
   ijkl-minj-nlmk |        0.972 |          0.969 |            0.970 |         1.063 
   ijkl-mink-jnlm |        0.970 |          0.969 |            0.973 |         1.090 
   ijkl-minl-njmk |        0.967 |          0.966 |            0.973 |         1.065 
     aqrs-pa-pqrs |        0.618 |          0.927 |            0.941 |         1.826 
     abrs-qb-aqrs |        1.221 |          1.217 |            1.256 |         1.774 
     abcs-rc-abrs |        1.070 |          1.058 |            1.123 |         1.843 
       abj-bka-kj |        1.193 |          1.193 |            1.201 |         1.170 
       ajb-kba-jk |        1.037 |          0.995 |            1.009 |         1.091 
     abjc-cbka-kj |        1.406 |          1.457 |            1.452 |         1.785 
     ajbc-ckba-jk |        1.092 |          1.164 |            1.183 |         1.538 
     abjc-kbac-jk |        1.174 |          1.119 |            1.129 |         1.632 
   abjcd-dkbac-jk |        1.481 |          1.421 |            1.427 |         1.993 
   adbjc-cbdka-kj |        1.933 |          1.937 |            1.939 |         1.876 
   ajbdc-ckbad-jk |        1.568 |          1.545 |            1.608 |         1.805 
 abcijk-ijma-mkbc |        1.070 |          1.068 |            1.083 |         1.172 
 abcijk-ijmb-mkac |        1.087 |          1.074 |            1.077 |         1.265 
 abcijk-ijmc-mkab |        1.085 |          1.089 |            1.115 |         1.173 
 abcijk-ikma-mjbc |        1.071 |          1.076 |            1.077 |         1.194 
 abcijk-ikmb-mjac |        1.086 |          1.076 |            1.088 |         1.207 
 abcijk-ikmc-mjab |        1.089 |          1.084 |            1.112 |         1.261 
 abcijk-jkma-mibc |        1.070 |          1.076 |            1.086 |         1.158 
 abcijk-jkmb-miac |        1.088 |          1.086 |            1.086 |         1.383 
 abcijk-jkmc-miab |        1.086 |          1.086 |            1.096 |         1.205 
 abcijk-eiab-jkec |        1.091 |          1.084 |            1.096 |         1.209 
 abcijk-eiac-jkeb |        1.090 |          1.079 |            1.079 |         1.364 
 abcijk-eibc-jkea |        1.068 |          1.073 |            1.081 |         1.158 
 abcijk-ejab-ikec |        1.112 |          1.092 |            1.110 |         1.226 
 abcijk-ejac-ikeb |        1.085 |          1.084 |            1.078 |         1.208 
 abcijk-ejbc-ikea |        1.071 |          1.075 |            1.081 |         1.186 
 abcijk-ekab-ijec |        1.100 |          1.084 |            1.117 |         1.183 
 abcijk-ekac-ijeb |        1.091 |          1.080 |            1.077 |         1.237 
 abcijk-ekbc-ijea |        1.072 |          1.079 |            1.083 |         1.196 
       abc-bk-akc |        1.038 |          1.017 |            1.032 |         1.198 
             MEAN |        1.082 |          1.085 |            1.095 |         1.312 

wrote /home/shinaoka/projects/tensor4all/tprims-rs/benchmarks/benchmarks/tcbench/results/scaling-single-l3/candidate/A2-1m-1t.pending.csv
