# threads: requested=8 pool=8 budget=8
host        : shinaoka-EVO-X1Pro
target      : x86_64 / linux
cpu features: avx2 fma avx512f avx512dq 
caches      : L1=48KiB/12-way/2sh L2=1024KiB/16-way/2sh L3=8192KiB/16-way/16sh (via sysfs), blocking=legacy
l3 domains  : t1=1 t4=1 t8=1 t16=2
baselines   : tblis=true blas=false
tblis       : abi 2.x, 8 thread(s)

running 49 cases at 1 MiB nominal tensor size, 5 reps, stress=none


=== f64 ===
             case |     m |    n |    k | regA | regB | plan GF/s | packed GF/s | upstream GF/s | tblis GF/s 
------------------+-------+------+------+------+------+-----------+-------------+---------------+------------
         ij-ik-kj |   384 |  364 |  384 | 0.00 | 0.00 |     262.8 |       256.9 |         173.3 |      178.4 
       ij-ikl-ljk |    72 |   52 | 3744 | 1.00 | 1.00 |      92.2 |        94.4 |          68.6 |       48.1 
       ij-kil-lkj |    72 |   52 | 5184 | 1.00 | 1.00 |      89.5 |        88.1 |          69.8 |       48.2 
       ijk-ikl-lj |  3744 |   52 |   72 | 1.00 | 1.00 |     200.6 |       204.1 |         113.7 |      118.0 
       ijk-il-jlk |    72 | 3744 |   52 | 1.00 | 1.00 |     209.8 |       219.4 |         121.9 |      130.1 
       ijk-ilk-jl |  3744 |   72 |   52 | 1.00 | 1.00 |     210.3 |       210.8 |          81.7 |      132.8 
       ijk-ilk-lj |  3744 |   52 |   72 | 1.00 | 1.00 |     197.8 |       202.9 |         109.8 |      121.5 
     ijk-ilmk-mjl |   480 |   20 |  480 | 1.00 | 1.00 |     119.2 |       116.0 |          47.3 |       58.5 
   ijkl-imjn-lnkm |   480 |  480 |  400 | 1.00 | 0.80 |     214.0 |       214.7 |         185.9 |      175.8 
   ijkl-imjn-nlmk |   480 |  400 |  480 | 1.00 | 0.80 |     233.7 |       233.6 |         202.9 |      205.7 
   ijkl-imkn-jnlm |   480 |  480 |  400 | 1.00 | 1.00 |     311.4 |       312.7 |         267.8 |      260.6 
   ijkl-imkn-njml |   480 |  400 |  480 | 1.00 | 0.80 |     310.2 |       315.1 |         264.7 |      261.0 
   ijkl-imln-jnkm |   480 |  480 |  400 | 1.00 | 1.00 |     313.7 |       315.1 |         265.7 |      261.6 
   ijkl-imln-njmk |   480 |  400 |  480 | 1.00 | 0.80 |     312.5 |       313.8 |         270.2 |      266.0 
   ijkl-imnj-nlkm |   480 |  400 |  480 | 1.00 | 0.80 |     309.3 |       313.9 |         267.3 |      262.7 
   ijkl-imnk-njml |   480 |  400 |  480 | 1.00 | 0.80 |     313.7 |       315.4 |         268.5 |      262.5 
   ijkl-minj-nlmk |   480 |  400 |  576 | 1.00 | 0.80 |     299.8 |       302.7 |         262.6 |      257.5 
   ijkl-mink-jnlm |   480 |  480 |  480 | 1.00 | 1.00 |     312.5 |       309.4 |         270.3 |      261.2 
   ijkl-minl-njmk |   480 |  400 |  576 | 1.00 | 0.80 |     305.2 |       310.8 |         269.1 |      262.4 
     aqrs-pa-pqrs |    24 | 8000 |   24 | 0.00 | 0.00 |      82.3 |       102.7 |          81.0 |       61.9 
     abrs-qb-aqrs |    20 | 9600 |   24 | 1.00 | 1.00 |     166.7 |       171.6 |          51.0 |       57.6 
     abcs-rc-abrs |    20 | 9600 |   24 | 1.00 | 1.00 |     168.4 |       163.8 |          58.2 |       57.4 
       abj-bka-kj |  5184 |   52 |   72 | 1.00 | 1.00 |     243.3 |       240.0 |         127.5 |      155.6 
       ajb-kba-jk |  3744 |   72 |   72 | 1.00 | 1.00 |     279.0 |       307.3 |         159.7 |      198.2 
     abjc-cbka-kj | 11520 |   20 |   24 | 1.00 | 1.00 |      64.9 |        71.9 |          39.7 |       57.4 
     ajbc-ckba-jk | 11520 |   24 |   20 | 1.00 | 1.00 |     126.6 |       115.4 |          55.8 |       62.5 
     abjc-kbac-jk |  9600 |   24 |   24 | 1.00 | 1.00 |     184.3 |       183.5 |          64.8 |       67.9 
   abjcd-dkbac-jk | 82944 |   24 |   12 | 1.00 | 1.00 |      45.0 |        50.2 |          42.1 |       31.1 
   adbjc-cbdka-kj | 82944 |   12 |   24 | 1.00 | 1.00 |      15.7 |        15.2 |          14.6 |       22.5 
   ajbdc-ckbad-jk | 82944 |   24 |   12 | 1.00 | 1.00 |      47.7 |        48.3 |          40.6 |       32.3 
 abcijk-ijma-mkbc |  4608 |  512 |   24 | 1.00 | 1.00 |     204.3 |       219.8 |         140.0 |      162.8 
 abcijk-ijmb-mkac |  1536 | 1536 |   24 | 1.00 | 1.00 |     212.0 |       253.8 |         176.0 |      103.6 
 abcijk-ijmc-mkab |  1536 | 1536 |   24 | 1.00 | 1.00 |     221.9 |       237.2 |         165.1 |      133.8 
 abcijk-ikma-mjbc |  4608 |  512 |   24 | 1.00 | 1.00 |     196.5 |       223.6 |         131.4 |      160.7 
 abcijk-ikmb-mjac |  1536 | 1536 |   24 | 1.00 | 1.00 |     208.6 |       246.5 |         187.0 |      135.1 
 abcijk-ikmc-mjab |  1536 | 1536 |   24 | 1.00 | 1.00 |     216.8 |       237.1 |         174.4 |      112.7 
 abcijk-jkma-mibc |  4608 |  512 |   24 | 1.00 | 1.00 |     202.8 |       206.2 |         137.6 |      168.3 
 abcijk-jkmb-miac |  1536 | 1536 |   24 | 1.00 | 1.00 |     206.0 |       240.5 |         196.7 |       97.0 
 abcijk-jkmc-miab |  1536 | 1536 |   24 | 1.00 | 1.00 |     194.8 |       223.3 |         174.3 |      121.0 
 abcijk-eiab-jkec |  1536 | 1536 |   24 | 1.00 | 1.00 |     200.5 |       229.8 |         164.2 |      121.0 
 abcijk-eiac-jkeb |  1536 | 1536 |   24 | 1.00 | 1.00 |     197.9 |       253.7 |         175.6 |      103.6 
 abcijk-eibc-jkea |   512 | 4608 |   24 | 1.00 | 1.00 |     193.0 |       213.4 |         136.0 |      173.6 
 abcijk-ejab-ikec |  1536 | 1536 |   24 | 1.00 | 1.00 |     205.4 |       228.5 |         167.3 |      119.5 
 abcijk-ejac-ikeb |  1536 | 1536 |   24 | 1.00 | 1.00 |     220.6 |       259.3 |         169.0 |      130.5 
 abcijk-ejbc-ikea |   512 | 4608 |   24 | 1.00 | 1.00 |     201.7 |       202.8 |         132.3 |      160.6 
 abcijk-ekab-ijec |  1536 | 1536 |   24 | 1.00 | 1.00 |     220.4 |       242.6 |         174.6 |      147.8 
 abcijk-ekac-ijeb |  1536 | 1536 |   24 | 1.00 | 1.00 |     206.6 |       256.0 |         166.1 |      107.9 
 abcijk-ekbc-ijea |   512 | 4608 |   24 | 1.00 | 1.00 |     188.8 |       215.7 |         137.1 |      162.2 
       abc-bk-akc |    72 | 3744 |   52 | 1.00 | 1.00 |     153.7 |       298.5 |         113.2 |      182.1 

=== c64 ===
             case |     m |    n |    k | regA | regB | plan GF/s | packed GF/s | upstream GF/s | tblis GF/s 
------------------+-------+------+------+------+------+-----------+-------------+---------------+------------
         ij-ik-kj |   384 |  364 |  384 | 1.00 | 1.00 |     270.0 |       271.5 |         232.9 |      235.8 
       ij-ikl-ljk |    72 |   52 | 3744 | 1.00 | 1.00 |     115.1 |       116.7 |         102.2 |      116.0 
       ij-kil-lkj |    72 |   52 | 5184 | 1.00 | 1.00 |     105.0 |       105.3 |          92.4 |      112.0 
       ijk-ikl-lj |  3744 |   52 |   72 | 1.00 | 1.00 |     236.9 |       240.2 |         187.3 |      177.9 
       ijk-il-jlk |    72 | 3744 |   52 | 1.00 | 1.00 |     225.4 |       225.5 |         183.9 |      204.8 
       ijk-ilk-jl |  3744 |   72 |   52 | 0.89 | 1.00 |     248.2 |       244.3 |         140.9 |      201.9 
       ijk-ilk-lj |  3744 |   52 |   72 | 0.89 | 1.00 |     238.3 |       234.8 |         186.1 |      187.9 
     ijk-ilmk-mjl |   480 |   20 |  480 | 0.67 | 1.00 |     171.3 |       171.6 |         114.8 |      137.6 
   ijkl-imjn-lnkm |   480 |  480 |  400 | 0.67 | 0.80 |     243.7 |       244.2 |         230.2 |      220.0 
   ijkl-imjn-nlmk |   480 |  400 |  480 | 0.67 | 0.81 |     283.8 |       290.6 |         271.0 |      293.3 
   ijkl-imkn-jnlm |   480 |  480 |  400 | 0.67 | 1.00 |     338.5 |       338.4 |         313.3 |      295.1 
   ijkl-imkn-njml |   480 |  400 |  480 | 0.67 | 0.81 |     342.4 |       343.3 |         321.5 |      307.8 
   ijkl-imln-jnkm |   480 |  480 |  400 | 0.67 | 1.00 |     343.3 |       342.2 |         313.9 |      291.7 
   ijkl-imln-njmk |   480 |  400 |  480 | 0.67 | 0.81 |     342.7 |       340.9 |         320.6 |      309.7 
   ijkl-imnj-nlkm |   480 |  400 |  480 | 0.67 | 0.81 |     339.4 |       341.7 |         316.4 |      307.9 
   ijkl-imnk-njml |   480 |  400 |  480 | 0.67 | 0.81 |     342.8 |       343.1 |         322.0 |      314.4 
   ijkl-minj-nlmk |   480 |  400 |  576 | 0.67 | 0.81 |     332.7 |       330.2 |         305.5 |      295.8 
   ijkl-mink-jnlm |   480 |  480 |  480 | 0.67 | 1.00 |     340.9 |       338.7 |         318.2 |      303.5 
   ijkl-minl-njmk |   480 |  400 |  576 | 0.67 | 0.81 |     254.7 |       333.4 |         312.9 |      306.3 
     aqrs-pa-pqrs |    24 | 8000 |   24 | 1.00 | 1.00 |     164.6 |       173.4 |         123.8 |      152.9 
     abrs-qb-aqrs |    20 | 9600 |   24 | 1.00 | 1.00 |     272.4 |       278.0 |         140.0 |      140.6 
     abcs-rc-abrs |    20 | 9600 |   24 | 1.00 | 1.00 |     247.7 |       247.7 |         146.4 |      140.5 
       abj-bka-kj |  5184 |   52 |   72 | 0.89 | 1.00 |     304.2 |       300.3 |         237.1 |      189.1 
       ajb-kba-jk |  3744 |   72 |   72 | 0.89 | 1.00 |     347.0 |       347.8 |         272.1 |      269.2 
     abjc-cbka-kj | 11520 |   20 |   24 | 0.67 | 1.00 |     159.3 |       171.0 |         111.9 |      129.0 
     ajbc-ckba-jk | 11520 |   24 |   20 | 1.00 | 1.00 |     177.3 |       179.6 |          29.5 |      132.4 
     abjc-kbac-jk |  9600 |   24 |   24 | 0.67 | 1.00 |     277.5 |       278.0 |         151.0 |      158.1 
   abjcd-dkbac-jk | 82944 |   24 |   12 | 0.67 | 1.00 |      83.6 |        84.0 |          79.4 |       63.3 
   adbjc-cbdka-kj | 82944 |   12 |   24 | 0.67 | 1.00 |      50.9 |        50.7 |          49.1 |       43.6 
   ajbdc-ckbad-jk | 82944 |   24 |   12 | 1.00 | 1.00 |      83.3 |        81.8 |          46.8 |       70.1 
 abcijk-ijma-mkbc |  4608 |  512 |   24 | 1.00 | 0.97 |     285.8 |       289.8 |         166.1 |      206.4 
 abcijk-ijmb-mkac |  1536 | 1536 |   24 | 1.00 | 0.75 |     287.9 |       289.0 |         237.2 |      168.4 
 abcijk-ijmc-mkab |  1536 | 1536 |   24 | 1.00 | 0.50 |     257.8 |       277.3 |         235.2 |      207.5 
 abcijk-ikma-mjbc |  4608 |  512 |   24 | 1.00 | 0.97 |     285.9 |       291.4 |         141.2 |      207.0 
 abcijk-ikmb-mjac |  1536 | 1536 |   24 | 1.00 | 0.75 |     286.4 |       291.3 |         236.9 |      184.2 
 abcijk-ikmc-mjab |  1536 | 1536 |   24 | 1.00 | 0.50 |     261.6 |       274.3 |         244.1 |      176.4 
 abcijk-jkma-mibc |  4608 |  512 |   24 | 1.00 | 0.97 |     283.6 |       292.9 |         146.4 |      216.9 
 abcijk-jkmb-miac |  1536 | 1536 |   24 | 1.00 | 0.75 |     290.3 |       294.4 |         237.7 |      152.9 
 abcijk-jkmc-miab |  1536 | 1536 |   24 | 1.00 | 0.50 |     257.9 |       258.3 |         237.5 |      195.4 
 abcijk-eiab-jkec |  1536 | 1536 |   24 | 1.00 | 0.50 |     256.0 |       260.2 |         246.1 |      192.9 
 abcijk-eiac-jkeb |  1536 | 1536 |   24 | 1.00 | 0.75 |     281.5 |       291.5 |         238.3 |      154.4 
 abcijk-eibc-jkea |   512 | 4608 |   24 | 1.00 | 0.97 |     290.1 |       294.6 |         138.4 |      217.7 
 abcijk-ejab-ikec |  1536 | 1536 |   24 | 1.00 | 0.50 |     274.5 |       272.2 |         237.2 |      180.0 
 abcijk-ejac-ikeb |  1536 | 1536 |   24 | 1.00 | 0.75 |     289.3 |       291.1 |         239.4 |      183.9 
 abcijk-ejbc-ikea |   512 | 4608 |   24 | 1.00 | 0.97 |     289.8 |       300.0 |         135.3 |      205.3 
 abcijk-ekab-ijec |  1536 | 1536 |   24 | 1.00 | 0.50 |     279.5 |       277.0 |         241.5 |      209.4 
 abcijk-ekac-ijeb |  1536 | 1536 |   24 | 1.00 | 0.75 |     290.4 |       292.4 |         238.1 |      166.6 
 abcijk-ekbc-ijea |   512 | 4608 |   24 | 1.00 | 0.97 |     293.4 |       299.4 |         142.1 |      206.8 
       abc-bk-akc |    72 | 3744 |   52 | 0.89 | 1.00 |     343.1 |       339.7 |         188.3 |      284.0 

=== complex efficiency ratio (c64 GF/s over f64 GF/s; 1.0 = no penalty) ===
             case | plan c64/f64 | packed c64/f64 | upstream c64/f64 | tblis c64/f64 
------------------+--------------+----------------+------------------+---------------
         ij-ik-kj |        1.027 |          1.057 |            1.344 |         1.321 
       ij-ikl-ljk |        1.248 |          1.236 |            1.490 |         2.413 
       ij-kil-lkj |        1.174 |          1.195 |            1.324 |         2.326 
       ijk-ikl-lj |        1.181 |          1.177 |            1.648 |         1.508 
       ijk-il-jlk |        1.074 |          1.028 |            1.509 |         1.574 
       ijk-ilk-jl |        1.180 |          1.159 |            1.726 |         1.520 
       ijk-ilk-lj |        1.205 |          1.157 |            1.695 |         1.547 
     ijk-ilmk-mjl |        1.438 |          1.479 |            2.425 |         2.351 
   ijkl-imjn-lnkm |        1.139 |          1.138 |            1.238 |         1.251 
   ijkl-imjn-nlmk |        1.214 |          1.244 |            1.336 |         1.426 
   ijkl-imkn-jnlm |        1.087 |          1.082 |            1.170 |         1.133 
   ijkl-imkn-njml |        1.104 |          1.089 |            1.215 |         1.179 
   ijkl-imln-jnkm |        1.094 |          1.086 |            1.181 |         1.115 
   ijkl-imln-njmk |        1.097 |          1.086 |            1.186 |         1.164 
   ijkl-imnj-nlkm |        1.097 |          1.089 |            1.183 |         1.172 
   ijkl-imnk-njml |        1.093 |          1.088 |            1.199 |         1.198 
   ijkl-minj-nlmk |        1.110 |          1.091 |            1.163 |         1.149 
   ijkl-mink-jnlm |        1.091 |          1.095 |            1.177 |         1.162 
   ijkl-minl-njmk |        0.835 |          1.073 |            1.162 |         1.167 
     aqrs-pa-pqrs |        2.000 |          1.688 |            1.529 |         2.469 
     abrs-qb-aqrs |        1.634 |          1.620 |            2.743 |         2.441 
     abcs-rc-abrs |        1.471 |          1.512 |            2.515 |         2.448 
       abj-bka-kj |        1.250 |          1.251 |            1.860 |         1.215 
       ajb-kba-jk |        1.243 |          1.132 |            1.704 |         1.358 
     abjc-cbka-kj |        2.454 |          2.377 |            2.822 |         2.246 
     ajbc-ckba-jk |        1.400 |          1.556 |            0.529 |         2.118 
     abjc-kbac-jk |        1.506 |          1.514 |            2.331 |         2.328 
   abjcd-dkbac-jk |        1.859 |          1.671 |            1.887 |         2.033 
   adbjc-cbdka-kj |        3.250 |          3.324 |            3.369 |         1.939 
   ajbdc-ckbad-jk |        1.744 |          1.694 |            1.152 |         2.169 
 abcijk-ijma-mkbc |        1.399 |          1.318 |            1.186 |         1.268 
 abcijk-ijmb-mkac |        1.358 |          1.139 |            1.348 |         1.625 
 abcijk-ijmc-mkab |        1.162 |          1.169 |            1.424 |         1.551 
 abcijk-ikma-mjbc |        1.455 |          1.303 |            1.075 |         1.288 
 abcijk-ikmb-mjac |        1.373 |          1.182 |            1.267 |         1.363 
 abcijk-ikmc-mjab |        1.207 |          1.157 |            1.400 |         1.565 
 abcijk-jkma-mibc |        1.399 |          1.420 |            1.064 |         1.289 
 abcijk-jkmb-miac |        1.410 |          1.224 |            1.208 |         1.576 
 abcijk-jkmc-miab |        1.324 |          1.157 |            1.362 |         1.614 
 abcijk-eiab-jkec |        1.277 |          1.133 |            1.499 |         1.595 
 abcijk-eiac-jkeb |        1.423 |          1.149 |            1.357 |         1.489 
 abcijk-eibc-jkea |        1.503 |          1.380 |            1.017 |         1.254 
 abcijk-ejab-ikec |        1.337 |          1.191 |            1.418 |         1.507 
 abcijk-ejac-ikeb |        1.312 |          1.123 |            1.416 |         1.410 
 abcijk-ejbc-ikea |        1.437 |          1.479 |            1.022 |         1.278 
 abcijk-ekab-ijec |        1.268 |          1.142 |            1.383 |         1.417 
 abcijk-ekac-ijeb |        1.406 |          1.142 |            1.433 |         1.544 
 abcijk-ekbc-ijea |        1.554 |          1.388 |            1.037 |         1.275 
       abc-bk-akc |        2.232 |          1.138 |            1.663 |         1.559 
             MEAN |        1.390 |          1.313 |            1.498 |         1.590 

wrote /home/shinaoka/projects/tensor4all/tprims-rs/benchmarks/benchmarks/tcbench/results/scaling-single-l3/candidate/A2-1m-8t.pending.csv
