# threads: requested=1 pool=1 budget=1
host        : shinaoka-EVO-X1Pro
target      : x86_64 / linux
cpu features: avx2 fma avx512f avx512dq 
caches      : L1=48KiB/12-way/2sh L2=1024KiB/16-way/2sh L3=8192KiB/16-way/16sh (via sysfs), blocking=legacy
l3 domains  : t1=1
baselines   : tblis=true blas=false
tblis       : abi 2.x, 1 thread(s)

running 49 cases at 16 MiB nominal tensor size, 5 reps, stress=none


=== f64 ===
             case |      m |     n |     k | regA | regB | plan GF/s | packed GF/s | upstream GF/s | tblis GF/s 
------------------+--------+-------+-------+------+------+-----------+-------------+---------------+------------
         ij-ik-kj |   1464 |  1448 |  1464 | 0.00 | 0.00 |      36.5 |        48.5 |          47.8 |       46.9 
       ij-ikl-ljk |    144 |   128 | 18432 | 1.00 | 1.00 |      38.3 |        38.3 |          36.8 |       27.3 
       ij-kil-lkj |    144 |   128 | 20736 | 1.00 | 1.00 |      36.0 |        36.0 |          35.2 |       25.3 
       ijk-ikl-lj |  18432 |   128 |   144 | 1.00 | 1.00 |      44.0 |        43.9 |          42.1 |       34.1 
       ijk-il-jlk |    144 | 18432 |   128 | 1.00 | 1.00 |      42.6 |        42.7 |          41.1 |       37.0 
       ijk-ilk-jl |  18432 |   144 |   128 | 1.00 | 1.00 |      44.8 |        44.8 |          43.9 |       37.1 
       ijk-ilk-lj |  18432 |   128 |   144 | 1.00 | 1.00 |      44.4 |        44.4 |          43.2 |       34.2 
     ijk-ilmk-mjl |   1920 |    40 |  1920 | 1.00 | 1.00 |      40.5 |        40.6 |          40.0 |       22.3 
   ijkl-imjn-lnkm |   1920 |  1920 |  1600 | 1.00 | 1.00 |      46.8 |        46.9 |          46.2 |       47.2 
   ijkl-imjn-nlmk |   1920 |  1600 |  1920 | 1.00 | 1.00 |      47.0 |        47.0 |          46.5 |       46.0 
   ijkl-imkn-jnlm |   1920 |  1920 |  1600 | 1.00 | 1.00 |      46.9 |        47.0 |          46.2 |       47.0 
   ijkl-imkn-njml |   1920 |  1600 |  1920 | 1.00 | 1.00 |      47.0 |        47.0 |          46.3 |       46.1 
   ijkl-imln-jnkm |   1920 |  1920 |  1600 | 1.00 | 1.00 |      47.3 |        47.1 |          46.3 |       47.0 
   ijkl-imln-njmk |   1920 |  1600 |  1920 | 1.00 | 1.00 |      47.4 |        47.4 |          46.4 |       45.8 
   ijkl-imnj-nlkm |   1920 |  1600 |  1920 | 1.00 | 1.00 |      47.1 |        47.1 |          46.7 |       45.9 
   ijkl-imnk-njml |   1920 |  1600 |  1920 | 1.00 | 1.00 |      47.1 |        47.1 |          46.5 |       46.4 
   ijkl-minj-nlmk |   1920 |  1600 |  2304 | 1.00 | 1.00 |      46.0 |        46.1 |          45.7 |       45.1 
   ijkl-mink-jnlm |   1920 |  1920 |  1920 | 1.00 | 1.00 |      46.6 |        46.6 |          45.5 |       46.3 
   ijkl-minl-njmk |   1920 |  1600 |  2304 | 1.00 | 1.00 |      46.3 |        46.3 |          45.8 |       45.2 
     aqrs-pa-pqrs |     48 | 64000 |    48 | 0.00 | 0.00 |      40.8 |        32.2 |          29.9 |       19.0 
     abrs-qb-aqrs |     40 | 76800 |    48 | 1.00 | 1.00 |      35.0 |        35.2 |          33.9 |       19.2 
     abcs-rc-abrs |     40 | 76800 |    48 | 1.00 | 1.00 |      32.0 |        32.4 |          30.2 |       20.0 
       abj-bka-kj |  20736 |   128 |   144 | 1.00 | 1.00 |      39.3 |        39.4 |          38.8 |       26.4 
       ajb-kba-jk |  18432 |   144 |   144 | 1.00 | 1.00 |      43.3 |        43.4 |          42.8 |       37.6 
     abjc-cbka-kj |  92160 |    40 |    48 | 1.00 | 1.00 |       9.9 |         9.9 |           9.7 |       14.3 
     ajbc-ckba-jk |  92160 |    48 |    40 | 1.00 | 1.00 |      18.6 |        18.6 |          17.4 |       20.0 
     abjc-kbac-jk |  76800 |    48 |    48 | 1.00 | 1.00 |      29.2 |        29.4 |          28.5 |       17.9 
   abjcd-dkbac-jk | 230400 |    24 |    20 | 1.00 | 1.00 |      12.8 |        12.8 |          11.7 |       10.2 
   adbjc-cbdka-kj | 230400 |    20 |    24 | 1.00 | 1.00 |       5.4 |         5.4 |           5.1 |        7.3 
   ajbdc-ckbad-jk | 230400 |    24 |    20 | 1.00 | 1.00 |      13.0 |        13.0 |          11.9 |       10.7 
 abcijk-ijma-mkbc |   6912 |  1728 |    24 | 1.00 | 1.00 |      41.8 |        41.8 |          39.8 |       33.5 
 abcijk-ijmb-mkac |   3456 |  3456 |    24 | 1.00 | 0.67 |      41.5 |        40.9 |          39.2 |       24.2 
 abcijk-ijmc-mkab |   3456 |  3456 |    24 | 1.00 | 0.67 |      40.0 |        39.8 |          37.7 |       31.4 
 abcijk-ikma-mjbc |   6912 |  1728 |    24 | 1.00 | 1.00 |      41.6 |        41.2 |          39.6 |       33.8 
 abcijk-ikmb-mjac |   3456 |  3456 |    24 | 1.00 | 0.67 |      40.9 |        40.9 |          39.3 |       29.7 
 abcijk-ikmc-mjab |   3456 |  3456 |    24 | 1.00 | 0.67 |      39.8 |        39.8 |          37.7 |       26.9 
 abcijk-jkma-mibc |   6912 |  1728 |    24 | 1.00 | 1.00 |      42.2 |        42.3 |          40.2 |       33.5 
 abcijk-jkmb-miac |   3456 |  3456 |    24 | 1.00 | 0.67 |      41.4 |        41.3 |          38.2 |       16.4 
 abcijk-jkmc-miab |   3456 |  3456 |    24 | 1.00 | 0.67 |      40.0 |        40.1 |          37.9 |       22.0 
 abcijk-eiab-jkec |   3456 |  3456 |    24 | 1.00 | 0.67 |      40.1 |        40.0 |          38.0 |       22.1 
 abcijk-eiac-jkeb |   3456 |  3456 |    24 | 1.00 | 0.67 |      41.4 |        40.8 |          38.4 |       16.2 
 abcijk-eibc-jkea |   1728 |  6912 |    24 | 1.00 | 1.00 |      41.0 |        41.4 |          40.0 |       33.7 
 abcijk-ejab-ikec |   3456 |  3456 |    24 | 1.00 | 0.67 |      40.0 |        40.0 |          37.8 |       27.3 
 abcijk-ejac-ikeb |   3456 |  3456 |    24 | 1.00 | 0.67 |      41.0 |        41.1 |          38.9 |       29.8 
 abcijk-ejbc-ikea |   1728 |  6912 |    24 | 1.00 | 1.00 |      41.1 |        40.8 |          39.1 |       33.5 
 abcijk-ekab-ijec |   3456 |  3456 |    24 | 1.00 | 0.67 |      40.1 |        40.0 |          37.8 |       31.9 
 abcijk-ekac-ijeb |   3456 |  3456 |    24 | 1.00 | 0.67 |      41.5 |        41.2 |          39.3 |       24.3 
 abcijk-ekbc-ijea |   1728 |  6912 |    24 | 1.00 | 1.00 |      41.1 |        41.3 |          39.2 |       33.5 
       abc-bk-akc |    144 | 18432 |   128 | 1.00 | 1.00 |      44.8 |        44.8 |          44.6 |       36.8 

=== c64 ===
             case |      m |     n |     k | regA | regB | plan GF/s | packed GF/s | upstream GF/s | tblis GF/s 
------------------+--------+-------+-------+------+------+-----------+-------------+---------------+------------
         ij-ik-kj |   1464 |  1448 |  1464 | 1.00 | 1.00 |      48.3 |        48.4 |          48.2 |       46.9 
       ij-ikl-ljk |    144 |   128 | 18432 | 1.00 | 1.00 |      42.3 |        42.1 |          40.2 |       33.7 
       ij-kil-lkj |    144 |   128 | 20736 | 1.00 | 1.00 |      40.3 |        40.3 |          38.4 |       30.8 
       ijk-ikl-lj |  18432 |   128 |   144 | 1.00 | 1.00 |      46.5 |        46.4 |          46.0 |       36.7 
       ijk-il-jlk |    144 | 18432 |   128 | 1.00 | 1.00 |      46.1 |        46.0 |          45.5 |       43.0 
       ijk-ilk-jl |  18432 |   144 |   128 | 1.00 | 1.00 |      48.7 |        48.6 |          48.1 |       39.5 
       ijk-ilk-lj |  18432 |   128 |   144 | 1.00 | 1.00 |      47.0 |        47.0 |          46.4 |       38.2 
     ijk-ilmk-mjl |   1920 |    40 |  1920 | 1.00 | 1.00 |      41.8 |        41.8 |          40.9 |       28.5 
   ijkl-imjn-lnkm |   1920 |  1920 |  1600 | 1.00 | 0.90 |      48.2 |        48.2 |          47.8 |       46.0 
   ijkl-imjn-nlmk |   1920 |  1600 |  1920 | 1.00 | 0.90 |      48.1 |        48.1 |          47.7 |       45.4 
   ijkl-imkn-jnlm |   1920 |  1920 |  1600 | 1.00 | 1.00 |      48.3 |        48.2 |          47.7 |       45.2 
   ijkl-imkn-njml |   1920 |  1600 |  1920 | 1.00 | 0.90 |      48.3 |        48.3 |          47.9 |       45.1 
   ijkl-imln-jnkm |   1920 |  1920 |  1600 | 1.00 | 1.00 |      48.3 |        48.4 |          47.9 |       45.2 
   ijkl-imln-njmk |   1920 |  1600 |  1920 | 1.00 | 0.90 |      48.5 |        48.5 |          48.0 |       45.5 
   ijkl-imnj-nlkm |   1920 |  1600 |  1920 | 1.00 | 0.90 |      48.1 |        48.1 |          47.7 |       45.6 
   ijkl-imnk-njml |   1920 |  1600 |  1920 | 1.00 | 0.90 |      48.3 |        48.4 |          47.9 |       45.5 
   ijkl-minj-nlmk |   1920 |  1600 |  2304 | 1.00 | 0.90 |      47.4 |        47.4 |          46.8 |       45.7 
   ijkl-mink-jnlm |   1920 |  1920 |  1920 | 1.00 | 1.00 |      47.7 |        47.7 |          47.1 |       46.1 
   ijkl-minl-njmk |   1920 |  1600 |  2304 | 1.00 | 0.90 |      47.7 |        47.7 |          47.1 |       45.5 
     aqrs-pa-pqrs |     48 | 64000 |    48 | 1.00 | 1.00 |      38.9 |        38.9 |          37.6 |       28.8 
     abrs-qb-aqrs |     40 | 76800 |    48 | 1.00 | 1.00 |      39.7 |        39.6 |          39.1 |       29.3 
     abcs-rc-abrs |     40 | 76800 |    48 | 1.00 | 1.00 |      39.2 |        39.2 |          38.1 |       29.4 
       abj-bka-kj |  20736 |   128 |   144 | 1.00 | 1.00 |      41.2 |        41.2 |          40.7 |       31.0 
       ajb-kba-jk |  18432 |   144 |   144 | 1.00 | 1.00 |      48.6 |        48.6 |          48.3 |       40.6 
     abjc-cbka-kj |  92160 |    40 |    48 | 1.00 | 1.00 |      19.2 |        19.1 |          18.9 |       22.9 
     ajbc-ckba-jk |  92160 |    48 |    40 | 1.00 | 1.00 |      25.8 |        25.8 |          25.1 |       33.3 
     abjc-kbac-jk |  76800 |    48 |    48 | 1.00 | 1.00 |      40.1 |        40.1 |          39.3 |       26.5 
   abjcd-dkbac-jk | 230400 |    24 |    20 | 0.67 | 1.00 |      21.1 |        21.2 |          19.8 |       19.4 
   adbjc-cbdka-kj | 230400 |    20 |    24 | 0.67 | 1.00 |      11.6 |        11.6 |          11.4 |       17.9 
   ajbdc-ckbad-jk | 230400 |    24 |    20 | 1.00 | 1.00 |      20.3 |        20.3 |          19.3 |       19.6 
 abcijk-ijma-mkbc |   6912 |  1728 |    24 | 1.00 | 1.00 |      43.9 |        43.8 |          42.6 |       37.5 
 abcijk-ijmb-mkac |   3456 |  3456 |    24 | 1.00 | 1.00 |      45.3 |        45.2 |          43.8 |       33.3 
 abcijk-ijmc-mkab |   3456 |  3456 |    24 | 1.00 | 1.00 |      44.4 |        44.5 |          43.3 |       39.6 
 abcijk-ikma-mjbc |   6912 |  1728 |    24 | 1.00 | 1.00 |      43.7 |        43.7 |          42.5 |       37.5 
 abcijk-ikmb-mjac |   3456 |  3456 |    24 | 1.00 | 1.00 |      45.3 |        45.2 |          44.0 |       34.8 
 abcijk-ikmc-mjab |   3456 |  3456 |    24 | 1.00 | 1.00 |      44.4 |        44.5 |          43.1 |       35.6 
 abcijk-jkma-mibc |   6912 |  1728 |    24 | 1.00 | 1.00 |      43.9 |        43.9 |          42.6 |       37.6 
 abcijk-jkmb-miac |   3456 |  3456 |    24 | 1.00 | 1.00 |      44.9 |        44.9 |          43.6 |       28.1 
 abcijk-jkmc-miab |   3456 |  3456 |    24 | 1.00 | 1.00 |      44.3 |        44.4 |          43.0 |       35.0 
 abcijk-eiab-jkec |   3456 |  3456 |    24 | 1.00 | 1.00 |      44.4 |        44.4 |          43.1 |       34.9 
 abcijk-eiac-jkeb |   3456 |  3456 |    24 | 1.00 | 1.00 |      45.0 |        45.0 |          43.5 |       28.1 
 abcijk-eibc-jkea |   1728 |  6912 |    24 | 1.00 | 1.00 |      43.9 |        43.9 |          42.5 |       37.6 
 abcijk-ejab-ikec |   3456 |  3456 |    24 | 1.00 | 1.00 |      44.4 |        44.4 |          43.3 |       35.5 
 abcijk-ejac-ikeb |   3456 |  3456 |    24 | 1.00 | 1.00 |      45.3 |        45.2 |          43.9 |       35.5 
 abcijk-ejbc-ikea |   1728 |  6912 |    24 | 1.00 | 1.00 |      43.7 |        43.7 |          42.5 |       37.5 
 abcijk-ekab-ijec |   3456 |  3456 |    24 | 1.00 | 1.00 |      44.4 |        44.4 |          43.3 |       39.7 
 abcijk-ekac-ijeb |   3456 |  3456 |    24 | 1.00 | 1.00 |      45.2 |        45.2 |          43.9 |       33.4 
 abcijk-ekbc-ijea |   1728 |  6912 |    24 | 1.00 | 1.00 |      43.8 |        43.8 |          42.7 |       37.6 
       abc-bk-akc |    144 | 18432 |   128 | 1.00 | 1.00 |      48.8 |        48.8 |          48.2 |       39.2 

=== complex efficiency ratio (c64 GF/s over f64 GF/s; 1.0 = no penalty) ===
             case | plan c64/f64 | packed c64/f64 | upstream c64/f64 | tblis c64/f64 
------------------+--------------+----------------+------------------+---------------
         ij-ik-kj |        1.323 |          0.997 |            1.008 |         1.001 
       ij-ikl-ljk |        1.104 |          1.098 |            1.091 |         1.235 
       ij-kil-lkj |        1.121 |          1.120 |            1.089 |         1.219 
       ijk-ikl-lj |        1.055 |          1.057 |            1.093 |         1.076 
       ijk-il-jlk |        1.082 |          1.079 |            1.108 |         1.160 
       ijk-ilk-jl |        1.087 |          1.086 |            1.095 |         1.064 
       ijk-ilk-lj |        1.059 |          1.059 |            1.075 |         1.116 
     ijk-ilmk-mjl |        1.033 |          1.030 |            1.022 |         1.282 
   ijkl-imjn-lnkm |        1.029 |          1.028 |            1.034 |         0.976 
   ijkl-imjn-nlmk |        1.023 |          1.023 |            1.026 |         0.987 
   ijkl-imkn-jnlm |        1.029 |          1.026 |            1.032 |         0.963 
   ijkl-imkn-njml |        1.027 |          1.027 |            1.033 |         0.979 
   ijkl-imln-jnkm |        1.023 |          1.027 |            1.034 |         0.962 
   ijkl-imln-njmk |        1.023 |          1.022 |            1.034 |         0.994 
   ijkl-imnj-nlkm |        1.021 |          1.020 |            1.023 |         0.993 
   ijkl-imnk-njml |        1.026 |          1.026 |            1.031 |         0.981 
   ijkl-minj-nlmk |        1.029 |          1.027 |            1.025 |         1.013 
   ijkl-mink-jnlm |        1.023 |          1.024 |            1.036 |         0.996 
   ijkl-minl-njmk |        1.030 |          1.031 |            1.029 |         1.008 
     aqrs-pa-pqrs |        0.953 |          1.208 |            1.255 |         1.514 
     abrs-qb-aqrs |        1.134 |          1.125 |            1.152 |         1.530 
     abcs-rc-abrs |        1.224 |          1.208 |            1.262 |         1.471 
       abj-bka-kj |        1.048 |          1.048 |            1.047 |         1.174 
       ajb-kba-jk |        1.121 |          1.122 |            1.129 |         1.081 
     abjc-cbka-kj |        1.942 |          1.931 |            1.939 |         1.604 
     ajbc-ckba-jk |        1.387 |          1.387 |            1.445 |         1.668 
     abjc-kbac-jk |        1.373 |          1.362 |            1.377 |         1.480 
   abjcd-dkbac-jk |        1.650 |          1.655 |            1.696 |         1.907 
   adbjc-cbdka-kj |        2.158 |          2.160 |            2.217 |         2.453 
   ajbdc-ckbad-jk |        1.558 |          1.566 |            1.621 |         1.833 
 abcijk-ijma-mkbc |        1.049 |          1.049 |            1.069 |         1.122 
 abcijk-ijmb-mkac |        1.090 |          1.104 |            1.117 |         1.377 
 abcijk-ijmc-mkab |        1.110 |          1.116 |            1.147 |         1.261 
 abcijk-ikma-mjbc |        1.050 |          1.061 |            1.073 |         1.109 
 abcijk-ikmb-mjac |        1.106 |          1.105 |            1.120 |         1.174 
 abcijk-ikmc-mjab |        1.116 |          1.118 |            1.143 |         1.325 
 abcijk-jkma-mibc |        1.039 |          1.039 |            1.059 |         1.121 
 abcijk-jkmb-miac |        1.084 |          1.088 |            1.140 |         1.714 
 abcijk-jkmc-miab |        1.107 |          1.108 |            1.134 |         1.590 
 abcijk-eiab-jkec |        1.107 |          1.109 |            1.132 |         1.582 
 abcijk-eiac-jkeb |        1.085 |          1.102 |            1.134 |         1.738 
 abcijk-eibc-jkea |        1.071 |          1.060 |            1.063 |         1.114 
 abcijk-ejab-ikec |        1.112 |          1.111 |            1.144 |         1.299 
 abcijk-ejac-ikeb |        1.106 |          1.102 |            1.129 |         1.193 
 abcijk-ejbc-ikea |        1.063 |          1.070 |            1.089 |         1.118 
 abcijk-ekab-ijec |        1.109 |          1.110 |            1.145 |         1.244 
 abcijk-ekac-ijeb |        1.091 |          1.097 |            1.118 |         1.375 
 abcijk-ekbc-ijea |        1.065 |          1.060 |            1.087 |         1.122 
       abc-bk-akc |        1.088 |          1.089 |            1.079 |         1.064 
             MEAN |        1.150 |          1.148 |            1.167 |         1.273 

wrote /home/shinaoka/projects/tensor4all/tprims-rs/benchmarks/benchmarks/tcbench/results/scaling-single-l3/candidate/A2-16m-1t.pending.csv
