# threads: requested=1 pool=1 budget=1
host        : shinaoka-EVO-X1Pro
target      : x86_64 / linux
cpu features: avx2 fma avx512f avx512dq 
caches      : L1=48KiB/12-way/2sh L2=1024KiB/16-way/2sh L3=16384KiB/16-way/8sh (via sysfs), blocking=legacy
l3 domains  : t1=1
baselines   : tblis=true blas=false
tblis       : abi 2.x, 1 thread(s)

running 49 cases at 16 MiB nominal tensor size, 5 reps, stress=none


=== f64 ===
             case |      m |     n |     k | regA | regB | plan GF/s | packed GF/s | upstream GF/s | tblis GF/s 
------------------+--------+-------+-------+------+------+-----------+-------------+---------------+------------
         ij-ik-kj |   1464 |  1448 |  1464 | 0.00 | 0.00 |      36.9 |        48.9 |          47.6 |       46.1 
       ij-ikl-ljk |    144 |   128 | 18432 | 1.00 | 1.00 |      38.0 |        37.9 |          36.9 |       27.5 
       ij-kil-lkj |    144 |   128 | 20736 | 1.00 | 1.00 |      35.9 |        36.0 |          35.1 |       25.5 
       ijk-ikl-lj |  18432 |   128 |   144 | 1.00 | 1.00 |      43.0 |        42.9 |          41.4 |       34.9 
       ijk-il-jlk |    144 | 18432 |   128 | 1.00 | 1.00 |      38.4 |        38.6 |          36.0 |       36.7 
       ijk-ilk-jl |  18432 |   144 |   128 | 1.00 | 1.00 |      45.0 |        45.0 |          44.5 |       36.2 
       ijk-ilk-lj |  18432 |   128 |   144 | 1.00 | 1.00 |      44.3 |        44.4 |          44.0 |       34.1 
     ijk-ilmk-mjl |   1920 |    40 |  1920 | 1.00 | 1.00 |      40.6 |        40.8 |          40.0 |       21.9 
   ijkl-imjn-lnkm |   1920 |  1920 |  1600 | 1.00 | 1.00 |      47.2 |        46.9 |          46.2 |       46.8 
   ijkl-imjn-nlmk |   1920 |  1600 |  1920 | 1.00 | 1.00 |      47.4 |        47.4 |          46.2 |       45.8 
   ijkl-imkn-jnlm |   1920 |  1920 |  1600 | 1.00 | 1.00 |      47.3 |        47.3 |          46.0 |       47.0 
   ijkl-imkn-njml |   1920 |  1600 |  1920 | 1.00 | 1.00 |      47.5 |        47.6 |          46.5 |       45.6 
   ijkl-imln-jnkm |   1920 |  1920 |  1600 | 1.00 | 1.00 |      47.5 |        47.4 |          46.1 |       46.8 
   ijkl-imln-njmk |   1920 |  1600 |  1920 | 1.00 | 1.00 |      47.6 |        47.6 |          46.5 |       46.2 
   ijkl-imnj-nlkm |   1920 |  1600 |  1920 | 1.00 | 1.00 |      47.4 |        47.4 |          46.3 |       46.7 
   ijkl-imnk-njml |   1920 |  1600 |  1920 | 1.00 | 1.00 |      47.7 |        47.7 |          46.6 |       46.2 
   ijkl-minj-nlmk |   1920 |  1600 |  2304 | 1.00 | 1.00 |      46.4 |        46.4 |          45.6 |       45.6 
   ijkl-mink-jnlm |   1920 |  1920 |  1920 | 1.00 | 1.00 |      46.8 |        46.8 |          46.1 |       46.8 
   ijkl-minl-njmk |   1920 |  1600 |  2304 | 1.00 | 1.00 |      46.7 |        46.7 |          45.6 |       46.1 
     aqrs-pa-pqrs |     48 | 64000 |    48 | 0.00 | 0.00 |      39.7 |        33.2 |          30.5 |       18.9 
     abrs-qb-aqrs |     40 | 76800 |    48 | 1.00 | 1.00 |      34.6 |        34.8 |          34.6 |       19.6 
     abcs-rc-abrs |     40 | 76800 |    48 | 1.00 | 1.00 |      30.5 |        31.0 |          28.7 |       21.4 
       abj-bka-kj |  20736 |   128 |   144 | 1.00 | 1.00 |      38.8 |        38.8 |          38.6 |       26.7 
       ajb-kba-jk |  18432 |   144 |   144 | 1.00 | 1.00 |      42.9 |        43.0 |          42.7 |       37.4 
     abjc-cbka-kj |  92160 |    40 |    48 | 1.00 | 1.00 |       9.8 |         9.8 |           9.4 |       13.4 
     ajbc-ckba-jk |  92160 |    48 |    40 | 1.00 | 1.00 |      17.9 |        17.9 |          17.2 |       19.4 
     abjc-kbac-jk |  76800 |    48 |    48 | 1.00 | 1.00 |      29.1 |        29.0 |          29.2 |       19.0 
   abjcd-dkbac-jk | 230400 |    24 |    20 | 1.00 | 1.00 |      13.4 |        13.4 |          12.2 |       10.0 
   adbjc-cbdka-kj | 230400 |    20 |    24 | 1.00 | 1.00 |       5.4 |         5.4 |           5.1 |        7.5 
   ajbdc-ckbad-jk | 230400 |    24 |    20 | 1.00 | 1.00 |      13.2 |        13.2 |          12.0 |       10.6 
 abcijk-ijma-mkbc |   6912 |  1728 |    24 | 1.00 | 1.00 |      41.6 |        41.4 |          39.7 |       33.6 
 abcijk-ijmb-mkac |   3456 |  3456 |    24 | 1.00 | 0.67 |      41.4 |        41.0 |          39.3 |       24.3 
 abcijk-ijmc-mkab |   3456 |  3456 |    24 | 1.00 | 0.67 |      39.8 |        39.7 |          37.8 |       31.4 
 abcijk-ikma-mjbc |   6912 |  1728 |    24 | 1.00 | 1.00 |      41.2 |        41.1 |          39.4 |       33.5 
 abcijk-ikmb-mjac |   3456 |  3456 |    24 | 1.00 | 0.67 |      41.3 |        40.8 |          39.0 |       29.8 
 abcijk-ikmc-mjab |   3456 |  3456 |    24 | 1.00 | 0.67 |      39.8 |        39.8 |          37.9 |       26.2 
 abcijk-jkma-mibc |   6912 |  1728 |    24 | 1.00 | 1.00 |      42.1 |        42.0 |          40.2 |       33.3 
 abcijk-jkmb-miac |   3456 |  3456 |    24 | 1.00 | 0.67 |      41.4 |        40.8 |          38.4 |       16.3 
 abcijk-jkmc-miab |   3456 |  3456 |    24 | 1.00 | 0.67 |      40.1 |        40.2 |          38.2 |       22.3 
 abcijk-eiab-jkec |   3456 |  3456 |    24 | 1.00 | 0.67 |      40.2 |        40.2 |          38.0 |       21.5 
 abcijk-eiac-jkeb |   3456 |  3456 |    24 | 1.00 | 0.67 |      41.5 |        41.1 |          37.8 |       16.4 
 abcijk-eibc-jkea |   1728 |  6912 |    24 | 1.00 | 1.00 |      41.8 |        41.4 |          39.4 |       33.5 
 abcijk-ejab-ikec |   3456 |  3456 |    24 | 1.00 | 0.67 |      39.8 |        39.8 |          37.9 |       26.6 
 abcijk-ejac-ikeb |   3456 |  3456 |    24 | 1.00 | 0.67 |      41.2 |        40.7 |          38.7 |       29.6 
 abcijk-ejbc-ikea |   1728 |  6912 |    24 | 1.00 | 1.00 |      41.0 |        40.9 |          39.0 |       33.6 
 abcijk-ekab-ijec |   3456 |  3456 |    24 | 1.00 | 0.67 |      39.9 |        39.8 |          37.8 |       31.7 
 abcijk-ekac-ijeb |   3456 |  3456 |    24 | 1.00 | 0.67 |      41.3 |        41.1 |          39.2 |       24.2 
 abcijk-ekbc-ijea |   1728 |  6912 |    24 | 1.00 | 1.00 |      41.5 |        41.0 |          39.3 |       33.4 
       abc-bk-akc |    144 | 18432 |   128 | 1.00 | 1.00 |      44.1 |        44.3 |          43.3 |       36.2 

=== c64 ===
             case |      m |     n |     k | regA | regB | plan GF/s | packed GF/s | upstream GF/s | tblis GF/s 
------------------+--------+-------+-------+------+------+-----------+-------------+---------------+------------
         ij-ik-kj |   1464 |  1448 |  1464 | 1.00 | 1.00 |      48.3 |        48.3 |          48.2 |       47.0 
       ij-ikl-ljk |    144 |   128 | 18432 | 1.00 | 1.00 |      42.2 |        42.3 |          40.2 |       33.8 
       ij-kil-lkj |    144 |   128 | 20736 | 1.00 | 1.00 |      40.4 |        40.4 |          38.5 |       30.9 
       ijk-ikl-lj |  18432 |   128 |   144 | 1.00 | 1.00 |      46.6 |        46.6 |          46.1 |       36.7 
       ijk-il-jlk |    144 | 18432 |   128 | 1.00 | 1.00 |      44.9 |        44.8 |          43.6 |       42.7 
       ijk-ilk-jl |  18432 |   144 |   128 | 1.00 | 1.00 |      48.8 |        48.7 |          48.2 |       39.2 
       ijk-ilk-lj |  18432 |   128 |   144 | 1.00 | 1.00 |      47.5 |        47.4 |          46.8 |       38.1 
     ijk-ilmk-mjl |   1920 |    40 |  1920 | 1.00 | 1.00 |      41.1 |        41.1 |          40.5 |       28.2 
   ijkl-imjn-lnkm |   1920 |  1920 |  1600 | 1.00 | 0.90 |      48.0 |        48.0 |          47.9 |       45.2 
   ijkl-imjn-nlmk |   1920 |  1600 |  1920 | 1.00 | 0.90 |      47.9 |        47.9 |          47.8 |       44.9 
   ijkl-imkn-jnlm |   1920 |  1920 |  1600 | 1.00 | 1.00 |      48.3 |        48.3 |          47.9 |       45.2 
   ijkl-imkn-njml |   1920 |  1600 |  1920 | 1.00 | 0.90 |      48.2 |        48.3 |          47.9 |       44.9 
   ijkl-imln-jnkm |   1920 |  1920 |  1600 | 1.00 | 1.00 |      48.4 |        48.4 |          47.9 |       45.2 
   ijkl-imln-njmk |   1920 |  1600 |  1920 | 1.00 | 0.90 |      48.4 |        48.4 |          48.0 |       45.5 
   ijkl-imnj-nlkm |   1920 |  1600 |  1920 | 1.00 | 0.90 |      48.0 |        48.0 |          47.8 |       45.5 
   ijkl-imnk-njml |   1920 |  1600 |  1920 | 1.00 | 0.90 |      48.3 |        48.3 |          47.9 |       45.1 
   ijkl-minj-nlmk |   1920 |  1600 |  2304 | 1.00 | 0.90 |      47.2 |        47.2 |          46.9 |       44.9 
   ijkl-mink-jnlm |   1920 |  1920 |  1920 | 1.00 | 1.00 |      47.6 |        47.7 |          47.1 |       45.2 
   ijkl-minl-njmk |   1920 |  1600 |  2304 | 1.00 | 0.90 |      47.7 |        47.7 |          47.1 |       45.3 
     aqrs-pa-pqrs |     48 | 64000 |    48 | 1.00 | 1.00 |      38.8 |        38.8 |          37.5 |       29.5 
     abrs-qb-aqrs |     40 | 76800 |    48 | 1.00 | 1.00 |      39.5 |        39.5 |          39.0 |       29.3 
     abcs-rc-abrs |     40 | 76800 |    48 | 1.00 | 1.00 |      39.2 |        39.2 |          38.0 |       29.4 
       abj-bka-kj |  20736 |   128 |   144 | 1.00 | 1.00 |      41.1 |        41.1 |          40.5 |       30.9 
       ajb-kba-jk |  18432 |   144 |   144 | 1.00 | 1.00 |      48.7 |        48.7 |          48.3 |       40.8 
     abjc-cbka-kj |  92160 |    40 |    48 | 1.00 | 1.00 |      19.1 |        19.1 |          18.9 |       22.9 
     ajbc-ckba-jk |  92160 |    48 |    40 | 1.00 | 1.00 |      25.8 |        25.8 |          25.1 |       33.2 
     abjc-kbac-jk |  76800 |    48 |    48 | 1.00 | 1.00 |      40.1 |        40.0 |          39.3 |       26.6 
   abjcd-dkbac-jk | 230400 |    24 |    20 | 0.67 | 1.00 |      21.2 |        21.2 |          19.8 |       19.2 
   adbjc-cbdka-kj | 230400 |    20 |    24 | 0.67 | 1.00 |      11.6 |        11.6 |          11.4 |       17.8 
   ajbdc-ckbad-jk | 230400 |    24 |    20 | 1.00 | 1.00 |      20.3 |        20.3 |          19.4 |       19.5 
 abcijk-ijma-mkbc |   6912 |  1728 |    24 | 1.00 | 1.00 |      43.9 |        43.9 |          42.6 |       37.3 
 abcijk-ijmb-mkac |   3456 |  3456 |    24 | 1.00 | 1.00 |      45.2 |        45.3 |          43.9 |       33.0 
 abcijk-ijmc-mkab |   3456 |  3456 |    24 | 1.00 | 1.00 |      44.5 |        44.5 |          43.3 |       39.3 
 abcijk-ikma-mjbc |   6912 |  1728 |    24 | 1.00 | 1.00 |      43.8 |        43.8 |          42.4 |       37.3 
 abcijk-ikmb-mjac |   3456 |  3456 |    24 | 1.00 | 1.00 |      45.2 |        45.3 |          44.0 |       35.5 
 abcijk-ikmc-mjab |   3456 |  3456 |    24 | 1.00 | 1.00 |      44.5 |        44.5 |          43.2 |       35.2 
 abcijk-jkma-mibc |   6912 |  1728 |    24 | 1.00 | 1.00 |      44.0 |        44.0 |          42.6 |       37.3 
 abcijk-jkmb-miac |   3456 |  3456 |    24 | 1.00 | 1.00 |      45.0 |        45.1 |          43.5 |       28.2 
 abcijk-jkmc-miab |   3456 |  3456 |    24 | 1.00 | 1.00 |      44.3 |        44.3 |          43.0 |       34.4 
 abcijk-eiab-jkec |   3456 |  3456 |    24 | 1.00 | 1.00 |      44.2 |        44.3 |          43.0 |       35.1 
 abcijk-eiac-jkeb |   3456 |  3456 |    24 | 1.00 | 1.00 |      45.1 |        45.0 |          43.5 |       28.1 
 abcijk-eibc-jkea |   1728 |  6912 |    24 | 1.00 | 1.00 |      44.0 |        44.0 |          42.6 |       37.3 
 abcijk-ejab-ikec |   3456 |  3456 |    24 | 1.00 | 1.00 |      44.6 |        44.5 |          43.3 |       35.3 
 abcijk-ejac-ikeb |   3456 |  3456 |    24 | 1.00 | 1.00 |      45.2 |        45.3 |          44.0 |       35.4 
 abcijk-ejbc-ikea |   1728 |  6912 |    24 | 1.00 | 1.00 |      43.8 |        43.8 |          42.6 |       37.4 
 abcijk-ekab-ijec |   3456 |  3456 |    24 | 1.00 | 1.00 |      44.5 |        44.5 |          43.5 |       39.1 
 abcijk-ekac-ijeb |   3456 |  3456 |    24 | 1.00 | 1.00 |      45.3 |        45.2 |          44.0 |       33.2 
 abcijk-ekbc-ijea |   1728 |  6912 |    24 | 1.00 | 1.00 |      44.0 |        44.0 |          42.5 |       37.3 
       abc-bk-akc |    144 | 18432 |   128 | 1.00 | 1.00 |      48.7 |        48.7 |          48.2 |       39.4 

=== complex efficiency ratio (c64 GF/s over f64 GF/s; 1.0 = no penalty) ===
             case | plan c64/f64 | packed c64/f64 | upstream c64/f64 | tblis c64/f64 
------------------+--------------+----------------+------------------+---------------
         ij-ik-kj |        1.309 |          0.989 |            1.013 |         1.021 
       ij-ikl-ljk |        1.110 |          1.115 |            1.091 |         1.230 
       ij-kil-lkj |        1.124 |          1.122 |            1.098 |         1.209 
       ijk-ikl-lj |        1.084 |          1.086 |            1.114 |         1.049 
       ijk-il-jlk |        1.168 |          1.162 |            1.211 |         1.162 
       ijk-ilk-jl |        1.085 |          1.081 |            1.082 |         1.084 
       ijk-ilk-lj |        1.071 |          1.069 |            1.064 |         1.117 
     ijk-ilmk-mjl |        1.012 |          1.008 |            1.015 |         1.286 
   ijkl-imjn-lnkm |        1.017 |          1.022 |            1.037 |         0.967 
   ijkl-imjn-nlmk |        1.011 |          1.011 |            1.035 |         0.979 
   ijkl-imkn-jnlm |        1.020 |          1.020 |            1.040 |         0.961 
   ijkl-imkn-njml |        1.015 |          1.015 |            1.031 |         0.984 
   ijkl-imln-jnkm |        1.020 |          1.020 |            1.039 |         0.967 
   ijkl-imln-njmk |        1.016 |          1.015 |            1.031 |         0.984 
   ijkl-imnj-nlkm |        1.014 |          1.012 |            1.034 |         0.974 
   ijkl-imnk-njml |        1.012 |          1.012 |            1.028 |         0.976 
   ijkl-minj-nlmk |        1.018 |          1.018 |            1.029 |         0.984 
   ijkl-mink-jnlm |        1.018 |          1.018 |            1.022 |         0.966 
   ijkl-minl-njmk |        1.022 |          1.021 |            1.034 |         0.983 
     aqrs-pa-pqrs |        0.978 |          1.171 |            1.229 |         1.558 
     abrs-qb-aqrs |        1.142 |          1.138 |            1.127 |         1.493 
     abcs-rc-abrs |        1.285 |          1.264 |            1.324 |         1.376 
       abj-bka-kj |        1.059 |          1.060 |            1.049 |         1.157 
       ajb-kba-jk |        1.134 |          1.133 |            1.131 |         1.089 
     abjc-cbka-kj |        1.961 |          1.960 |            2.005 |         1.702 
     ajbc-ckba-jk |        1.440 |          1.439 |            1.453 |         1.713 
     abjc-kbac-jk |        1.379 |          1.378 |            1.344 |         1.401 
   abjcd-dkbac-jk |        1.577 |          1.578 |            1.618 |         1.919 
   adbjc-cbdka-kj |        2.147 |          2.149 |            2.211 |         2.393 
   ajbdc-ckbad-jk |        1.542 |          1.529 |            1.617 |         1.835 
 abcijk-ijma-mkbc |        1.054 |          1.061 |            1.072 |         1.110 
 abcijk-ijmb-mkac |        1.093 |          1.105 |            1.119 |         1.362 
 abcijk-ijmc-mkab |        1.119 |          1.121 |            1.147 |         1.251 
 abcijk-ikma-mjbc |        1.063 |          1.064 |            1.075 |         1.113 
 abcijk-ikmb-mjac |        1.095 |          1.110 |            1.127 |         1.191 
 abcijk-ikmc-mjab |        1.117 |          1.118 |            1.139 |         1.345 
 abcijk-jkma-mibc |        1.045 |          1.047 |            1.058 |         1.120 
 abcijk-jkmb-miac |        1.088 |          1.104 |            1.133 |         1.731 
 abcijk-jkmc-miab |        1.103 |          1.102 |            1.126 |         1.546 
 abcijk-eiab-jkec |        1.102 |          1.101 |            1.130 |         1.630 
 abcijk-eiac-jkeb |        1.085 |          1.097 |            1.151 |         1.712 
 abcijk-eibc-jkea |        1.054 |          1.065 |            1.082 |         1.114 
 abcijk-ejab-ikec |        1.118 |          1.119 |            1.142 |         1.325 
 abcijk-ejac-ikeb |        1.098 |          1.112 |            1.134 |         1.195 
 abcijk-ejbc-ikea |        1.069 |          1.072 |            1.092 |         1.113 
 abcijk-ekab-ijec |        1.117 |          1.118 |            1.150 |         1.235 
 abcijk-ekac-ijeb |        1.095 |          1.101 |            1.121 |         1.372 
 abcijk-ekbc-ijea |        1.061 |          1.073 |            1.082 |         1.118 
       abc-bk-akc |        1.104 |          1.100 |            1.112 |         1.089 
             MEAN |        1.152 |          1.151 |            1.170 |         1.269 

wrote /home/shinaoka/projects/tensor4all/tprims-rs/benchmarks/benchmarks/tcbench/results/scaling-layout/candidate/A-16m-1t.pending.csv
