# threads: requested=8 pool=8 budget=8
host        : shinaoka-EVO-X1Pro
target      : x86_64 / linux
cpu features: avx2 fma avx512f avx512dq 
caches      : L1=48KiB/12-way/2sh L2=1024KiB/16-way/2sh L3=16384KiB/16-way/8sh (via sysfs), blocking=legacy
l3 domains  : t1=1 t4=1 t8=2 t16=4
baselines   : tblis=true blas=false
tblis       : abi 2.x, 8 thread(s)

running 49 cases at 16 MiB nominal tensor size, 5 reps, stress=none


=== f64 ===
             case |      m |     n |     k | regA | regB | plan GF/s | packed GF/s | upstream GF/s | tblis GF/s 
------------------+--------+-------+-------+------+------+-----------+-------------+---------------+------------
         ij-ik-kj |   1464 |  1448 |  1464 | 0.00 | 0.00 |     283.3 |       254.3 |         246.9 |      322.9 
       ij-ikl-ljk |    144 |   128 | 18432 | 1.00 | 1.00 |     199.7 |       213.1 |         196.2 |      134.5 
       ij-kil-lkj |    144 |   128 | 20736 | 1.00 | 1.00 |     180.0 |       182.1 |         169.7 |      119.5 
       ijk-ikl-lj |  18432 |   128 |   144 | 1.00 | 1.00 |     283.4 |       288.9 |         264.8 |      164.9 
       ijk-il-jlk |    144 | 18432 |   128 | 1.00 | 1.00 |     289.9 |       291.7 |         267.1 |      262.0 
       ijk-ilk-jl |  18432 |   144 |   128 | 1.00 | 1.00 |     296.2 |       308.0 |         294.1 |      195.9 
       ijk-ilk-lj |  18432 |   128 |   144 | 1.00 | 1.00 |     302.9 |       307.1 |         286.7 |      186.7 
     ijk-ilmk-mjl |   1920 |    40 |  1920 | 1.00 | 1.00 |     172.8 |       223.3 |         187.3 |      151.0 
   ijkl-imjn-lnkm |   1920 |  1920 |  1600 | 1.00 | 1.00 |     329.7 |       330.9 |         321.9 |      331.9 
   ijkl-imjn-nlmk |   1920 |  1600 |  1920 | 1.00 | 1.00 |     327.7 |       328.6 |         317.4 |      326.7 
   ijkl-imkn-jnlm |   1920 |  1920 |  1600 | 1.00 | 1.00 |     350.5 |       350.9 |         345.1 |      326.9 
   ijkl-imkn-njml |   1920 |  1600 |  1920 | 1.00 | 1.00 |     341.8 |       339.7 |         338.9 |      325.9 
   ijkl-imln-jnkm |   1920 |  1920 |  1600 | 1.00 | 1.00 |     351.4 |       350.0 |         341.9 |      325.2 
   ijkl-imln-njmk |   1920 |  1600 |  1920 | 1.00 | 1.00 |     341.6 |       339.4 |         335.9 |      328.7 
   ijkl-imnj-nlkm |   1920 |  1600 |  1920 | 1.00 | 1.00 |     326.6 |       327.1 |         315.5 |      330.7 
   ijkl-imnk-njml |   1920 |  1600 |  1920 | 1.00 | 1.00 |     340.8 |       340.6 |         334.9 |      330.3 
   ijkl-minj-nlmk |   1920 |  1600 |  2304 | 1.00 | 1.00 |     325.4 |       324.8 |         315.0 |      317.1 
   ijkl-mink-jnlm |   1920 |  1920 |  1920 | 1.00 | 1.00 |     345.8 |       346.1 |         339.5 |      323.4 
   ijkl-minl-njmk |   1920 |  1600 |  2304 | 1.00 | 1.00 |     347.7 |       348.5 |         337.4 |      310.7 
     aqrs-pa-pqrs |     48 | 64000 |    48 | 0.00 | 0.00 |     192.2 |       172.2 |         159.5 |      106.5 
     abrs-qb-aqrs |     40 | 76800 |    48 | 1.00 | 1.00 |     190.7 |       193.5 |         179.6 |      101.4 
     abcs-rc-abrs |     40 | 76800 |    48 | 1.00 | 1.00 |     149.3 |       148.2 |         138.7 |       69.9 
       abj-bka-kj |  20736 |   128 |   144 | 1.00 | 1.00 |     173.0 |       179.2 |         164.4 |      114.4 
       ajb-kba-jk |  18432 |   144 |   144 | 1.00 | 1.00 |     248.3 |       285.3 |         265.1 |      199.6 
     abjc-cbka-kj |  92160 |    40 |    48 | 1.00 | 1.00 |      42.6 |        41.8 |          40.8 |       60.3 
     ajbc-ckba-jk |  92160 |    48 |    40 | 1.00 | 1.00 |      70.2 |        70.3 |          66.6 |       85.2 
     abjc-kbac-jk |  76800 |    48 |    48 | 1.00 | 1.00 |     146.4 |       147.5 |         134.5 |       72.5 
   abjcd-dkbac-jk | 230400 |    24 |    20 | 1.00 | 1.00 |      49.9 |        49.5 |          46.0 |       42.9 
   adbjc-cbdka-kj | 230400 |    20 |    24 | 1.00 | 1.00 |      26.7 |        27.3 |          26.5 |       24.2 
   ajbdc-ckbad-jk | 230400 |    24 |    20 | 1.00 | 1.00 |      50.5 |        50.3 |          46.3 |       46.8 
 abcijk-ijma-mkbc |   6912 |  1728 |    24 | 1.00 | 1.00 |     157.0 |       156.9 |         151.9 |      145.9 
 abcijk-ijmb-mkac |   3456 |  3456 |    24 | 1.00 | 0.67 |     160.4 |       162.6 |         152.7 |       80.6 
 abcijk-ijmc-mkab |   3456 |  3456 |    24 | 1.00 | 0.67 |     158.7 |       157.0 |         153.9 |      106.2 
 abcijk-ikma-mjbc |   6912 |  1728 |    24 | 1.00 | 1.00 |     156.0 |       156.7 |         153.6 |      146.5 
 abcijk-ikmb-mjac |   3456 |  3456 |    24 | 1.00 | 0.67 |     161.2 |       158.4 |         150.7 |      119.9 
 abcijk-ikmc-mjab |   3456 |  3456 |    24 | 1.00 | 0.67 |     158.4 |       157.1 |         150.9 |      106.4 
 abcijk-jkma-mibc |   6912 |  1728 |    24 | 1.00 | 1.00 |     154.9 |       155.2 |         154.5 |      150.2 
 abcijk-jkmb-miac |   3456 |  3456 |    24 | 1.00 | 0.67 |     162.4 |       160.9 |         149.9 |       76.6 
 abcijk-jkmc-miab |   3456 |  3456 |    24 | 1.00 | 0.67 |     157.4 |       155.6 |         152.1 |       86.0 
 abcijk-eiab-jkec |   3456 |  3456 |    24 | 1.00 | 0.67 |     156.1 |       155.6 |         150.5 |       85.3 
 abcijk-eiac-jkeb |   3456 |  3456 |    24 | 1.00 | 0.67 |     158.6 |       159.2 |         152.3 |       77.6 
 abcijk-eibc-jkea |   1728 |  6912 |    24 | 1.00 | 1.00 |     155.4 |       155.2 |         150.2 |      149.7 
 abcijk-ejab-ikec |   3456 |  3456 |    24 | 1.00 | 0.67 |     158.1 |       158.8 |         150.3 |      105.9 
 abcijk-ejac-ikeb |   3456 |  3456 |    24 | 1.00 | 0.67 |     160.9 |       158.9 |         151.6 |      119.6 
 abcijk-ejbc-ikea |   1728 |  6912 |    24 | 1.00 | 1.00 |     155.6 |       155.9 |         154.2 |      146.9 
 abcijk-ekab-ijec |   3456 |  3456 |    24 | 1.00 | 0.67 |     159.3 |       156.1 |         149.7 |      107.6 
 abcijk-ekac-ijeb |   3456 |  3456 |    24 | 1.00 | 0.67 |     160.6 |       159.5 |         153.5 |       81.4 
 abcijk-ekbc-ijea |   1728 |  6912 |    24 | 1.00 | 1.00 |     156.1 |       156.1 |         155.2 |      146.4 
       abc-bk-akc |    144 | 18432 |   128 | 1.00 | 1.00 |     293.9 |       313.4 |         290.7 |      195.0 

=== c64 ===
             case |      m |     n |     k | regA | regB | plan GF/s | packed GF/s | upstream GF/s | tblis GF/s 
------------------+--------+-------+-------+------+------+-----------+-------------+---------------+------------
         ij-ik-kj |   1464 |  1448 |  1464 | 1.00 | 1.00 |     347.6 |       349.6 |         341.0 |      358.1 
       ij-ikl-ljk |    144 |   128 | 18432 | 1.00 | 1.00 |     168.8 |       169.0 |         160.4 |      192.3 
       ij-kil-lkj |    144 |   128 | 20736 | 1.00 | 1.00 |     164.9 |       163.7 |         155.2 |      171.6 
       ijk-ikl-lj |  18432 |   128 |   144 | 1.00 | 1.00 |     342.5 |       332.0 |         340.4 |      231.1 
       ijk-il-jlk |    144 | 18432 |   128 | 1.00 | 1.00 |     202.4 |       202.1 |         201.0 |      330.8 
       ijk-ilk-jl |  18432 |   144 |   128 | 1.00 | 1.00 |     347.3 |       368.9 |         363.0 |      257.9 
       ijk-ilk-lj |  18432 |   128 |   144 | 1.00 | 1.00 |     361.6 |       356.9 |         349.3 |      250.5 
     ijk-ilmk-mjl |   1920 |    40 |  1920 | 1.00 | 1.00 |     251.3 |       272.3 |         257.4 |      200.8 
   ijkl-imjn-lnkm |   1920 |  1920 |  1600 | 1.00 | 0.90 |     347.8 |       347.2 |         340.1 |      351.5 
   ijkl-imjn-nlmk |   1920 |  1600 |  1920 | 1.00 | 0.90 |     352.9 |       353.7 |         349.0 |      351.2 
   ijkl-imkn-jnlm |   1920 |  1920 |  1600 | 1.00 | 1.00 |     362.8 |       362.7 |         356.2 |      344.5 
   ijkl-imkn-njml |   1920 |  1600 |  1920 | 1.00 | 0.90 |     358.3 |       358.0 |         351.1 |      350.2 
   ijkl-imln-jnkm |   1920 |  1920 |  1600 | 1.00 | 1.00 |     363.8 |       363.4 |         357.6 |      347.4 
   ijkl-imln-njmk |   1920 |  1600 |  1920 | 1.00 | 0.90 |     359.8 |       359.7 |         352.3 |      351.4 
   ijkl-imnj-nlkm |   1920 |  1600 |  1920 | 1.00 | 0.90 |     354.2 |       353.8 |         348.6 |      351.1 
   ijkl-imnk-njml |   1920 |  1600 |  1920 | 1.00 | 0.90 |     360.4 |       360.1 |         353.1 |      350.3 
   ijkl-minj-nlmk |   1920 |  1600 |  2304 | 1.00 | 0.90 |     354.4 |       354.9 |         351.2 |      346.9 
   ijkl-mink-jnlm |   1920 |  1920 |  1920 | 1.00 | 1.00 |     364.5 |       364.4 |         358.1 |      348.8 
   ijkl-minl-njmk |   1920 |  1600 |  2304 | 1.00 | 0.90 |     360.6 |       360.6 |         354.7 |      348.5 
     aqrs-pa-pqrs |     48 | 64000 |    48 | 1.00 | 1.00 |     267.9 |       270.3 |         257.7 |      199.9 
     abrs-qb-aqrs |     40 | 76800 |    48 | 1.00 | 1.00 |     288.3 |       288.1 |         279.6 |      143.6 
     abcs-rc-abrs |     40 | 76800 |    48 | 1.00 | 1.00 |     251.9 |       257.8 |         245.0 |      130.9 
       abj-bka-kj |  20736 |   128 |   144 | 1.00 | 1.00 |     283.2 |       285.8 |         274.8 |      194.3 
       ajb-kba-jk |  18432 |   144 |   144 | 1.00 | 1.00 |     367.5 |       370.2 |         359.8 |      268.1 
     abjc-cbka-kj |  92160 |    40 |    48 | 1.00 | 1.00 |     118.0 |       117.8 |         116.2 |      112.1 
     ajbc-ckba-jk |  92160 |    48 |    40 | 1.00 | 1.00 |      35.4 |        35.1 |          34.9 |      142.9 
     abjc-kbac-jk |  76800 |    48 |    48 | 1.00 | 1.00 |     207.2 |       206.9 |         202.1 |      129.2 
   abjcd-dkbac-jk | 230400 |    24 |    20 | 0.67 | 1.00 |      99.0 |        99.2 |          96.4 |       81.8 
   adbjc-cbdka-kj | 230400 |    20 |    24 | 0.67 | 1.00 |      65.2 |        64.5 |          63.9 |       61.9 
   ajbdc-ckbad-jk | 230400 |    24 |    20 | 1.00 | 1.00 |      30.2 |        35.1 |          30.8 |       91.4 
 abcijk-ijma-mkbc |   6912 |  1728 |    24 | 1.00 | 1.00 |     224.8 |       223.3 |         216.2 |      231.9 
 abcijk-ijmb-mkac |   3456 |  3456 |    24 | 1.00 | 1.00 |     257.0 |       273.4 |         273.8 |      171.5 
 abcijk-ijmc-mkab |   3456 |  3456 |    24 | 1.00 | 1.00 |     261.4 |       263.7 |         254.7 |      221.4 
 abcijk-ikma-mjbc |   6912 |  1728 |    24 | 1.00 | 1.00 |     218.0 |       219.2 |         217.8 |      231.1 
 abcijk-ikmb-mjac |   3456 |  3456 |    24 | 1.00 | 1.00 |     268.2 |       269.8 |         274.1 |      206.3 
 abcijk-ikmc-mjab |   3456 |  3456 |    24 | 1.00 | 1.00 |     262.4 |       261.7 |         254.1 |      196.0 
 abcijk-jkma-mibc |   6912 |  1728 |    24 | 1.00 | 1.00 |     223.8 |       223.1 |         219.1 |      235.5 
 abcijk-jkmb-miac |   3456 |  3456 |    24 | 1.00 | 1.00 |     268.7 |       277.6 |         278.9 |      135.8 
 abcijk-jkmc-miab |   3456 |  3456 |    24 | 1.00 | 1.00 |     261.6 |       260.7 |         254.3 |      157.9 
 abcijk-eiab-jkec |   3456 |  3456 |    24 | 1.00 | 1.00 |     261.5 |       259.6 |         253.0 |      157.3 
 abcijk-eiac-jkeb |   3456 |  3456 |    24 | 1.00 | 1.00 |     283.8 |       282.7 |         270.5 |      137.1 
 abcijk-eibc-jkea |   1728 |  6912 |    24 | 1.00 | 1.00 |     223.1 |       222.5 |         218.4 |      233.4 
 abcijk-ejab-ikec |   3456 |  3456 |    24 | 1.00 | 1.00 |     260.9 |       261.7 |         255.5 |      196.8 
 abcijk-ejac-ikeb |   3456 |  3456 |    24 | 1.00 | 1.00 |     254.8 |       264.6 |         271.5 |      206.2 
 abcijk-ejbc-ikea |   1728 |  6912 |    24 | 1.00 | 1.00 |     218.7 |       218.2 |         214.7 |      232.1 
 abcijk-ekab-ijec |   3456 |  3456 |    24 | 1.00 | 1.00 |     261.2 |       261.6 |         253.6 |      220.7 
 abcijk-ekac-ijeb |   3456 |  3456 |    24 | 1.00 | 1.00 |     252.6 |       254.9 |         275.5 |      172.3 
 abcijk-ekbc-ijea |   1728 |  6912 |    24 | 1.00 | 1.00 |     223.9 |       224.5 |         218.4 |      231.9 
       abc-bk-akc |    144 | 18432 |   128 | 1.00 | 1.00 |     368.1 |       368.5 |         360.0 |      258.2 

=== complex efficiency ratio (c64 GF/s over f64 GF/s; 1.0 = no penalty) ===
             case | plan c64/f64 | packed c64/f64 | upstream c64/f64 | tblis c64/f64 
------------------+--------------+----------------+------------------+---------------
         ij-ik-kj |        1.227 |          1.375 |            1.381 |         1.109 
       ij-ikl-ljk |        0.845 |          0.793 |            0.818 |         1.430 
       ij-kil-lkj |        0.916 |          0.899 |            0.914 |         1.436 
       ijk-ikl-lj |        1.208 |          1.149 |            1.285 |         1.401 
       ijk-il-jlk |        0.698 |          0.693 |            0.753 |         1.262 
       ijk-ilk-jl |        1.173 |          1.198 |            1.234 |         1.317 
       ijk-ilk-lj |        1.194 |          1.162 |            1.219 |         1.341 
     ijk-ilmk-mjl |        1.454 |          1.220 |            1.374 |         1.330 
   ijkl-imjn-lnkm |        1.055 |          1.049 |            1.057 |         1.059 
   ijkl-imjn-nlmk |        1.077 |          1.076 |            1.099 |         1.075 
   ijkl-imkn-jnlm |        1.035 |          1.034 |            1.032 |         1.054 
   ijkl-imkn-njml |        1.048 |          1.054 |            1.036 |         1.075 
   ijkl-imln-jnkm |        1.035 |          1.038 |            1.046 |         1.068 
   ijkl-imln-njmk |        1.053 |          1.060 |            1.049 |         1.069 
   ijkl-imnj-nlkm |        1.085 |          1.082 |            1.105 |         1.062 
   ijkl-imnk-njml |        1.058 |          1.057 |            1.054 |         1.061 
   ijkl-minj-nlmk |        1.089 |          1.093 |            1.115 |         1.094 
   ijkl-mink-jnlm |        1.054 |          1.053 |            1.055 |         1.079 
   ijkl-minl-njmk |        1.037 |          1.035 |            1.051 |         1.122 
     aqrs-pa-pqrs |        1.394 |          1.570 |            1.615 |         1.877 
     abrs-qb-aqrs |        1.512 |          1.489 |            1.556 |         1.417 
     abcs-rc-abrs |        1.687 |          1.739 |            1.766 |         1.872 
       abj-bka-kj |        1.636 |          1.595 |            1.671 |         1.699 
       ajb-kba-jk |        1.480 |          1.297 |            1.357 |         1.343 
     abjc-cbka-kj |        2.772 |          2.820 |            2.844 |         1.857 
     ajbc-ckba-jk |        0.504 |          0.499 |            0.524 |         1.678 
     abjc-kbac-jk |        1.416 |          1.403 |            1.503 |         1.783 
   abjcd-dkbac-jk |        1.984 |          2.002 |            2.096 |         1.905 
   adbjc-cbdka-kj |        2.436 |          2.366 |            2.417 |         2.561 
   ajbdc-ckbad-jk |        0.598 |          0.698 |            0.664 |         1.952 
 abcijk-ijma-mkbc |        1.432 |          1.423 |            1.423 |         1.589 
 abcijk-ijmb-mkac |        1.603 |          1.682 |            1.793 |         2.127 
 abcijk-ijmc-mkab |        1.647 |          1.680 |            1.654 |         2.084 
 abcijk-ikma-mjbc |        1.398 |          1.399 |            1.418 |         1.577 
 abcijk-ikmb-mjac |        1.664 |          1.704 |            1.819 |         1.721 
 abcijk-ikmc-mjab |        1.656 |          1.666 |            1.684 |         1.842 
 abcijk-jkma-mibc |        1.444 |          1.437 |            1.418 |         1.568 
 abcijk-jkmb-miac |        1.654 |          1.725 |            1.860 |         1.774 
 abcijk-jkmc-miab |        1.661 |          1.676 |            1.672 |         1.836 
 abcijk-eiab-jkec |        1.675 |          1.668 |            1.680 |         1.845 
 abcijk-eiac-jkeb |        1.789 |          1.776 |            1.776 |         1.766 
 abcijk-eibc-jkea |        1.436 |          1.434 |            1.453 |         1.559 
 abcijk-ejab-ikec |        1.650 |          1.648 |            1.700 |         1.858 
 abcijk-ejac-ikeb |        1.583 |          1.665 |            1.791 |         1.724 
 abcijk-ejbc-ikea |        1.406 |          1.400 |            1.392 |         1.580 
 abcijk-ekab-ijec |        1.640 |          1.676 |            1.694 |         2.051 
 abcijk-ekac-ijeb |        1.573 |          1.598 |            1.795 |         2.117 
 abcijk-ekbc-ijea |        1.434 |          1.438 |            1.408 |         1.584 
       abc-bk-akc |        1.252 |          1.176 |            1.238 |         1.324 
             MEAN |        1.375 |          1.377 |            1.416 |         1.549 

wrote /home/shinaoka/projects/tensor4all/tprims-rs/benchmarks/benchmarks/tcbench/results/scaling-layout/candidate/A-16m-8t.pending.csv
