# threads: requested=4 pool=4 budget=4
host        : shinaoka-EVO-X1Pro
target      : x86_64 / linux
cpu features: avx2 fma avx512f avx512dq 
caches      : L1=48KiB/12-way/2sh L2=1024KiB/16-way/2sh L3=16384KiB/16-way/8sh (via sysfs), blocking=legacy
l3 domains  : t1=1 t4=1 t8=2
baselines   : tblis=true blas=false
tblis       : abi 2.x, 4 thread(s)

running 49 cases at 16 MiB nominal tensor size, 5 reps, stress=none


=== f64 ===
             case |      m |     n |     k | regA | regB | plan GF/s | packed GF/s | upstream GF/s | tblis GF/s 
------------------+--------+-------+-------+------+------+-----------+-------------+---------------+------------
         ij-ik-kj |   1464 |  1448 |  1464 | 0.00 | 0.00 |     144.7 |       130.3 |         127.1 |      173.4 
       ij-ikl-ljk |    144 |   128 | 18432 | 1.00 | 1.00 |     103.0 |       102.5 |          98.8 |       88.8 
       ij-kil-lkj |    144 |   128 | 20736 | 1.00 | 1.00 |     101.7 |        98.3 |          95.3 |       80.5 
       ijk-ikl-lj |  18432 |   128 |   144 | 1.00 | 1.00 |     158.8 |       160.9 |         152.3 |      108.2 
       ijk-il-jlk |    144 | 18432 |   128 | 1.00 | 1.00 |     115.2 |       115.0 |         106.1 |      143.1 
       ijk-ilk-jl |  18432 |   144 |   128 | 1.00 | 1.00 |     164.6 |       149.9 |         162.3 |      127.1 
       ijk-ilk-lj |  18432 |   128 |   144 | 1.00 | 1.00 |     165.2 |       168.3 |         158.5 |      121.7 
     ijk-ilmk-mjl |   1920 |    40 |  1920 | 1.00 | 1.00 |     123.5 |       124.9 |         131.6 |       83.4 
   ijkl-imjn-lnkm |   1920 |  1920 |  1600 | 1.00 | 1.00 |     180.3 |       179.9 |         174.1 |      177.7 
   ijkl-imjn-nlmk |   1920 |  1600 |  1920 | 1.00 | 1.00 |     179.8 |       179.9 |         174.3 |      173.0 
   ijkl-imkn-jnlm |   1920 |  1920 |  1600 | 1.00 | 1.00 |     182.1 |       181.9 |         177.6 |      177.2 
   ijkl-imkn-njml |   1920 |  1600 |  1920 | 1.00 | 1.00 |     179.7 |       179.5 |         174.3 |      171.9 
   ijkl-imln-jnkm |   1920 |  1920 |  1600 | 1.00 | 1.00 |     182.3 |       181.7 |         177.0 |      176.5 
   ijkl-imln-njmk |   1920 |  1600 |  1920 | 1.00 | 1.00 |     179.7 |       179.7 |         175.1 |      172.1 
   ijkl-imnj-nlkm |   1920 |  1600 |  1920 | 1.00 | 1.00 |     179.6 |       179.1 |         174.0 |      175.5 
   ijkl-imnk-njml |   1920 |  1600 |  1920 | 1.00 | 1.00 |     179.2 |       179.1 |         175.1 |      174.5 
   ijkl-minj-nlmk |   1920 |  1600 |  2304 | 1.00 | 1.00 |     177.7 |       177.9 |         173.0 |      169.7 
   ijkl-mink-jnlm |   1920 |  1920 |  1920 | 1.00 | 1.00 |     180.6 |       180.7 |         176.3 |      176.0 
   ijkl-minl-njmk |   1920 |  1600 |  2304 | 1.00 | 1.00 |     177.8 |       178.4 |         173.4 |      173.8 
     aqrs-pa-pqrs |     48 | 64000 |    48 | 0.00 | 0.00 |     126.9 |       108.4 |         101.8 |       62.5 
     abrs-qb-aqrs |     40 | 76800 |    48 | 1.00 | 1.00 |     125.4 |       124.3 |         123.4 |       75.4 
     abcs-rc-abrs |     40 | 76800 |    48 | 1.00 | 1.00 |     107.2 |       109.5 |          95.7 |       59.9 
       abj-bka-kj |  20736 |   128 |   144 | 1.00 | 1.00 |     136.2 |       136.6 |         131.6 |       83.5 
       ajb-kba-jk |  18432 |   144 |   144 | 1.00 | 1.00 |     158.5 |       161.2 |         156.9 |      126.7 
     abjc-cbka-kj |  92160 |    40 |    48 | 1.00 | 1.00 |      28.0 |        28.3 |          27.1 |       42.6 
     ajbc-ckba-jk |  92160 |    48 |    40 | 1.00 | 1.00 |      47.4 |        47.5 |          45.2 |       63.7 
     abjc-kbac-jk |  76800 |    48 |    48 | 1.00 | 1.00 |     106.9 |       100.0 |          95.1 |       58.6 
   abjcd-dkbac-jk | 230400 |    24 |    20 | 1.00 | 1.00 |      31.6 |        31.7 |          29.8 |       30.1 
   adbjc-cbdka-kj | 230400 |    20 |    24 | 1.00 | 1.00 |      16.5 |        16.8 |          16.0 |       18.8 
   ajbdc-ckbad-jk | 230400 |    24 |    20 | 1.00 | 1.00 |      31.6 |        31.6 |          29.7 |       32.5 
 abcijk-ijma-mkbc |   6912 |  1728 |    24 | 1.00 | 1.00 |     129.9 |       131.2 |         122.5 |      109.6 
 abcijk-ijmb-mkac |   3456 |  3456 |    24 | 1.00 | 0.67 |     123.8 |       124.2 |         117.4 |       63.9 
 abcijk-ijmc-mkab |   3456 |  3456 |    24 | 1.00 | 0.67 |     125.4 |       125.6 |         112.8 |       83.5 
 abcijk-ikma-mjbc |   6912 |  1728 |    24 | 1.00 | 1.00 |     130.1 |       130.5 |         120.7 |      109.8 
 abcijk-ikmb-mjac |   3456 |  3456 |    24 | 1.00 | 0.67 |     124.0 |       124.4 |         116.2 |       88.7 
 abcijk-ikmc-mjab |   3456 |  3456 |    24 | 1.00 | 0.67 |     125.0 |       125.0 |         112.4 |       78.7 
 abcijk-jkma-mibc |   6912 |  1728 |    24 | 1.00 | 1.00 |     133.9 |       133.5 |         122.9 |      110.9 
 abcijk-jkmb-miac |   3456 |  3456 |    24 | 1.00 | 0.67 |     122.6 |       123.1 |         116.1 |       48.0 
 abcijk-jkmc-miab |   3456 |  3456 |    24 | 1.00 | 0.67 |     126.3 |       125.9 |         114.4 |       59.8 
 abcijk-eiab-jkec |   3456 |  3456 |    24 | 1.00 | 0.67 |     126.3 |       126.5 |         114.1 |       63.0 
 abcijk-eiac-jkeb |   3456 |  3456 |    24 | 1.00 | 0.67 |     123.3 |       122.5 |         116.2 |       47.4 
 abcijk-eibc-jkea |   1728 |  6912 |    24 | 1.00 | 1.00 |     133.4 |       133.4 |         123.6 |      110.6 
 abcijk-ejab-ikec |   3456 |  3456 |    24 | 1.00 | 0.67 |     125.9 |       125.1 |         113.1 |       78.3 
 abcijk-ejac-ikeb |   3456 |  3456 |    24 | 1.00 | 0.67 |     123.6 |       123.6 |         117.1 |       88.8 
 abcijk-ejbc-ikea |   1728 |  6912 |    24 | 1.00 | 1.00 |     129.0 |       129.5 |         122.2 |      110.1 
 abcijk-ekab-ijec |   3456 |  3456 |    24 | 1.00 | 0.67 |     125.4 |       125.9 |         112.3 |       83.2 
 abcijk-ekac-ijeb |   3456 |  3456 |    24 | 1.00 | 0.67 |     124.0 |       123.8 |         117.3 |       66.1 
 abcijk-ekbc-ijea |   1728 |  6912 |    24 | 1.00 | 1.00 |     129.2 |       130.4 |         122.0 |      109.4 
       abc-bk-akc |    144 | 18432 |   128 | 1.00 | 1.00 |     166.8 |       169.9 |         161.0 |      126.9 

=== c64 ===
             case |      m |     n |     k | regA | regB | plan GF/s | packed GF/s | upstream GF/s | tblis GF/s 
------------------+--------+-------+-------+------+------+-----------+-------------+---------------+------------
         ij-ik-kj |   1464 |  1448 |  1464 | 1.00 | 1.00 |     190.9 |       191.0 |         190.1 |      184.7 
       ij-ikl-ljk |    144 |   128 | 18432 | 1.00 | 1.00 |     120.7 |       119.8 |         116.2 |      117.6 
       ij-kil-lkj |    144 |   128 | 20736 | 1.00 | 1.00 |     116.3 |       116.5 |         111.1 |      108.1 
       ijk-ikl-lj |  18432 |   128 |   144 | 1.00 | 1.00 |     180.6 |       180.2 |         178.8 |      136.5 
       ijk-il-jlk |    144 | 18432 |   128 | 1.00 | 1.00 |     134.2 |       137.7 |         136.7 |      168.5 
       ijk-ilk-jl |  18432 |   144 |   128 | 1.00 | 1.00 |     190.3 |       189.9 |         187.5 |      147.0 
       ijk-ilk-lj |  18432 |   128 |   144 | 1.00 | 1.00 |     184.8 |       180.2 |         182.6 |      142.8 
     ijk-ilmk-mjl |   1920 |    40 |  1920 | 1.00 | 1.00 |     147.8 |       148.2 |         145.6 |      108.1 
   ijkl-imjn-lnkm |   1920 |  1920 |  1600 | 1.00 | 0.90 |     187.3 |       187.3 |         185.1 |      180.6 
   ijkl-imjn-nlmk |   1920 |  1600 |  1920 | 1.00 | 0.90 |     188.1 |       188.2 |         186.6 |      179.7 
   ijkl-imkn-jnlm |   1920 |  1920 |  1600 | 1.00 | 1.00 |     190.3 |       190.3 |         188.0 |      179.0 
   ijkl-imkn-njml |   1920 |  1600 |  1920 | 1.00 | 0.90 |     189.8 |       189.8 |         187.7 |      179.6 
   ijkl-imln-jnkm |   1920 |  1920 |  1600 | 1.00 | 1.00 |     190.9 |       190.8 |         188.6 |      179.3 
   ijkl-imln-njmk |   1920 |  1600 |  1920 | 1.00 | 0.90 |     190.3 |       190.2 |         187.8 |      180.3 
   ijkl-imnj-nlkm |   1920 |  1600 |  1920 | 1.00 | 0.90 |     188.1 |       188.0 |         186.8 |      181.2 
   ijkl-imnk-njml |   1920 |  1600 |  1920 | 1.00 | 0.90 |     189.8 |       190.0 |         187.8 |      180.5 
   ijkl-minj-nlmk |   1920 |  1600 |  2304 | 1.00 | 0.90 |     185.6 |       185.8 |         184.4 |      178.3 
   ijkl-mink-jnlm |   1920 |  1920 |  1920 | 1.00 | 1.00 |     188.3 |       188.3 |         185.6 |      180.0 
   ijkl-minl-njmk |   1920 |  1600 |  2304 | 1.00 | 0.90 |     187.8 |       187.8 |         185.5 |      177.7 
     aqrs-pa-pqrs |     48 | 64000 |    48 | 1.00 | 1.00 |     149.2 |       148.5 |         143.7 |      113.5 
     abrs-qb-aqrs |     40 | 76800 |    48 | 1.00 | 1.00 |     155.8 |       155.7 |         152.0 |      100.8 
     abcs-rc-abrs |     40 | 76800 |    48 | 1.00 | 1.00 |     148.4 |       149.1 |         145.7 |       95.1 
       abj-bka-kj |  20736 |   128 |   144 | 1.00 | 1.00 |     155.8 |       156.2 |         154.1 |      114.6 
       ajb-kba-jk |  18432 |   144 |   144 | 1.00 | 1.00 |     189.4 |       189.8 |         188.0 |      152.9 
     abjc-cbka-kj |  92160 |    40 |    48 | 1.00 | 1.00 |      70.1 |        70.9 |          69.4 |       75.2 
     ajbc-ckba-jk |  92160 |    48 |    40 | 1.00 | 1.00 |      96.6 |        96.3 |          94.4 |      104.7 
     abjc-kbac-jk |  76800 |    48 |    48 | 1.00 | 1.00 |     156.4 |       156.7 |         156.7 |       79.1 
   abjcd-dkbac-jk | 230400 |    24 |    20 | 0.67 | 1.00 |      68.9 |        68.3 |          64.9 |       62.2 
   adbjc-cbdka-kj | 230400 |    20 |    24 | 0.67 | 1.00 |      40.3 |        39.1 |          37.0 |       47.2 
   ajbdc-ckbad-jk | 230400 |    24 |    20 | 1.00 | 1.00 |      57.4 |        58.0 |          56.0 |       67.7 
 abcijk-ijma-mkbc |   6912 |  1728 |    24 | 1.00 | 1.00 |     166.4 |       166.5 |         161.8 |      142.8 
 abcijk-ijmb-mkac |   3456 |  3456 |    24 | 1.00 | 1.00 |     170.4 |       171.3 |         166.6 |      108.4 
 abcijk-ijmc-mkab |   3456 |  3456 |    24 | 1.00 | 1.00 |     166.2 |       171.4 |         165.4 |      141.7 
 abcijk-ikma-mjbc |   6912 |  1728 |    24 | 1.00 | 1.00 |     165.7 |       165.5 |         159.9 |      142.4 
 abcijk-ikmb-mjac |   3456 |  3456 |    24 | 1.00 | 1.00 |     172.0 |       170.4 |         166.9 |      128.0 
 abcijk-ikmc-mjab |   3456 |  3456 |    24 | 1.00 | 1.00 |     165.7 |       166.1 |         164.7 |      124.6 
 abcijk-jkma-mibc |   6912 |  1728 |    24 | 1.00 | 1.00 |     136.4 |       165.2 |         160.5 |      142.7 
 abcijk-jkmb-miac |   3456 |  3456 |    24 | 1.00 | 1.00 |     170.5 |       170.7 |         169.3 |       85.5 
 abcijk-jkmc-miab |   3456 |  3456 |    24 | 1.00 | 1.00 |     164.5 |       165.7 |         162.8 |      101.2 
 abcijk-eiab-jkec |   3456 |  3456 |    24 | 1.00 | 1.00 |     164.5 |       165.2 |         163.1 |      101.2 
 abcijk-eiac-jkeb |   3456 |  3456 |    24 | 1.00 | 1.00 |     172.5 |       170.1 |         164.9 |       84.2 
 abcijk-eibc-jkea |   1728 |  6912 |    24 | 1.00 | 1.00 |     167.0 |       166.3 |         161.6 |      143.2 
 abcijk-ejab-ikec |   3456 |  3456 |    24 | 1.00 | 1.00 |     165.8 |       166.1 |         165.7 |      125.1 
 abcijk-ejac-ikeb |   3456 |  3456 |    24 | 1.00 | 1.00 |     170.4 |       170.7 |         165.6 |      128.4 
 abcijk-ejbc-ikea |   1728 |  6912 |    24 | 1.00 | 1.00 |     166.2 |       164.6 |         161.0 |      142.5 
 abcijk-ekab-ijec |   3456 |  3456 |    24 | 1.00 | 1.00 |     165.8 |       165.6 |         164.9 |      138.9 
 abcijk-ekac-ijeb |   3456 |  3456 |    24 | 1.00 | 1.00 |     171.2 |       170.2 |         167.1 |      108.1 
 abcijk-ekbc-ijea |   1728 |  6912 |    24 | 1.00 | 1.00 |     165.7 |       164.4 |         158.4 |      143.2 
       abc-bk-akc |    144 | 18432 |   128 | 1.00 | 1.00 |     189.7 |       190.5 |         187.9 |      146.1 

=== complex efficiency ratio (c64 GF/s over f64 GF/s; 1.0 = no penalty) ===
             case | plan c64/f64 | packed c64/f64 | upstream c64/f64 | tblis c64/f64 
------------------+--------------+----------------+------------------+---------------
         ij-ik-kj |        1.319 |          1.465 |            1.495 |         1.066 
       ij-ikl-ljk |        1.171 |          1.169 |            1.176 |         1.325 
       ij-kil-lkj |        1.144 |          1.185 |            1.167 |         1.342 
       ijk-ikl-lj |        1.137 |          1.120 |            1.174 |         1.262 
       ijk-il-jlk |        1.165 |          1.198 |            1.288 |         1.177 
       ijk-ilk-jl |        1.156 |          1.267 |            1.155 |         1.157 
       ijk-ilk-lj |        1.119 |          1.070 |            1.152 |         1.173 
     ijk-ilmk-mjl |        1.197 |          1.187 |            1.106 |         1.297 
   ijkl-imjn-lnkm |        1.039 |          1.041 |            1.063 |         1.016 
   ijkl-imjn-nlmk |        1.046 |          1.046 |            1.071 |         1.038 
   ijkl-imkn-jnlm |        1.045 |          1.046 |            1.059 |         1.010 
   ijkl-imkn-njml |        1.056 |          1.057 |            1.076 |         1.045 
   ijkl-imln-jnkm |        1.047 |          1.050 |            1.065 |         1.016 
   ijkl-imln-njmk |        1.059 |          1.059 |            1.072 |         1.048 
   ijkl-imnj-nlkm |        1.048 |          1.049 |            1.073 |         1.033 
   ijkl-imnk-njml |        1.059 |          1.060 |            1.073 |         1.035 
   ijkl-minj-nlmk |        1.044 |          1.044 |            1.066 |         1.051 
   ijkl-mink-jnlm |        1.043 |          1.042 |            1.053 |         1.023 
   ijkl-minl-njmk |        1.056 |          1.053 |            1.070 |         1.022 
     aqrs-pa-pqrs |        1.176 |          1.370 |            1.411 |         1.817 
     abrs-qb-aqrs |        1.242 |          1.253 |            1.232 |         1.337 
     abcs-rc-abrs |        1.385 |          1.361 |            1.523 |         1.589 
       abj-bka-kj |        1.144 |          1.143 |            1.171 |         1.373 
       ajb-kba-jk |        1.195 |          1.177 |            1.198 |         1.207 
     abjc-cbka-kj |        2.502 |          2.503 |            2.555 |         1.767 
     ajbc-ckba-jk |        2.037 |          2.027 |            2.088 |         1.645 
     abjc-kbac-jk |        1.463 |          1.567 |            1.647 |         1.349 
   abjcd-dkbac-jk |        2.176 |          2.152 |            2.176 |         2.066 
   adbjc-cbdka-kj |        2.439 |          2.330 |            2.317 |         2.511 
   ajbdc-ckbad-jk |        1.820 |          1.837 |            1.890 |         2.084 
 abcijk-ijma-mkbc |        1.281 |          1.269 |            1.321 |         1.303 
 abcijk-ijmb-mkac |        1.377 |          1.379 |            1.419 |         1.696 
 abcijk-ijmc-mkab |        1.326 |          1.364 |            1.466 |         1.697 
 abcijk-ikma-mjbc |        1.273 |          1.269 |            1.325 |         1.297 
 abcijk-ikmb-mjac |        1.386 |          1.370 |            1.436 |         1.444 
 abcijk-ikmc-mjab |        1.326 |          1.329 |            1.466 |         1.582 
 abcijk-jkma-mibc |        1.019 |          1.238 |            1.306 |         1.287 
 abcijk-jkmb-miac |        1.391 |          1.387 |            1.459 |         1.781 
 abcijk-jkmc-miab |        1.303 |          1.317 |            1.423 |         1.694 
 abcijk-eiab-jkec |        1.302 |          1.306 |            1.429 |         1.608 
 abcijk-eiac-jkeb |        1.399 |          1.389 |            1.420 |         1.778 
 abcijk-eibc-jkea |        1.252 |          1.247 |            1.307 |         1.295 
 abcijk-ejab-ikec |        1.317 |          1.327 |            1.466 |         1.597 
 abcijk-ejac-ikeb |        1.378 |          1.381 |            1.415 |         1.446 
 abcijk-ejbc-ikea |        1.288 |          1.271 |            1.318 |         1.294 
 abcijk-ekab-ijec |        1.322 |          1.316 |            1.469 |         1.669 
 abcijk-ekac-ijeb |        1.380 |          1.375 |            1.425 |         1.635 
 abcijk-ekbc-ijea |        1.283 |          1.260 |            1.299 |         1.309 
       abc-bk-akc |        1.137 |          1.122 |            1.167 |         1.151 
             MEAN |        1.312 |          1.323 |            1.367 |         1.397 

wrote /home/shinaoka/projects/tensor4all/tprims-rs/benchmarks/benchmarks/tcbench/results/scaling-layout/candidate/A-16m-4t.pending.csv
