# threads: requested=8 pool=8 budget=8
host        : shinaoka-EVO-X1Pro
target      : x86_64 / linux
cpu features: avx2 fma avx512f avx512dq 
caches      : L1=48KiB/12-way/2sh L2=1024KiB/16-way/2sh L3=16384KiB/16-way/8sh (via sysfs), blocking=legacy
l3 domains  : t1=1 t4=1 t8=2 t16=4
baselines   : tblis=true blas=false
tblis       : abi 2.x, 8 thread(s)

running 49 cases at 1 MiB nominal tensor size, 5 reps, stress=none


=== f64 ===
             case |     m |    n |    k | regA | regB | plan GF/s | packed GF/s | upstream GF/s | tblis GF/s 
------------------+-------+------+------+------+------+-----------+-------------+---------------+------------
         ij-ik-kj |   384 |  364 |  384 | 0.00 | 0.00 |     263.0 |       254.4 |         155.9 |      177.3 
       ij-ikl-ljk |    72 |   52 | 3744 | 1.00 | 1.00 |      91.0 |        93.0 |          68.3 |       48.4 
       ij-kil-lkj |    72 |   52 | 5184 | 1.00 | 1.00 |      87.0 |        89.3 |          69.0 |       48.3 
       ijk-ikl-lj |  3744 |   52 |   72 | 1.00 | 1.00 |     199.8 |       202.4 |         105.4 |      119.2 
       ijk-il-jlk |    72 | 3744 |   52 | 1.00 | 1.00 |     158.2 |       216.3 |         126.4 |      131.1 
       ijk-ilk-jl |  3744 |   72 |   52 | 1.00 | 1.00 |      90.1 |       112.3 |          80.1 |      132.4 
       ijk-ilk-lj |  3744 |   52 |   72 | 1.00 | 1.00 |     198.7 |       203.5 |          99.4 |      119.5 
     ijk-ilmk-mjl |   480 |   20 |  480 | 1.00 | 1.00 |     116.4 |       119.9 |          47.9 |       59.4 
   ijkl-imjn-lnkm |   480 |  480 |  400 | 1.00 | 0.80 |     206.1 |       215.8 |         183.3 |      185.5 
   ijkl-imjn-nlmk |   480 |  400 |  480 | 1.00 | 0.80 |     234.4 |       244.5 |         209.4 |      214.5 
   ijkl-imkn-jnlm |   480 |  480 |  400 | 1.00 | 1.00 |     306.2 |       310.1 |         261.3 |      265.9 
   ijkl-imkn-njml |   480 |  400 |  480 | 1.00 | 0.80 |     308.0 |       314.3 |         264.8 |      260.3 
   ijkl-imln-jnkm |   480 |  480 |  400 | 1.00 | 1.00 |     305.9 |       311.4 |         265.3 |      265.4 
   ijkl-imln-njmk |   480 |  400 |  480 | 1.00 | 0.80 |     308.5 |       313.4 |         265.0 |      268.5 
   ijkl-imnj-nlkm |   480 |  400 |  480 | 1.00 | 0.80 |     300.9 |       303.2 |         265.8 |      264.7 
   ijkl-imnk-njml |   480 |  400 |  480 | 1.00 | 0.80 |     302.1 |       306.6 |         267.4 |      263.7 
   ijkl-minj-nlmk |   480 |  400 |  576 | 1.00 | 0.80 |     302.8 |       305.0 |         261.3 |      256.0 
   ijkl-mink-jnlm |   480 |  480 |  480 | 1.00 | 1.00 |     308.2 |       306.4 |         273.8 |      259.9 
   ijkl-minl-njmk |   480 |  400 |  576 | 1.00 | 0.80 |     290.6 |       307.7 |         270.3 |      259.7 
     aqrs-pa-pqrs |    24 | 8000 |   24 | 0.00 | 0.00 |     211.0 |       174.9 |          70.9 |       61.6 
     abrs-qb-aqrs |    20 | 9600 |   24 | 1.00 | 1.00 |     162.8 |       169.9 |          54.4 |       58.7 
     abcs-rc-abrs |    20 | 9600 |   24 | 1.00 | 1.00 |     163.3 |       171.1 |          54.2 |       57.5 
       abj-bka-kj |  5184 |   52 |   72 | 1.00 | 1.00 |     237.8 |       250.7 |         156.5 |      155.6 
       ajb-kba-jk |  3744 |   72 |   72 | 1.00 | 1.00 |     299.5 |       306.8 |         159.1 |      196.7 
     abjc-cbka-kj | 11520 |   20 |   24 | 1.00 | 1.00 |      68.2 |        70.5 |          50.1 |       56.8 
     ajbc-ckba-jk | 11520 |   24 |   20 | 1.00 | 1.00 |     123.3 |       126.4 |          53.1 |       62.3 
     abjc-kbac-jk |  9600 |   24 |   24 | 1.00 | 1.00 |     177.6 |       184.3 |          65.8 |       68.3 
   abjcd-dkbac-jk | 82944 |   24 |   12 | 1.00 | 1.00 |      45.8 |        52.1 |          42.2 |       31.6 
   adbjc-cbdka-kj | 82944 |   12 |   24 | 1.00 | 1.00 |      15.5 |        15.6 |          14.2 |       22.7 
   ajbdc-ckbad-jk | 82944 |   24 |   12 | 1.00 | 1.00 |      47.5 |        49.0 |          41.9 |       32.8 
 abcijk-ijma-mkbc |  4608 |  512 |   24 | 1.00 | 1.00 |     149.6 |       148.0 |         132.2 |      159.3 
 abcijk-ijmb-mkac |  1536 | 1536 |   24 | 1.00 | 1.00 |     195.9 |       202.2 |         169.6 |      100.9 
 abcijk-ijmc-mkab |  1536 | 1536 |   24 | 1.00 | 1.00 |     190.0 |       209.4 |         164.6 |      135.2 
 abcijk-ikma-mjbc |  4608 |  512 |   24 | 1.00 | 1.00 |     151.3 |       155.8 |         136.3 |      160.9 
 abcijk-ikmb-mjac |  1536 | 1536 |   24 | 1.00 | 1.00 |     198.7 |       193.4 |         166.6 |      135.8 
 abcijk-ikmc-mjab |  1536 | 1536 |   24 | 1.00 | 1.00 |     192.6 |       200.0 |         166.7 |      113.0 
 abcijk-jkma-mibc |  4608 |  512 |   24 | 1.00 | 1.00 |     147.7 |       153.5 |         137.9 |      175.9 
 abcijk-jkmb-miac |  1536 | 1536 |   24 | 1.00 | 1.00 |     201.3 |       210.2 |         166.0 |      105.2 
 abcijk-jkmc-miab |  1536 | 1536 |   24 | 1.00 | 1.00 |     199.9 |       201.1 |         171.2 |      133.9 
 abcijk-eiab-jkec |  1536 | 1536 |   24 | 1.00 | 1.00 |     195.6 |       197.8 |         172.4 |      114.3 
 abcijk-eiac-jkeb |  1536 | 1536 |   24 | 1.00 | 1.00 |     203.7 |       205.1 |         172.7 |      102.7 
 abcijk-eibc-jkea |   512 | 4608 |   24 | 1.00 | 1.00 |     148.3 |       157.6 |         133.4 |      164.8 
 abcijk-ejab-ikec |  1536 | 1536 |   24 | 1.00 | 1.00 |     202.9 |       217.9 |         172.6 |      122.5 
 abcijk-ejac-ikeb |  1536 | 1536 |   24 | 1.00 | 1.00 |     196.4 |       215.6 |         158.7 |      145.6 
 abcijk-ejbc-ikea |   512 | 4608 |   24 | 1.00 | 1.00 |     152.2 |       152.3 |         131.6 |      162.2 
 abcijk-ekab-ijec |  1536 | 1536 |   24 | 1.00 | 1.00 |     201.7 |       208.4 |         163.6 |      129.3 
 abcijk-ekac-ijeb |  1536 | 1536 |   24 | 1.00 | 1.00 |     197.2 |       207.0 |         170.6 |      103.3 
 abcijk-ekbc-ijea |   512 | 4608 |   24 | 1.00 | 1.00 |     150.7 |       151.4 |         134.4 |      164.1 
       abc-bk-akc |    72 | 3744 |   52 | 1.00 | 1.00 |     153.3 |       156.7 |         108.4 |      181.9 

=== c64 ===
             case |     m |    n |    k | regA | regB | plan GF/s | packed GF/s | upstream GF/s | tblis GF/s 
------------------+-------+------+------+------+------+-----------+-------------+---------------+------------
         ij-ik-kj |   384 |  364 |  384 | 1.00 | 1.00 |     271.3 |       271.2 |         241.3 |      236.5 
       ij-ikl-ljk |    72 |   52 | 3744 | 1.00 | 1.00 |     116.3 |       116.7 |         101.1 |      116.0 
       ij-kil-lkj |    72 |   52 | 5184 | 1.00 | 1.00 |     103.3 |       103.1 |          92.4 |      111.4 
       ijk-ikl-lj |  3744 |   52 |   72 | 1.00 | 1.00 |     235.5 |       240.0 |         188.5 |      183.1 
       ijk-il-jlk |    72 | 3744 |   52 | 1.00 | 1.00 |     222.3 |       225.3 |         183.9 |      204.7 
       ijk-ilk-jl |  3744 |   72 |   52 | 0.89 | 1.00 |     160.3 |       164.0 |         136.6 |      202.7 
       ijk-ilk-lj |  3744 |   52 |   72 | 0.89 | 1.00 |     234.6 |       238.3 |         189.9 |      189.9 
     ijk-ilmk-mjl |   480 |   20 |  480 | 0.67 | 1.00 |     170.4 |       171.5 |         111.3 |      137.0 
   ijkl-imjn-lnkm |   480 |  480 |  400 | 0.67 | 0.80 |     242.3 |       242.7 |         227.4 |      224.8 
   ijkl-imjn-nlmk |   480 |  400 |  480 | 0.67 | 0.81 |     298.1 |       302.2 |         284.2 |      300.9 
   ijkl-imkn-jnlm |   480 |  480 |  400 | 0.67 | 1.00 |     341.5 |       341.7 |         312.7 |      295.9 
   ijkl-imkn-njml |   480 |  400 |  480 | 0.67 | 0.81 |     340.8 |       339.9 |         320.5 |      310.2 
   ijkl-imln-jnkm |   480 |  480 |  400 | 0.67 | 1.00 |     340.3 |       341.4 |         313.4 |      299.6 
   ijkl-imln-njmk |   480 |  400 |  480 | 0.67 | 0.81 |     343.1 |       343.8 |         319.5 |      315.0 
   ijkl-imnj-nlkm |   480 |  400 |  480 | 0.67 | 0.81 |     340.2 |       341.9 |         315.9 |      314.7 
   ijkl-imnk-njml |   480 |  400 |  480 | 0.67 | 0.81 |     343.8 |       341.5 |         318.0 |      317.7 
   ijkl-minj-nlmk |   480 |  400 |  576 | 0.67 | 0.81 |     330.7 |       327.4 |         304.5 |      298.7 
   ijkl-mink-jnlm |   480 |  480 |  480 | 0.67 | 1.00 |     341.9 |       341.0 |         318.5 |      306.3 
   ijkl-minl-njmk |   480 |  400 |  576 | 0.67 | 0.81 |     335.1 |       333.6 |         312.6 |      309.0 
     aqrs-pa-pqrs |    24 | 8000 |   24 | 1.00 | 1.00 |     172.6 |       171.4 |         121.8 |      152.1 
     abrs-qb-aqrs |    20 | 9600 |   24 | 1.00 | 1.00 |     274.4 |       272.6 |         153.8 |      140.2 
     abcs-rc-abrs |    20 | 9600 |   24 | 1.00 | 1.00 |     245.0 |       241.4 |         132.9 |      141.4 
       abj-bka-kj |  5184 |   52 |   72 | 0.89 | 1.00 |     303.5 |       301.2 |         238.7 |      188.5 
       ajb-kba-jk |  3744 |   72 |   72 | 0.89 | 1.00 |     345.5 |       342.3 |         268.7 |      262.8 
     abjc-cbka-kj | 11520 |   20 |   24 | 0.67 | 1.00 |     167.0 |       174.6 |         110.9 |      123.8 
     ajbc-ckba-jk | 11520 |   24 |   20 | 1.00 | 1.00 |      39.4 |        39.9 |          30.7 |      136.6 
     abjc-kbac-jk |  9600 |   24 |   24 | 0.67 | 1.00 |     276.2 |       276.4 |         169.0 |      159.3 
   abjcd-dkbac-jk | 82944 |   24 |   12 | 0.67 | 1.00 |      83.2 |        84.6 |          78.9 |       64.1 
   adbjc-cbdka-kj | 82944 |   12 |   24 | 0.67 | 1.00 |      50.9 |        50.9 |          49.1 |       42.2 
   ajbdc-ckbad-jk | 82944 |   24 |   12 | 1.00 | 1.00 |      50.1 |        51.0 |          47.5 |       66.6 
 abcijk-ijma-mkbc |  4608 |  512 |   24 | 1.00 | 0.97 |     161.8 |       159.0 |         152.3 |      205.1 
 abcijk-ijmb-mkac |  1536 | 1536 |   24 | 1.00 | 0.75 |     258.9 |       261.5 |         244.7 |      169.9 
 abcijk-ijmc-mkab |  1536 | 1536 |   24 | 1.00 | 0.50 |     277.7 |       247.7 |         245.7 |      214.9 
 abcijk-ikma-mjbc |  4608 |  512 |   24 | 1.00 | 0.97 |     154.8 |       156.2 |         151.5 |      203.9 
 abcijk-ikmb-mjac |  1536 | 1536 |   24 | 1.00 | 0.75 |     260.2 |       257.4 |         242.0 |      180.1 
 abcijk-ikmc-mjab |  1536 | 1536 |   24 | 1.00 | 0.50 |     269.9 |       252.0 |         250.5 |      178.6 
 abcijk-jkma-mibc |  4608 |  512 |   24 | 1.00 | 0.97 |     167.4 |       157.9 |         155.8 |      218.1 
 abcijk-jkmb-miac |  1536 | 1536 |   24 | 1.00 | 0.75 |     264.0 |       256.3 |         236.8 |      158.4 
 abcijk-jkmc-miab |  1536 | 1536 |   24 | 1.00 | 0.50 |     269.3 |       252.8 |         242.9 |      196.9 
 abcijk-eiab-jkec |  1536 | 1536 |   24 | 1.00 | 0.50 |     272.1 |       247.2 |         245.2 |      197.2 
 abcijk-eiac-jkeb |  1536 | 1536 |   24 | 1.00 | 0.75 |     255.5 |       262.6 |         234.8 |      155.8 
 abcijk-eibc-jkea |   512 | 4608 |   24 | 1.00 | 0.97 |     154.0 |       161.2 |         154.2 |      215.8 
 abcijk-ejab-ikec |  1536 | 1536 |   24 | 1.00 | 0.50 |     267.6 |       274.5 |         244.1 |      179.0 
 abcijk-ejac-ikeb |  1536 | 1536 |   24 | 1.00 | 0.75 |     256.0 |       260.8 |         240.5 |      184.6 
 abcijk-ejbc-ikea |   512 | 4608 |   24 | 1.00 | 0.97 |     156.3 |       161.9 |         159.1 |      204.8 
 abcijk-ekab-ijec |  1536 | 1536 |   24 | 1.00 | 0.50 |     259.2 |       277.3 |         245.2 |      213.2 
 abcijk-ekac-ijeb |  1536 | 1536 |   24 | 1.00 | 0.75 |     255.3 |       257.3 |         235.4 |      165.7 
 abcijk-ekbc-ijea |   512 | 4608 |   24 | 1.00 | 0.97 |     163.0 |       169.1 |         159.7 |      204.7 
       abc-bk-akc |    72 | 3744 |   52 | 0.89 | 1.00 |     225.5 |       225.3 |         187.8 |      282.9 

=== complex efficiency ratio (c64 GF/s over f64 GF/s; 1.0 = no penalty) ===
             case | plan c64/f64 | packed c64/f64 | upstream c64/f64 | tblis c64/f64 
------------------+--------------+----------------+------------------+---------------
         ij-ik-kj |        1.031 |          1.066 |            1.547 |         1.334 
       ij-ikl-ljk |        1.278 |          1.254 |            1.482 |         2.395 
       ij-kil-lkj |        1.187 |          1.153 |            1.339 |         2.307 
       ijk-ikl-lj |        1.178 |          1.186 |            1.789 |         1.536 
       ijk-il-jlk |        1.405 |          1.041 |            1.455 |         1.561 
       ijk-ilk-jl |        1.780 |          1.461 |            1.704 |         1.531 
       ijk-ilk-lj |        1.181 |          1.171 |            1.910 |         1.589 
     ijk-ilmk-mjl |        1.465 |          1.430 |            2.326 |         2.308 
   ijkl-imjn-lnkm |        1.176 |          1.125 |            1.241 |         1.212 
   ijkl-imjn-nlmk |        1.272 |          1.236 |            1.357 |         1.403 
   ijkl-imkn-jnlm |        1.115 |          1.102 |            1.197 |         1.113 
   ijkl-imkn-njml |        1.106 |          1.081 |            1.210 |         1.192 
   ijkl-imln-jnkm |        1.112 |          1.096 |            1.182 |         1.129 
   ijkl-imln-njmk |        1.112 |          1.097 |            1.206 |         1.173 
   ijkl-imnj-nlkm |        1.131 |          1.127 |            1.188 |         1.189 
   ijkl-imnk-njml |        1.138 |          1.114 |            1.189 |         1.205 
   ijkl-minj-nlmk |        1.092 |          1.073 |            1.165 |         1.167 
   ijkl-mink-jnlm |        1.109 |          1.113 |            1.163 |         1.179 
   ijkl-minl-njmk |        1.153 |          1.084 |            1.156 |         1.190 
     aqrs-pa-pqrs |        0.818 |          0.980 |            1.717 |         2.468 
     abrs-qb-aqrs |        1.686 |          1.605 |            2.827 |         2.390 
     abcs-rc-abrs |        1.501 |          1.411 |            2.451 |         2.459 
       abj-bka-kj |        1.276 |          1.201 |            1.525 |         1.211 
       ajb-kba-jk |        1.153 |          1.116 |            1.689 |         1.336 
     abjc-cbka-kj |        2.447 |          2.478 |            2.211 |         2.179 
     ajbc-ckba-jk |        0.319 |          0.315 |            0.578 |         2.191 
     abjc-kbac-jk |        1.556 |          1.500 |            2.568 |         2.333 
   abjcd-dkbac-jk |        1.816 |          1.624 |            1.867 |         2.026 
   adbjc-cbdka-kj |        3.274 |          3.262 |            3.453 |         1.857 
   ajbdc-ckbad-jk |        1.055 |          1.039 |            1.133 |         2.028 
 abcijk-ijma-mkbc |        1.082 |          1.074 |            1.152 |         1.288 
 abcijk-ijmb-mkac |        1.322 |          1.293 |            1.443 |         1.685 
 abcijk-ijmc-mkab |        1.461 |          1.183 |            1.492 |         1.590 
 abcijk-ikma-mjbc |        1.023 |          1.003 |            1.112 |         1.267 
 abcijk-ikmb-mjac |        1.309 |          1.331 |            1.453 |         1.326 
 abcijk-ikmc-mjab |        1.402 |          1.260 |            1.503 |         1.580 
 abcijk-jkma-mibc |        1.133 |          1.029 |            1.130 |         1.240 
 abcijk-jkmb-miac |        1.311 |          1.219 |            1.426 |         1.505 
 abcijk-jkmc-miab |        1.347 |          1.257 |            1.418 |         1.471 
 abcijk-eiab-jkec |        1.391 |          1.250 |            1.422 |         1.725 
 abcijk-eiac-jkeb |        1.254 |          1.281 |            1.360 |         1.516 
 abcijk-eibc-jkea |        1.039 |          1.023 |            1.156 |         1.310 
 abcijk-ejab-ikec |        1.319 |          1.260 |            1.414 |         1.462 
 abcijk-ejac-ikeb |        1.304 |          1.210 |            1.516 |         1.268 
 abcijk-ejbc-ikea |        1.027 |          1.064 |            1.209 |         1.263 
 abcijk-ekab-ijec |        1.285 |          1.331 |            1.498 |         1.649 
 abcijk-ekac-ijeb |        1.295 |          1.243 |            1.380 |         1.604 
 abcijk-ekbc-ijea |        1.082 |          1.117 |            1.188 |         1.247 
       abc-bk-akc |        1.471 |          1.437 |            1.732 |         1.555 
             MEAN |        1.302 |          1.253 |            1.527 |         1.587 

wrote /home/shinaoka/projects/tensor4all/tprims-rs/benchmarks/benchmarks/tcbench/results/scaling-layout/candidate/A-1m-8t.pending.csv
