# threads: requested=1 pool=1 budget=1
host        : shinaoka-EVO-X1Pro
target      : x86_64 / linux
cpu features: avx2 fma avx512f avx512dq 
caches      : L1=48KiB/12-way/2sh L2=1024KiB/16-way/2sh L3=16384KiB/16-way/8sh (via sysfs), blocking=legacy
l3 domains  : t1=1
baselines   : tblis=true blas=false
tblis       : abi 2.x, 1 thread(s)

running 49 cases at 1 MiB nominal tensor size, 5 reps, stress=none


=== f64 ===
             case |     m |    n |    k | regA | regB | plan GF/s | packed GF/s | upstream GF/s | tblis GF/s 
------------------+-------+------+------+------+------+-----------+-------------+---------------+------------
         ij-ik-kj |   384 |  364 |  384 | 0.00 | 0.00 |      37.0 |        34.7 |          34.2 |       29.5 
       ij-ikl-ljk |    72 |   52 | 3744 | 1.00 | 1.00 |      38.0 |        38.2 |          36.9 |       21.7 
       ij-kil-lkj |    72 |   52 | 5184 | 1.00 | 1.00 |      35.1 |        35.3 |          34.1 |       21.0 
       ijk-ikl-lj |  3744 |   52 |   72 | 1.00 | 1.00 |      42.7 |        42.6 |          41.5 |       26.1 
       ijk-il-jlk |    72 | 3744 |   52 | 1.00 | 1.00 |      43.3 |        43.5 |          41.6 |       29.3 
       ijk-ilk-jl |  3744 |   72 |   52 | 1.00 | 1.00 |      45.6 |        45.7 |          44.1 |       30.4 
       ijk-ilk-lj |  3744 |   52 |   72 | 1.00 | 1.00 |      42.6 |        42.9 |          41.6 |       26.9 
     ijk-ilmk-mjl |   480 |   20 |  480 | 1.00 | 1.00 |      35.6 |        35.6 |          34.9 |       16.2 
   ijkl-imjn-lnkm |   480 |  480 |  400 | 1.00 | 0.80 |      48.3 |        48.3 |          47.7 |       41.4 
   ijkl-imjn-nlmk |   480 |  400 |  480 | 1.00 | 0.80 |      49.2 |        49.2 |          48.4 |       40.3 
   ijkl-imkn-jnlm |   480 |  480 |  400 | 1.00 | 1.00 |      48.7 |        48.9 |          48.1 |       42.2 
   ijkl-imkn-njml |   480 |  400 |  480 | 1.00 | 0.80 |      49.3 |        49.4 |          48.7 |       40.7 
   ijkl-imln-jnkm |   480 |  480 |  400 | 1.00 | 1.00 |      48.8 |        48.9 |          48.2 |       42.0 
   ijkl-imln-njmk |   480 |  400 |  480 | 1.00 | 0.80 |      49.4 |        49.4 |          48.9 |       41.3 
   ijkl-imnj-nlkm |   480 |  400 |  480 | 1.00 | 0.80 |      49.0 |        49.1 |          48.5 |       41.9 
   ijkl-imnk-njml |   480 |  400 |  480 | 1.00 | 0.80 |      49.4 |        49.6 |          48.9 |       41.4 
   ijkl-minj-nlmk |   480 |  400 |  576 | 1.00 | 0.80 |      47.9 |        47.9 |          47.0 |       40.9 
   ijkl-mink-jnlm |   480 |  480 |  480 | 1.00 | 1.00 |      48.2 |        48.0 |          47.6 |       40.9 
   ijkl-minl-njmk |   480 |  400 |  576 | 1.00 | 0.80 |      47.8 |        48.3 |          47.6 |       40.9 
     aqrs-pa-pqrs |    24 | 8000 |   24 | 0.00 | 0.00 |      49.4 |        32.9 |          30.7 |       14.0 
     abrs-qb-aqrs |    20 | 9600 |   24 | 1.00 | 1.00 |      32.1 |        32.2 |          30.3 |       13.3 
     abcs-rc-abrs |    20 | 9600 |   24 | 1.00 | 1.00 |      31.8 |        31.7 |          29.7 |       13.3 
       abj-bka-kj |  5184 |   52 |   72 | 1.00 | 1.00 |      35.0 |        34.3 |          33.3 |       23.8 
       ajb-kba-jk |  3744 |   72 |   72 | 1.00 | 1.00 |      43.9 |        43.9 |          43.7 |       30.2 
     abjc-cbka-kj | 11520 |   20 |   24 | 1.00 | 1.00 |      20.0 |        20.1 |          17.1 |       13.0 
     ajbc-ckba-jk | 11520 |   24 |   20 | 1.00 | 1.00 |      26.0 |        26.2 |          23.3 |       15.1 
     abjc-kbac-jk |  9600 |   24 |   24 | 1.00 | 1.00 |      33.6 |        34.3 |          32.3 |       16.1 
   abjcd-dkbac-jk | 82944 |   24 |   12 | 1.00 | 1.00 |      15.0 |        15.9 |          14.6 |        8.2 
   adbjc-cbdka-kj | 82944 |   12 |   24 | 1.00 | 1.00 |       5.5 |         5.5 |           5.3 |        6.3 
   ajbdc-ckbad-jk | 82944 |   24 |   12 | 1.00 | 1.00 |      15.9 |        16.2 |          14.8 |        8.7 
 abcijk-ijma-mkbc |  4608 |  512 |   24 | 1.00 | 1.00 |      40.5 |        40.5 |          38.2 |       27.6 
 abcijk-ijmb-mkac |  1536 | 1536 |   24 | 1.00 | 1.00 |      42.2 |        42.7 |          40.6 |       26.4 
 abcijk-ijmc-mkab |  1536 | 1536 |   24 | 1.00 | 1.00 |      41.5 |        41.9 |          39.7 |       32.3 
 abcijk-ikma-mjbc |  4608 |  512 |   24 | 1.00 | 1.00 |      40.4 |        40.7 |          38.4 |       27.8 
 abcijk-ikmb-mjac |  1536 | 1536 |   24 | 1.00 | 1.00 |      42.0 |        42.7 |          40.4 |       26.7 
 abcijk-ikmc-mjab |  1536 | 1536 |   24 | 1.00 | 1.00 |      41.7 |        41.9 |          39.6 |       29.3 
 abcijk-jkma-mibc |  4608 |  512 |   24 | 1.00 | 1.00 |      40.6 |        40.9 |          38.5 |       30.8 
 abcijk-jkmb-miac |  1536 | 1536 |   24 | 1.00 | 1.00 |      41.7 |        42.8 |          40.9 |       21.5 
 abcijk-jkmc-miab |  1536 | 1536 |   24 | 1.00 | 1.00 |      41.9 |        42.2 |          39.9 |       30.2 
 abcijk-eiab-jkec |  1536 | 1536 |   24 | 1.00 | 1.00 |      41.9 |        42.1 |          39.8 |       30.0 
 abcijk-eiac-jkeb |  1536 | 1536 |   24 | 1.00 | 1.00 |      41.7 |        42.2 |          40.5 |       21.5 
 abcijk-eibc-jkea |   512 | 4608 |   24 | 1.00 | 1.00 |      40.6 |        40.8 |          38.5 |       30.7 
 abcijk-ejab-ikec |  1536 | 1536 |   24 | 1.00 | 1.00 |      41.6 |        42.0 |          39.6 |       28.9 
 abcijk-ejac-ikeb |  1536 | 1536 |   24 | 1.00 | 1.00 |      42.1 |        42.4 |          40.7 |       26.6 
 abcijk-ejbc-ikea |   512 | 4608 |   24 | 1.00 | 1.00 |      40.2 |        40.5 |          38.2 |       27.5 
 abcijk-ekab-ijec |  1536 | 1536 |   24 | 1.00 | 1.00 |      41.3 |        42.0 |          39.8 |       32.5 
 abcijk-ekac-ijeb |  1536 | 1536 |   24 | 1.00 | 1.00 |      41.5 |        42.1 |          40.2 |       25.9 
 abcijk-ekbc-ijea |   512 | 4608 |   24 | 1.00 | 1.00 |      40.4 |        40.7 |          38.3 |       27.9 
       abc-bk-akc |    72 | 3744 |   52 | 1.00 | 1.00 |      45.5 |        45.8 |          44.5 |       30.7 

=== c64 ===
             case |     m |    n |    k | regA | regB | plan GF/s | packed GF/s | upstream GF/s | tblis GF/s 
------------------+-------+------+------+------+------+-----------+-------------+---------------+------------
         ij-ik-kj |   384 |  364 |  384 | 1.00 | 1.00 |      35.2 |        35.1 |          34.6 |       40.5 
       ij-ikl-ljk |    72 |   52 | 3744 | 1.00 | 1.00 |      37.3 |        37.4 |          36.3 |       30.7 
       ij-kil-lkj |    72 |   52 | 5184 | 1.00 | 1.00 |      32.6 |        32.6 |          31.9 |       28.7 
       ijk-ikl-lj |  3744 |   52 |   72 | 1.00 | 1.00 |      44.6 |        44.4 |          43.9 |       28.5 
       ijk-il-jlk |    72 | 3744 |   52 | 1.00 | 1.00 |      40.6 |        39.6 |          38.9 |       38.5 
       ijk-ilk-jl |  3744 |   72 |   52 | 0.89 | 1.00 |      46.6 |        46.0 |          45.8 |       35.2 
       ijk-ilk-lj |  3744 |   52 |   72 | 0.89 | 1.00 |      44.2 |        44.1 |          43.6 |       30.3 
     ijk-ilmk-mjl |   480 |   20 |  480 | 0.67 | 1.00 |      37.4 |        37.4 |          36.6 |       28.9 
   ijkl-imjn-lnkm |   480 |  480 |  400 | 0.67 | 0.80 |      48.1 |        48.1 |          47.7 |       44.3 
   ijkl-imjn-nlmk |   480 |  400 |  480 | 0.67 | 0.81 |      48.2 |        48.2 |          47.7 |       43.2 
   ijkl-imkn-jnlm |   480 |  480 |  400 | 0.67 | 1.00 |      48.0 |        48.0 |          47.3 |       44.4 
   ijkl-imkn-njml |   480 |  400 |  480 | 0.67 | 0.81 |      48.2 |        48.1 |          47.6 |       43.6 
   ijkl-imln-jnkm |   480 |  480 |  400 | 0.67 | 1.00 |      48.2 |        48.2 |          47.0 |       44.6 
   ijkl-imln-njmk |   480 |  400 |  480 | 0.67 | 0.81 |      48.3 |        48.2 |          47.5 |       43.8 
   ijkl-imnj-nlkm |   480 |  400 |  480 | 0.67 | 0.81 |      48.2 |        48.2 |          47.7 |       44.2 
   ijkl-imnk-njml |   480 |  400 |  480 | 0.67 | 0.81 |      48.0 |        48.1 |          47.3 |       44.0 
   ijkl-minj-nlmk |   480 |  400 |  576 | 0.67 | 0.81 |      46.6 |        46.5 |          45.8 |       43.0 
   ijkl-mink-jnlm |   480 |  480 |  480 | 0.67 | 1.00 |      47.4 |        47.6 |          46.9 |       44.0 
   ijkl-minl-njmk |   480 |  400 |  576 | 0.67 | 0.81 |      46.8 |        46.8 |          45.9 |       43.5 
     aqrs-pa-pqrs |    24 | 8000 |   24 | 1.00 | 1.00 |      30.2 |        30.1 |          28.7 |       25.3 
     abrs-qb-aqrs |    20 | 9600 |   24 | 1.00 | 1.00 |      39.7 |        39.6 |          38.0 |       23.2 
     abcs-rc-abrs |    20 | 9600 |   24 | 1.00 | 1.00 |      34.2 |        33.6 |          32.7 |       22.7 
       abj-bka-kj |  5184 |   52 |   72 | 0.89 | 1.00 |      41.2 |        40.9 |          40.4 |       27.8 
       ajb-kba-jk |  3744 |   72 |   72 | 0.89 | 1.00 |      45.3 |        44.4 |          41.3 |       33.4 
     abjc-cbka-kj | 11520 |   20 |   24 | 0.67 | 1.00 |      25.2 |        25.3 |          24.3 |       23.1 
     ajbc-ckba-jk | 11520 |   24 |   20 | 1.00 | 1.00 |      28.2 |        29.0 |          27.0 |       22.1 
     abjc-kbac-jk |  9600 |   24 |   24 | 0.67 | 1.00 |      37.5 |        37.4 |          36.5 |       25.5 
   abjcd-dkbac-jk | 82944 |   24 |   12 | 0.67 | 1.00 |      22.1 |        22.0 |          20.4 |       15.6 
   adbjc-cbdka-kj | 82944 |   12 |   24 | 0.67 | 1.00 |      10.3 |        10.3 |          10.1 |       13.7 
   ajbdc-ckbad-jk | 82944 |   24 |   12 | 1.00 | 1.00 |      26.0 |        26.1 |          23.4 |       15.7 
 abcijk-ijma-mkbc |  4608 |  512 |   24 | 1.00 | 0.97 |      42.8 |        42.5 |          40.8 |       32.8 
 abcijk-ijmb-mkac |  1536 | 1536 |   24 | 1.00 | 0.75 |      44.7 |        44.8 |          42.6 |       32.9 
 abcijk-ijmc-mkab |  1536 | 1536 |   24 | 1.00 | 0.50 |      45.0 |        45.1 |          42.5 |       37.9 
 abcijk-ikma-mjbc |  4608 |  512 |   24 | 1.00 | 0.97 |      42.5 |        42.5 |          41.5 |       32.5 
 abcijk-ikmb-mjac |  1536 | 1536 |   24 | 1.00 | 0.75 |      45.1 |        45.1 |          43.1 |       33.8 
 abcijk-ikmc-mjab |  1536 | 1536 |   24 | 1.00 | 0.50 |      45.0 |        45.1 |          42.6 |       35.5 
 abcijk-jkma-mibc |  4608 |  512 |   24 | 1.00 | 0.97 |      42.4 |        42.5 |          40.8 |       35.6 
 abcijk-jkmb-miac |  1536 | 1536 |   24 | 1.00 | 0.75 |      45.1 |        45.2 |          43.1 |       29.5 
 abcijk-jkmc-miab |  1536 | 1536 |   24 | 1.00 | 0.50 |      45.0 |        45.0 |          42.5 |       37.0 
 abcijk-eiab-jkec |  1536 | 1536 |   24 | 1.00 | 0.50 |      45.0 |        45.0 |          42.5 |       37.1 
 abcijk-eiac-jkeb |  1536 | 1536 |   24 | 1.00 | 0.75 |      45.1 |        45.0 |          43.1 |       29.7 
 abcijk-eibc-jkea |   512 | 4608 |   24 | 1.00 | 0.97 |      42.5 |        42.4 |          40.8 |       35.6 
 abcijk-ejab-ikec |  1536 | 1536 |   24 | 1.00 | 0.50 |      45.0 |        45.0 |          42.5 |       35.6 
 abcijk-ejac-ikeb |  1536 | 1536 |   24 | 1.00 | 0.75 |      45.2 |        45.1 |          43.3 |       33.8 
 abcijk-ejbc-ikea |   512 | 4608 |   24 | 1.00 | 0.97 |      42.6 |        42.4 |          41.3 |       32.6 
 abcijk-ekab-ijec |  1536 | 1536 |   24 | 1.00 | 0.50 |      45.0 |        45.0 |          42.5 |       37.5 
 abcijk-ekac-ijeb |  1536 | 1536 |   24 | 1.00 | 0.75 |      45.1 |        45.1 |          42.8 |       32.7 
 abcijk-ekbc-ijea |   512 | 4608 |   24 | 1.00 | 0.97 |      42.7 |        42.4 |          40.8 |       32.7 
       abc-bk-akc |    72 | 3744 |   52 | 0.89 | 1.00 |      46.7 |        46.2 |          45.5 |       34.8 

=== complex efficiency ratio (c64 GF/s over f64 GF/s; 1.0 = no penalty) ===
             case | plan c64/f64 | packed c64/f64 | upstream c64/f64 | tblis c64/f64 
------------------+--------------+----------------+------------------+---------------
         ij-ik-kj |        0.949 |          1.013 |            1.014 |         1.376 
       ij-ikl-ljk |        0.980 |          0.979 |            0.983 |         1.415 
       ij-kil-lkj |        0.931 |          0.926 |            0.935 |         1.364 
       ijk-ikl-lj |        1.046 |          1.042 |            1.057 |         1.089 
       ijk-il-jlk |        0.937 |          0.911 |            0.934 |         1.312 
       ijk-ilk-jl |        1.023 |          1.006 |            1.039 |         1.157 
       ijk-ilk-lj |        1.038 |          1.029 |            1.049 |         1.126 
     ijk-ilmk-mjl |        1.050 |          1.051 |            1.048 |         1.782 
   ijkl-imjn-lnkm |        0.996 |          0.997 |            0.999 |         1.068 
   ijkl-imjn-nlmk |        0.980 |          0.979 |            0.985 |         1.071 
   ijkl-imkn-jnlm |        0.985 |          0.981 |            0.983 |         1.054 
   ijkl-imkn-njml |        0.977 |          0.974 |            0.978 |         1.071 
   ijkl-imln-jnkm |        0.987 |          0.985 |            0.974 |         1.061 
   ijkl-imln-njmk |        0.977 |          0.975 |            0.972 |         1.061 
   ijkl-imnj-nlkm |        0.983 |          0.982 |            0.984 |         1.055 
   ijkl-imnk-njml |        0.973 |          0.971 |            0.968 |         1.062 
   ijkl-minj-nlmk |        0.974 |          0.970 |            0.975 |         1.052 
   ijkl-mink-jnlm |        0.983 |          0.991 |            0.985 |         1.075 
   ijkl-minl-njmk |        0.978 |          0.969 |            0.964 |         1.065 
     aqrs-pa-pqrs |        0.612 |          0.914 |            0.934 |         1.813 
     abrs-qb-aqrs |        1.238 |          1.233 |            1.254 |         1.746 
     abcs-rc-abrs |        1.074 |          1.062 |            1.100 |         1.708 
       abj-bka-kj |        1.179 |          1.191 |            1.213 |         1.168 
       ajb-kba-jk |        1.030 |          1.011 |            0.946 |         1.107 
     abjc-cbka-kj |        1.259 |          1.256 |            1.420 |         1.774 
     ajbc-ckba-jk |        1.086 |          1.108 |            1.160 |         1.468 
     abjc-kbac-jk |        1.115 |          1.089 |            1.131 |         1.582 
   abjcd-dkbac-jk |        1.471 |          1.380 |            1.397 |         1.905 
   adbjc-cbdka-kj |        1.873 |          1.878 |            1.910 |         2.178 
   ajbdc-ckbad-jk |        1.629 |          1.609 |            1.581 |         1.795 
 abcijk-ijma-mkbc |        1.056 |          1.049 |            1.070 |         1.186 
 abcijk-ijmb-mkac |        1.061 |          1.050 |            1.049 |         1.246 
 abcijk-ijmc-mkab |        1.084 |          1.075 |            1.071 |         1.171 
 abcijk-ikma-mjbc |        1.052 |          1.045 |            1.082 |         1.170 
 abcijk-ikmb-mjac |        1.075 |          1.057 |            1.067 |         1.267 
 abcijk-ikmc-mjab |        1.080 |          1.076 |            1.075 |         1.211 
 abcijk-jkma-mibc |        1.044 |          1.038 |            1.061 |         1.158 
 abcijk-jkmb-miac |        1.083 |          1.056 |            1.055 |         1.371 
 abcijk-jkmc-miab |        1.073 |          1.067 |            1.064 |         1.222 
 abcijk-eiab-jkec |        1.074 |          1.068 |            1.069 |         1.238 
 abcijk-eiac-jkeb |        1.080 |          1.066 |            1.065 |         1.383 
 abcijk-eibc-jkea |        1.047 |          1.040 |            1.060 |         1.159 
 abcijk-ejab-ikec |        1.084 |          1.073 |            1.071 |         1.231 
 abcijk-ejac-ikeb |        1.073 |          1.063 |            1.064 |         1.269 
 abcijk-ejbc-ikea |        1.061 |          1.047 |            1.082 |         1.188 
 abcijk-ekab-ijec |        1.089 |          1.073 |            1.068 |         1.156 
 abcijk-ekac-ijeb |        1.087 |          1.071 |            1.064 |         1.265 
 abcijk-ekbc-ijea |        1.056 |          1.042 |            1.065 |         1.173 
       abc-bk-akc |        1.027 |          1.008 |            1.021 |         1.132 
             MEAN |        1.073 |          1.072 |            1.084 |         1.301 

wrote /home/shinaoka/projects/tensor4all/tprims-rs/benchmarks/benchmarks/tcbench/results/scaling-layout/candidate/A-1m-1t.pending.csv
