# threads: requested=4 pool=4 budget=4
host        : shinaoka-EVO-X1Pro
target      : x86_64 / linux
cpu features: avx2 fma avx512f avx512dq 
caches      : L1=48KiB/12-way/2sh L2=1024KiB/16-way/2sh L3=16384KiB/16-way/8sh (via sysfs), blocking=legacy
l3 domains  : t1=1 t4=1 t8=2
baselines   : tblis=true blas=false
tblis       : abi 2.x, 4 thread(s)

running 49 cases at 1 MiB nominal tensor size, 5 reps, stress=none


=== f64 ===
             case |     m |    n |    k | regA | regB | plan GF/s | packed GF/s | upstream GF/s | tblis GF/s 
------------------+-------+------+------+------+------+-----------+-------------+---------------+------------
         ij-ik-kj |   384 |  364 |  384 | 0.00 | 0.00 |     144.3 |       134.3 |         120.9 |      105.8 
       ij-ikl-ljk |    72 |   52 | 3744 | 1.00 | 1.00 |      64.6 |        65.0 |          53.2 |       38.5 
       ij-kil-lkj |    72 |   52 | 5184 | 1.00 | 1.00 |      62.5 |        63.6 |          53.1 |       38.1 
       ijk-ikl-lj |  3744 |   52 |   72 | 1.00 | 1.00 |     112.9 |       114.4 |          85.7 |       69.6 
       ijk-il-jlk |    72 | 3744 |   52 | 1.00 | 1.00 |     114.8 |       117.5 |          94.6 |       76.1 
       ijk-ilk-jl |  3744 |   72 |   52 | 1.00 | 1.00 |     120.7 |       122.3 |          91.9 |       80.2 
       ijk-ilk-lj |  3744 |   52 |   72 | 1.00 | 1.00 |     126.6 |       129.3 |         103.8 |       80.1 
     ijk-ilmk-mjl |   480 |   20 |  480 | 1.00 | 1.00 |     111.0 |       111.4 |          63.8 |       49.5 
   ijkl-imjn-lnkm |   480 |  480 |  400 | 1.00 | 0.80 |     182.0 |       187.5 |         170.8 |      150.3 
   ijkl-imjn-nlmk |   480 |  400 |  480 | 1.00 | 0.80 |     188.2 |       191.0 |         177.6 |      149.1 
   ijkl-imkn-jnlm |   480 |  480 |  400 | 1.00 | 1.00 |     189.9 |       192.9 |         175.0 |      153.9 
   ijkl-imkn-njml |   480 |  400 |  480 | 1.00 | 0.80 |     192.1 |       193.8 |         179.9 |      151.1 
   ijkl-imln-jnkm |   480 |  480 |  400 | 1.00 | 1.00 |     191.2 |       192.0 |         175.6 |      155.3 
   ijkl-imln-njmk |   480 |  400 |  480 | 1.00 | 0.80 |     189.5 |       194.8 |         179.7 |      151.2 
   ijkl-imnj-nlkm |   480 |  400 |  480 | 1.00 | 0.80 |     192.7 |       192.8 |         178.3 |      153.7 
   ijkl-imnk-njml |   480 |  400 |  480 | 1.00 | 0.80 |     191.7 |       194.3 |         179.8 |      152.8 
   ijkl-minj-nlmk |   480 |  400 |  576 | 1.00 | 0.80 |     187.6 |       187.6 |         172.6 |      149.3 
   ijkl-mink-jnlm |   480 |  480 |  480 | 1.00 | 1.00 |     191.7 |       191.5 |         178.5 |      147.5 
   ijkl-minl-njmk |   480 |  400 |  576 | 1.00 | 0.80 |     187.4 |       190.6 |         174.8 |      150.4 
     aqrs-pa-pqrs |    24 | 8000 |   24 | 0.00 | 0.00 |      58.7 |        62.4 |          49.6 |       43.3 
     abrs-qb-aqrs |    20 | 9600 |   24 | 1.00 | 1.00 |     106.3 |       108.0 |          64.5 |       39.8 
     abcs-rc-abrs |    20 | 9600 |   24 | 1.00 | 1.00 |     105.4 |       108.0 |          64.5 |       40.2 
       abj-bka-kj |  5184 |   52 |   72 | 1.00 | 1.00 |     130.5 |       130.1 |         107.5 |       83.6 
       ajb-kba-jk |  3744 |   72 |   72 | 1.00 | 1.00 |     164.1 |       167.3 |         134.7 |      112.4 
     abjc-cbka-kj | 11520 |   20 |   24 | 1.00 | 1.00 |      61.5 |        62.7 |          41.5 |       38.6 
     ajbc-ckba-jk | 11520 |   24 |   20 | 1.00 | 1.00 |      81.8 |        81.4 |          53.4 |       44.2 
     abjc-kbac-jk |  9600 |   24 |   24 | 1.00 | 1.00 |     113.1 |       113.1 |          70.8 |       47.4 
   abjcd-dkbac-jk | 82944 |   24 |   12 | 1.00 | 1.00 |      35.6 |        39.7 |          35.7 |       23.0 
   adbjc-cbdka-kj | 82944 |   12 |   24 | 1.00 | 1.00 |       9.2 |         9.3 |           8.2 |       19.0 
   ajbdc-ckbad-jk | 82944 |   24 |   12 | 1.00 | 1.00 |      38.7 |        39.5 |          34.5 |       24.1 
 abcijk-ijma-mkbc |  4608 |  512 |   24 | 1.00 | 1.00 |     132.2 |       132.3 |         114.0 |       99.9 
 abcijk-ijmb-mkac |  1536 | 1536 |   24 | 1.00 | 1.00 |     148.2 |       152.3 |         126.3 |       65.2 
 abcijk-ijmc-mkab |  1536 | 1536 |   24 | 1.00 | 1.00 |     139.0 |       132.6 |         119.4 |       90.6 
 abcijk-ikma-mjbc |  4608 |  512 |   24 | 1.00 | 1.00 |     127.6 |       140.1 |         115.1 |      101.0 
 abcijk-ikmb-mjac |  1536 | 1536 |   24 | 1.00 | 1.00 |     137.9 |       152.2 |         130.3 |       95.3 
 abcijk-ikmc-mjab |  1536 | 1536 |   24 | 1.00 | 1.00 |     138.6 |       134.7 |         126.1 |       83.7 
 abcijk-jkma-mibc |  4608 |  512 |   24 | 1.00 | 1.00 |     132.0 |       138.5 |         118.3 |      111.3 
 abcijk-jkmb-miac |  1536 | 1536 |   24 | 1.00 | 1.00 |     136.7 |       140.4 |         127.0 |       61.8 
 abcijk-jkmc-miab |  1536 | 1536 |   24 | 1.00 | 1.00 |     134.0 |       135.2 |         116.0 |       82.5 
 abcijk-eiab-jkec |  1536 | 1536 |   24 | 1.00 | 1.00 |     133.4 |       135.2 |         120.0 |       81.3 
 abcijk-eiac-jkeb |  1536 | 1536 |   24 | 1.00 | 1.00 |     119.9 |       141.0 |         130.6 |       62.7 
 abcijk-eibc-jkea |   512 | 4608 |   24 | 1.00 | 1.00 |     134.3 |       127.3 |         120.3 |      112.0 
 abcijk-ejab-ikec |  1536 | 1536 |   24 | 1.00 | 1.00 |     134.0 |       137.7 |         121.3 |       80.4 
 abcijk-ejac-ikeb |  1536 | 1536 |   24 | 1.00 | 1.00 |     141.8 |       140.9 |         133.7 |       93.8 
 abcijk-ejbc-ikea |   512 | 4608 |   24 | 1.00 | 1.00 |     132.3 |       135.7 |         117.0 |      101.2 
 abcijk-ekab-ijec |  1536 | 1536 |   24 | 1.00 | 1.00 |     131.3 |       134.7 |         120.8 |       97.0 
 abcijk-ekac-ijeb |  1536 | 1536 |   24 | 1.00 | 1.00 |     131.7 |       148.6 |         126.7 |       62.6 
 abcijk-ekbc-ijea |   512 | 4608 |   24 | 1.00 | 1.00 |     130.6 |       131.3 |         116.3 |      100.2 
       abc-bk-akc |    72 | 3744 |   52 | 1.00 | 1.00 |     165.6 |       169.5 |         131.2 |      110.0 

=== c64 ===
             case |     m |    n |    k | regA | regB | plan GF/s | packed GF/s | upstream GF/s | tblis GF/s 
------------------+-------+------+------+------+------+-----------+-------------+---------------+------------
         ij-ik-kj |   384 |  364 |  384 | 1.00 | 1.00 |     137.4 |       135.8 |         132.0 |      126.1 
       ij-ikl-ljk |    72 |   52 | 3744 | 1.00 | 1.00 |      64.9 |        64.8 |          61.3 |       77.7 
       ij-kil-lkj |    72 |   52 | 5184 | 1.00 | 1.00 |      59.6 |        60.0 |          56.2 |       75.0 
       ijk-ikl-lj |  3744 |   52 |   72 | 1.00 | 1.00 |     122.0 |       124.5 |         114.3 |       89.0 
       ijk-il-jlk |    72 | 3744 |   52 | 1.00 | 1.00 |      72.6 |        70.6 |          68.4 |      107.5 
       ijk-ilk-jl |  3744 |   72 |   52 | 0.89 | 1.00 |     130.1 |       132.2 |         123.6 |      115.0 
       ijk-ilk-lj |  3744 |   52 |   72 | 0.89 | 1.00 |     145.1 |       146.1 |         135.8 |      115.1 
     ijk-ilmk-mjl |   480 |   20 |  480 | 0.67 | 1.00 |     121.2 |       122.6 |         102.6 |      107.4 
   ijkl-imjn-lnkm |   480 |  480 |  400 | 0.67 | 0.80 |     173.0 |       174.0 |         168.0 |      167.2 
   ijkl-imjn-nlmk |   480 |  400 |  480 | 0.67 | 0.81 |     121.0 |       175.7 |         169.9 |      165.0 
   ijkl-imkn-jnlm |   480 |  480 |  400 | 0.67 | 1.00 |     171.5 |       174.3 |         169.1 |      167.2 
   ijkl-imkn-njml |   480 |  400 |  480 | 0.67 | 0.81 |     120.3 |       152.1 |         171.8 |      166.6 
   ijkl-imln-jnkm |   480 |  480 |  400 | 0.67 | 1.00 |     174.1 |       175.3 |         170.0 |      167.8 
   ijkl-imln-njmk |   480 |  400 |  480 | 0.67 | 0.81 |     174.6 |       175.6 |         172.1 |      169.7 
   ijkl-imnj-nlkm |   480 |  400 |  480 | 0.67 | 0.81 |     176.4 |       176.0 |         171.0 |      170.5 
   ijkl-imnk-njml |   480 |  400 |  480 | 0.67 | 0.81 |     175.1 |       175.4 |         171.9 |      171.8 
   ijkl-minj-nlmk |   480 |  400 |  576 | 0.67 | 0.81 |     170.8 |       169.7 |         163.7 |      161.5 
   ijkl-mink-jnlm |   480 |  480 |  480 | 0.67 | 1.00 |     172.9 |       172.3 |         168.5 |      167.9 
   ijkl-minl-njmk |   480 |  400 |  576 | 0.67 | 0.81 |     170.6 |       171.0 |         166.1 |      166.1 
     aqrs-pa-pqrs |    24 | 8000 |   24 | 1.00 | 1.00 |     103.5 |       101.9 |          88.4 |       91.5 
     abrs-qb-aqrs |    20 | 9600 |   24 | 1.00 | 1.00 |     148.5 |       150.7 |         118.8 |       79.5 
     abcs-rc-abrs |    20 | 9600 |   24 | 1.00 | 1.00 |     131.4 |       130.5 |         104.2 |       81.8 
       abj-bka-kj |  5184 |   52 |   72 | 0.89 | 1.00 |     155.9 |       156.0 |         142.7 |       99.0 
       ajb-kba-jk |  3744 |   72 |   72 | 0.89 | 1.00 |     176.2 |       176.7 |         159.4 |      129.4 
     abjc-cbka-kj | 11520 |   20 |   24 | 0.67 | 1.00 |      98.4 |        97.0 |          82.5 |       72.5 
     ajbc-ckba-jk | 11520 |   24 |   20 | 1.00 | 1.00 |     105.6 |       105.8 |          84.7 |       71.0 
     abjc-kbac-jk |  9600 |   24 |   24 | 0.67 | 1.00 |     148.2 |       148.0 |         117.9 |       84.3 
   abjcd-dkbac-jk | 82944 |   24 |   12 | 0.67 | 1.00 |      61.1 |        61.4 |          57.2 |       47.2 
   adbjc-cbdka-kj | 82944 |   12 |   24 | 0.67 | 1.00 |      30.2 |        29.1 |          29.0 |       33.0 
   ajbdc-ckbad-jk | 82944 |   24 |   12 | 1.00 | 1.00 |      60.3 |        59.0 |          55.9 |       48.4 
 abcijk-ijma-mkbc |  4608 |  512 |   24 | 1.00 | 0.97 |     160.4 |       160.3 |         150.5 |      123.6 
 abcijk-ijmb-mkac |  1536 | 1536 |   24 | 1.00 | 0.75 |     168.4 |       169.0 |         160.7 |      113.0 
 abcijk-ijmc-mkab |  1536 | 1536 |   24 | 1.00 | 0.50 |     167.3 |       166.0 |         161.0 |      136.8 
 abcijk-ikma-mjbc |  4608 |  512 |   24 | 1.00 | 0.97 |     158.5 |       161.6 |         152.3 |      124.0 
 abcijk-ikmb-mjac |  1536 | 1536 |   24 | 1.00 | 0.75 |     171.0 |       165.4 |         161.7 |      121.8 
 abcijk-ikmc-mjab |  1536 | 1536 |   24 | 1.00 | 0.50 |     166.0 |       166.8 |         159.4 |      123.9 
 abcijk-jkma-mibc |  4608 |  512 |   24 | 1.00 | 0.97 |     160.6 |       162.0 |         153.4 |      135.9 
 abcijk-jkmb-miac |  1536 | 1536 |   24 | 1.00 | 0.75 |     169.7 |       168.2 |         160.6 |      103.4 
 abcijk-jkmc-miab |  1536 | 1536 |   24 | 1.00 | 0.50 |     161.6 |       157.1 |         154.9 |      125.3 
 abcijk-eiab-jkec |  1536 | 1536 |   24 | 1.00 | 0.50 |     158.4 |       158.6 |         153.5 |      121.9 
 abcijk-eiac-jkeb |  1536 | 1536 |   24 | 1.00 | 0.75 |     169.2 |       166.9 |         158.5 |      103.9 
 abcijk-eibc-jkea |   512 | 4608 |   24 | 1.00 | 0.97 |     158.3 |       161.4 |         153.7 |      135.4 
 abcijk-ejab-ikec |  1536 | 1536 |   24 | 1.00 | 0.50 |     166.4 |       165.9 |         156.8 |      125.2 
 abcijk-ejac-ikeb |  1536 | 1536 |   24 | 1.00 | 0.75 |     168.2 |       168.8 |         160.8 |      122.4 
 abcijk-ejbc-ikea |   512 | 4608 |   24 | 1.00 | 0.97 |     160.6 |       163.8 |         151.1 |      123.7 
 abcijk-ekab-ijec |  1536 | 1536 |   24 | 1.00 | 0.50 |     166.7 |       165.2 |         160.0 |      137.2 
 abcijk-ekac-ijeb |  1536 | 1536 |   24 | 1.00 | 0.75 |     169.0 |       168.9 |         158.7 |      114.2 
 abcijk-ekbc-ijea |   512 | 4608 |   24 | 1.00 | 0.97 |     160.4 |       161.5 |         151.1 |      124.6 
       abc-bk-akc |    72 | 3744 |   52 | 0.89 | 1.00 |     178.7 |       180.5 |         165.3 |      140.5 

=== complex efficiency ratio (c64 GF/s over f64 GF/s; 1.0 = no penalty) ===
             case | plan c64/f64 | packed c64/f64 | upstream c64/f64 | tblis c64/f64 
------------------+--------------+----------------+------------------+---------------
         ij-ik-kj |        0.952 |          1.011 |            1.092 |         1.191 
       ij-ikl-ljk |        1.005 |          0.997 |            1.151 |         2.021 
       ij-kil-lkj |        0.955 |          0.943 |            1.058 |         1.967 
       ijk-ikl-lj |        1.080 |          1.089 |            1.333 |         1.279 
       ijk-il-jlk |        0.633 |          0.601 |            0.723 |         1.413 
       ijk-ilk-jl |        1.078 |          1.081 |            1.344 |         1.435 
       ijk-ilk-lj |        1.146 |          1.130 |            1.309 |         1.437 
     ijk-ilmk-mjl |        1.092 |          1.100 |            1.608 |         2.169 
   ijkl-imjn-lnkm |        0.950 |          0.928 |            0.984 |         1.112 
   ijkl-imjn-nlmk |        0.643 |          0.920 |            0.957 |         1.106 
   ijkl-imkn-jnlm |        0.903 |          0.904 |            0.967 |         1.087 
   ijkl-imkn-njml |        0.626 |          0.785 |            0.955 |         1.102 
   ijkl-imln-jnkm |        0.911 |          0.913 |            0.968 |         1.080 
   ijkl-imln-njmk |        0.921 |          0.901 |            0.958 |         1.123 
   ijkl-imnj-nlkm |        0.915 |          0.913 |            0.959 |         1.109 
   ijkl-imnk-njml |        0.913 |          0.903 |            0.956 |         1.124 
   ijkl-minj-nlmk |        0.910 |          0.904 |            0.949 |         1.082 
   ijkl-mink-jnlm |        0.902 |          0.900 |            0.944 |         1.139 
   ijkl-minl-njmk |        0.910 |          0.897 |            0.950 |         1.105 
     aqrs-pa-pqrs |        1.762 |          1.632 |            1.781 |         2.113 
     abrs-qb-aqrs |        1.397 |          1.396 |            1.841 |         1.997 
     abcs-rc-abrs |        1.247 |          1.209 |            1.615 |         2.034 
       abj-bka-kj |        1.194 |          1.199 |            1.328 |         1.184 
       ajb-kba-jk |        1.074 |          1.056 |            1.183 |         1.152 
     abjc-cbka-kj |        1.600 |          1.546 |            1.986 |         1.880 
     ajbc-ckba-jk |        1.291 |          1.300 |            1.584 |         1.605 
     abjc-kbac-jk |        1.311 |          1.309 |            1.664 |         1.777 
   abjcd-dkbac-jk |        1.714 |          1.544 |            1.603 |         2.057 
   adbjc-cbdka-kj |        3.277 |          3.113 |            3.555 |         1.739 
   ajbdc-ckbad-jk |        1.559 |          1.496 |            1.621 |         2.012 
 abcijk-ijma-mkbc |        1.213 |          1.212 |            1.320 |         1.237 
 abcijk-ijmb-mkac |        1.136 |          1.110 |            1.273 |         1.732 
 abcijk-ijmc-mkab |        1.204 |          1.252 |            1.348 |         1.509 
 abcijk-ikma-mjbc |        1.243 |          1.153 |            1.323 |         1.229 
 abcijk-ikmb-mjac |        1.240 |          1.087 |            1.241 |         1.279 
 abcijk-ikmc-mjab |        1.197 |          1.239 |            1.264 |         1.480 
 abcijk-jkma-mibc |        1.216 |          1.170 |            1.296 |         1.221 
 abcijk-jkmb-miac |        1.242 |          1.198 |            1.264 |         1.672 
 abcijk-jkmc-miab |        1.206 |          1.162 |            1.335 |         1.519 
 abcijk-eiab-jkec |        1.188 |          1.173 |            1.280 |         1.501 
 abcijk-eiac-jkeb |        1.411 |          1.183 |            1.214 |         1.658 
 abcijk-eibc-jkea |        1.179 |          1.268 |            1.278 |         1.209 
 abcijk-ejab-ikec |        1.241 |          1.205 |            1.292 |         1.556 
 abcijk-ejac-ikeb |        1.186 |          1.198 |            1.203 |         1.306 
 abcijk-ejbc-ikea |        1.214 |          1.207 |            1.291 |         1.222 
 abcijk-ekab-ijec |        1.270 |          1.226 |            1.324 |         1.415 
 abcijk-ekac-ijeb |        1.284 |          1.137 |            1.253 |         1.824 
 abcijk-ekbc-ijea |        1.228 |          1.230 |            1.299 |         1.244 
       abc-bk-akc |        1.079 |          1.065 |            1.260 |         1.278 
             MEAN |        1.185 |          1.165 |            1.312 |         1.464 

wrote /home/shinaoka/projects/tensor4all/tprims-rs/benchmarks/benchmarks/tcbench/results/scaling-layout/candidate/A-1m-4t.pending.csv
