# threads: requested=1 pool=1 budget=1
host        : shinaoka-EVO-X1Pro
target      : x86_64 / linux
cpu features: avx2 fma avx512f avx512dq 
caches      : L1=48KiB/12-way/2sh L2=1024KiB/16-way/2sh L3=16384KiB/16-way/8sh (via sysfs), blocking=legacy
l3 domains  : t1=1
baselines   : tblis=true blas=false
tblis       : abi 2.x, 1 thread(s)

running 49 cases at 1 MiB nominal tensor size, 5 reps, stress=none


=== f64 ===
             case |     m |    n |    k | regA | regB | plan GF/s | packed GF/s | upstream GF/s | tblis GF/s 
------------------+-------+------+------+------+------+-----------+-------------+---------------+------------
         ij-ik-kj |   384 |  364 |  384 | 0.00 | 0.00 |      37.1 |        34.7 |          34.1 |       29.7 
       ij-ikl-ljk |    72 |   52 | 3744 | 1.00 | 1.00 |      38.2 |        38.2 |          37.0 |       21.9 
       ij-kil-lkj |    72 |   52 | 5184 | 1.00 | 1.00 |      34.9 |        35.1 |          34.0 |       21.2 
       ijk-ikl-lj |  3744 |   52 |   72 | 1.00 | 1.00 |      42.6 |        42.7 |          41.5 |       26.4 
       ijk-il-jlk |    72 | 3744 |   52 | 1.00 | 1.00 |      42.8 |        43.7 |          41.3 |       29.1 
       ijk-ilk-jl |  3744 |   72 |   52 | 1.00 | 1.00 |      45.5 |        45.5 |          44.0 |       30.4 
       ijk-ilk-lj |  3744 |   52 |   72 | 1.00 | 1.00 |      42.7 |        42.7 |          41.5 |       26.9 
     ijk-ilmk-mjl |   480 |   20 |  480 | 1.00 | 1.00 |      35.5 |        35.6 |          34.9 |       16.3 
   ijkl-imjn-lnkm |   480 |  480 |  400 | 1.00 | 0.80 |      48.2 |        48.3 |          47.6 |       41.4 
   ijkl-imjn-nlmk |   480 |  400 |  480 | 1.00 | 0.80 |      49.1 |        49.2 |          48.4 |       40.4 
   ijkl-imkn-jnlm |   480 |  480 |  400 | 1.00 | 1.00 |      49.0 |        49.1 |          48.5 |       42.2 
   ijkl-imkn-njml |   480 |  400 |  480 | 1.00 | 0.80 |      49.5 |        49.4 |          48.6 |       40.8 
   ijkl-imln-jnkm |   480 |  480 |  400 | 1.00 | 1.00 |      48.9 |        49.2 |          48.3 |       42.5 
   ijkl-imln-njmk |   480 |  400 |  480 | 1.00 | 0.80 |      49.3 |        49.4 |          48.6 |       41.8 
   ijkl-imnj-nlkm |   480 |  400 |  480 | 1.00 | 0.80 |      49.0 |        49.1 |          48.4 |       42.3 
   ijkl-imnk-njml |   480 |  400 |  480 | 1.00 | 0.80 |      49.5 |        49.5 |          48.6 |       42.2 
   ijkl-minj-nlmk |   480 |  400 |  576 | 1.00 | 0.80 |      47.6 |        47.8 |          47.1 |       41.4 
   ijkl-mink-jnlm |   480 |  480 |  480 | 1.00 | 1.00 |      48.3 |        48.6 |          47.5 |       41.5 
   ijkl-minl-njmk |   480 |  400 |  576 | 1.00 | 0.80 |      48.1 |        48.3 |          47.4 |       41.4 
     aqrs-pa-pqrs |    24 | 8000 |   24 | 0.00 | 0.00 |      48.5 |        32.8 |          30.8 |       14.0 
     abrs-qb-aqrs |    20 | 9600 |   24 | 1.00 | 1.00 |      32.0 |        32.1 |          30.2 |       13.3 
     abcs-rc-abrs |    20 | 9600 |   24 | 1.00 | 1.00 |      31.7 |        31.7 |          29.7 |       13.3 
       abj-bka-kj |  5184 |   52 |   72 | 1.00 | 1.00 |      35.0 |        34.5 |          33.2 |       23.7 
       ajb-kba-jk |  3744 |   72 |   72 | 1.00 | 1.00 |      43.4 |        43.9 |          42.6 |       29.5 
     abjc-cbka-kj | 11520 |   20 |   24 | 1.00 | 1.00 |      20.1 |        20.2 |          16.6 |       12.9 
     ajbc-ckba-jk | 11520 |   24 |   20 | 1.00 | 1.00 |      26.2 |        26.1 |          23.6 |       15.1 
     abjc-kbac-jk |  9600 |   24 |   24 | 1.00 | 1.00 |      34.1 |        34.2 |          32.2 |       16.0 
   abjcd-dkbac-jk | 82944 |   24 |   12 | 1.00 | 1.00 |      15.1 |        16.1 |          14.6 |        8.2 
   adbjc-cbdka-kj | 82944 |   12 |   24 | 1.00 | 1.00 |       5.5 |         5.6 |           5.3 |        6.2 
   ajbdc-ckbad-jk | 82944 |   24 |   12 | 1.00 | 1.00 |      16.1 |        16.0 |          14.1 |        8.8 
 abcijk-ijma-mkbc |  4608 |  512 |   24 | 1.00 | 1.00 |      40.3 |        40.2 |          38.3 |       28.1 
 abcijk-ijmb-mkac |  1536 | 1536 |   24 | 1.00 | 1.00 |      42.1 |        42.5 |          40.5 |       26.3 
 abcijk-ijmc-mkab |  1536 | 1536 |   24 | 1.00 | 1.00 |      41.4 |        42.0 |          39.6 |       32.1 
 abcijk-ikma-mjbc |  4608 |  512 |   24 | 1.00 | 1.00 |      40.1 |        40.4 |          38.3 |       28.3 
 abcijk-ikmb-mjac |  1536 | 1536 |   24 | 1.00 | 1.00 |      42.3 |        42.4 |          40.6 |       26.7 
 abcijk-ikmc-mjab |  1536 | 1536 |   24 | 1.00 | 1.00 |      41.5 |        41.8 |          39.8 |       29.2 
 abcijk-jkma-mibc |  4608 |  512 |   24 | 1.00 | 1.00 |      40.1 |        40.3 |          38.4 |       31.3 
 abcijk-jkmb-miac |  1536 | 1536 |   24 | 1.00 | 1.00 |      41.9 |        42.7 |          40.5 |       21.5 
 abcijk-jkmc-miab |  1536 | 1536 |   24 | 1.00 | 1.00 |      41.8 |        42.0 |          39.9 |       30.0 
 abcijk-eiab-jkec |  1536 | 1536 |   24 | 1.00 | 1.00 |      41.8 |        42.0 |          39.6 |       30.1 
 abcijk-eiac-jkeb |  1536 | 1536 |   24 | 1.00 | 1.00 |      42.0 |        42.3 |          40.7 |       21.4 
 abcijk-eibc-jkea |   512 | 4608 |   24 | 1.00 | 1.00 |      40.4 |        40.5 |          38.5 |       31.3 
 abcijk-ejab-ikec |  1536 | 1536 |   24 | 1.00 | 1.00 |      41.8 |        41.9 |          39.8 |       28.9 
 abcijk-ejac-ikeb |  1536 | 1536 |   24 | 1.00 | 1.00 |      42.1 |        42.4 |          40.2 |       26.7 
 abcijk-ejbc-ikea |   512 | 4608 |   24 | 1.00 | 1.00 |      40.2 |        40.3 |          38.3 |       28.0 
 abcijk-ekab-ijec |  1536 | 1536 |   24 | 1.00 | 1.00 |      41.8 |        42.1 |          39.6 |       32.6 
 abcijk-ekac-ijeb |  1536 | 1536 |   24 | 1.00 | 1.00 |      41.5 |        42.5 |          40.4 |       25.8 
 abcijk-ekbc-ijea |   512 | 4608 |   24 | 1.00 | 1.00 |      40.3 |        40.5 |          38.2 |       28.9 
       abc-bk-akc |    72 | 3744 |   52 | 1.00 | 1.00 |      45.8 |        45.8 |          44.5 |       31.2 

=== c64 ===
             case |     m |    n |    k | regA | regB | plan GF/s | packed GF/s | upstream GF/s | tblis GF/s 
------------------+-------+------+------+------+------+-----------+-------------+---------------+------------
         ij-ik-kj |   384 |  364 |  384 | 1.00 | 1.00 |      35.1 |        35.2 |          34.6 |       40.9 
       ij-ikl-ljk |    72 |   52 | 3744 | 1.00 | 1.00 |      37.5 |        37.5 |          36.5 |       31.1 
       ij-kil-lkj |    72 |   52 | 5184 | 1.00 | 1.00 |      32.6 |        32.8 |          31.7 |       28.4 
       ijk-ikl-lj |  3744 |   52 |   72 | 1.00 | 1.00 |      44.4 |        44.3 |          43.7 |       28.5 
       ijk-il-jlk |    72 | 3744 |   52 | 1.00 | 1.00 |      40.7 |        39.6 |          39.3 |       38.8 
       ijk-ilk-jl |  3744 |   72 |   52 | 0.89 | 1.00 |      46.6 |        46.2 |          45.6 |       34.6 
       ijk-ilk-lj |  3744 |   52 |   72 | 0.89 | 1.00 |      44.2 |        44.0 |          43.4 |       30.0 
     ijk-ilmk-mjl |   480 |   20 |  480 | 0.67 | 1.00 |      37.4 |        37.5 |          36.8 |       28.3 
   ijkl-imjn-lnkm |   480 |  480 |  400 | 0.67 | 0.80 |      48.0 |        48.0 |          47.5 |       44.5 
   ijkl-imjn-nlmk |   480 |  400 |  480 | 0.67 | 0.81 |      48.0 |        48.1 |          47.6 |       43.6 
   ijkl-imkn-jnlm |   480 |  480 |  400 | 0.67 | 1.00 |      47.9 |        47.9 |          47.0 |       44.3 
   ijkl-imkn-njml |   480 |  400 |  480 | 0.67 | 0.81 |      48.1 |        48.1 |          47.4 |       43.3 
   ijkl-imln-jnkm |   480 |  480 |  400 | 0.67 | 1.00 |      48.1 |        48.1 |          47.3 |       44.5 
   ijkl-imln-njmk |   480 |  400 |  480 | 0.67 | 0.81 |      48.2 |        48.1 |          47.6 |       44.0 
   ijkl-imnj-nlkm |   480 |  400 |  480 | 0.67 | 0.81 |      48.2 |        48.2 |          47.7 |       44.4 
   ijkl-imnk-njml |   480 |  400 |  480 | 0.67 | 0.81 |      48.0 |        48.0 |          47.3 |       44.1 
   ijkl-minj-nlmk |   480 |  400 |  576 | 0.67 | 0.81 |      46.6 |        46.6 |          45.8 |       43.5 
   ijkl-mink-jnlm |   480 |  480 |  480 | 0.67 | 1.00 |      47.6 |        47.6 |          46.9 |       44.0 
   ijkl-minl-njmk |   480 |  400 |  576 | 0.67 | 0.81 |      46.6 |        46.7 |          45.8 |       44.1 
     aqrs-pa-pqrs |    24 | 8000 |   24 | 1.00 | 1.00 |      30.4 |        30.1 |          28.7 |       25.2 
     abrs-qb-aqrs |    20 | 9600 |   24 | 1.00 | 1.00 |      39.9 |        39.7 |          38.2 |       22.3 
     abcs-rc-abrs |    20 | 9600 |   24 | 1.00 | 1.00 |      34.0 |        33.9 |          33.0 |       23.4 
       abj-bka-kj |  5184 |   52 |   72 | 0.89 | 1.00 |      40.9 |        40.7 |          40.2 |       28.0 
       ajb-kba-jk |  3744 |   72 |   72 | 0.89 | 1.00 |      44.8 |        43.5 |          42.3 |       32.0 
     abjc-cbka-kj | 11520 |   20 |   24 | 0.67 | 1.00 |      24.2 |        24.4 |          22.9 |       22.8 
     ajbc-ckba-jk | 11520 |   24 |   20 | 1.00 | 1.00 |      27.6 |        27.8 |          24.8 |       21.2 
     abjc-kbac-jk |  9600 |   24 |   24 | 0.67 | 1.00 |      37.2 |        36.8 |          35.2 |       24.2 
   abjcd-dkbac-jk | 82944 |   24 |   12 | 0.67 | 1.00 |      22.1 |        22.1 |          20.5 |       16.1 
   adbjc-cbdka-kj | 82944 |   12 |   24 | 0.67 | 1.00 |      10.3 |        10.3 |          10.1 |       13.6 
   ajbdc-ckbad-jk | 82944 |   24 |   12 | 1.00 | 1.00 |      26.1 |        26.1 |          23.4 |       15.7 
 abcijk-ijma-mkbc |  4608 |  512 |   24 | 1.00 | 0.97 |      42.7 |        42.5 |          40.8 |       33.1 
 abcijk-ijmb-mkac |  1536 | 1536 |   24 | 1.00 | 0.75 |      44.7 |        44.7 |          42.3 |       33.2 
 abcijk-ijmc-mkab |  1536 | 1536 |   24 | 1.00 | 0.50 |      44.9 |        45.0 |          42.6 |       37.9 
 abcijk-ikma-mjbc |  4608 |  512 |   24 | 1.00 | 0.97 |      42.3 |        42.2 |          41.4 |       33.1 
 abcijk-ikmb-mjac |  1536 | 1536 |   24 | 1.00 | 0.75 |      45.0 |        44.9 |          42.8 |       33.9 
 abcijk-ikmc-mjab |  1536 | 1536 |   24 | 1.00 | 0.50 |      44.9 |        44.9 |          42.5 |       34.7 
 abcijk-jkma-mibc |  4608 |  512 |   24 | 1.00 | 0.97 |      42.4 |        42.4 |          40.9 |       36.0 
 abcijk-jkmb-miac |  1536 | 1536 |   24 | 1.00 | 0.75 |      44.5 |        44.6 |          42.4 |       29.5 
 abcijk-jkmc-miab |  1536 | 1536 |   24 | 1.00 | 0.50 |      44.8 |        44.9 |          42.4 |       36.8 
 abcijk-eiab-jkec |  1536 | 1536 |   24 | 1.00 | 0.50 |      44.8 |        44.8 |          42.4 |       37.0 
 abcijk-eiac-jkeb |  1536 | 1536 |   24 | 1.00 | 0.75 |      45.1 |        45.0 |          42.9 |       29.4 
 abcijk-eibc-jkea |   512 | 4608 |   24 | 1.00 | 0.97 |      42.7 |        42.4 |          40.8 |       35.9 
 abcijk-ejab-ikec |  1536 | 1536 |   24 | 1.00 | 0.50 |      44.9 |        44.9 |          42.6 |       35.5 
 abcijk-ejac-ikeb |  1536 | 1536 |   24 | 1.00 | 0.75 |      45.0 |        44.9 |          42.9 |       33.8 
 abcijk-ejbc-ikea |   512 | 4608 |   24 | 1.00 | 0.97 |      42.7 |        42.4 |          41.1 |       32.9 
 abcijk-ekab-ijec |  1536 | 1536 |   24 | 1.00 | 0.50 |      44.9 |        44.8 |          42.6 |       37.5 
 abcijk-ekac-ijeb |  1536 | 1536 |   24 | 1.00 | 0.75 |      44.7 |        44.7 |          42.3 |       32.9 
 abcijk-ekbc-ijea |   512 | 4608 |   24 | 1.00 | 0.97 |      42.6 |        42.3 |          40.8 |       33.0 
       abc-bk-akc |    72 | 3744 |   52 | 0.89 | 1.00 |      47.0 |        46.2 |          45.7 |       34.7 

=== complex efficiency ratio (c64 GF/s over f64 GF/s; 1.0 = no penalty) ===
             case | plan c64/f64 | packed c64/f64 | upstream c64/f64 | tblis c64/f64 
------------------+--------------+----------------+------------------+---------------
         ij-ik-kj |        0.948 |          1.013 |            1.013 |         1.379 
       ij-ikl-ljk |        0.984 |          0.982 |            0.986 |         1.421 
       ij-kil-lkj |        0.935 |          0.933 |            0.932 |         1.339 
       ijk-ikl-lj |        1.043 |          1.038 |            1.051 |         1.077 
       ijk-il-jlk |        0.951 |          0.906 |            0.951 |         1.337 
       ijk-ilk-jl |        1.023 |          1.014 |            1.036 |         1.138 
       ijk-ilk-lj |        1.035 |          1.030 |            1.044 |         1.116 
     ijk-ilmk-mjl |        1.055 |          1.053 |            1.054 |         1.738 
   ijkl-imjn-lnkm |        0.997 |          0.993 |            0.996 |         1.074 
   ijkl-imjn-nlmk |        0.978 |          0.978 |            0.982 |         1.080 
   ijkl-imkn-jnlm |        0.976 |          0.975 |            0.970 |         1.050 
   ijkl-imkn-njml |        0.972 |          0.973 |            0.976 |         1.063 
   ijkl-imln-jnkm |        0.983 |          0.979 |            0.979 |         1.047 
   ijkl-imln-njmk |        0.977 |          0.974 |            0.980 |         1.054 
   ijkl-imnj-nlkm |        0.983 |          0.981 |            0.985 |         1.049 
   ijkl-imnk-njml |        0.970 |          0.970 |            0.974 |         1.044 
   ijkl-minj-nlmk |        0.978 |          0.974 |            0.972 |         1.049 
   ijkl-mink-jnlm |        0.984 |          0.980 |            0.988 |         1.060 
   ijkl-minl-njmk |        0.969 |          0.966 |            0.966 |         1.065 
     aqrs-pa-pqrs |        0.626 |          0.920 |            0.931 |         1.796 
     abrs-qb-aqrs |        1.245 |          1.238 |            1.264 |         1.677 
     abcs-rc-abrs |        1.071 |          1.069 |            1.111 |         1.760 
       abj-bka-kj |        1.169 |          1.180 |            1.211 |         1.183 
       ajb-kba-jk |        1.031 |          0.992 |            0.995 |         1.083 
     abjc-cbka-kj |        1.201 |          1.209 |            1.376 |         1.767 
     ajbc-ckba-jk |        1.056 |          1.065 |            1.051 |         1.400 
     abjc-kbac-jk |        1.090 |          1.077 |            1.092 |         1.510 
   abjcd-dkbac-jk |        1.466 |          1.376 |            1.405 |         1.959 
   adbjc-cbdka-kj |        1.873 |          1.845 |            1.907 |         2.197 
   ajbdc-ckbad-jk |        1.628 |          1.631 |            1.655 |         1.792 
 abcijk-ijma-mkbc |        1.058 |          1.056 |            1.065 |         1.177 
 abcijk-ijmb-mkac |        1.062 |          1.051 |            1.046 |         1.264 
 abcijk-ijmc-mkab |        1.083 |          1.071 |            1.076 |         1.180 
 abcijk-ikma-mjbc |        1.054 |          1.046 |            1.081 |         1.171 
 abcijk-ikmb-mjac |        1.065 |          1.059 |            1.057 |         1.271 
 abcijk-ikmc-mjab |        1.082 |          1.075 |            1.068 |         1.190 
 abcijk-jkma-mibc |        1.058 |          1.051 |            1.066 |         1.147 
 abcijk-jkmb-miac |        1.064 |          1.045 |            1.045 |         1.374 
 abcijk-jkmc-miab |        1.073 |          1.068 |            1.064 |         1.226 
 abcijk-eiab-jkec |        1.072 |          1.067 |            1.072 |         1.227 
 abcijk-eiac-jkeb |        1.073 |          1.063 |            1.056 |         1.373 
 abcijk-eibc-jkea |        1.057 |          1.046 |            1.061 |         1.147 
 abcijk-ejab-ikec |        1.074 |          1.071 |            1.069 |         1.229 
 abcijk-ejac-ikeb |        1.070 |          1.059 |            1.066 |         1.263 
 abcijk-ejbc-ikea |        1.060 |          1.050 |            1.074 |         1.173 
 abcijk-ekab-ijec |        1.075 |          1.064 |            1.075 |         1.152 
 abcijk-ekac-ijeb |        1.076 |          1.051 |            1.047 |         1.272 
 abcijk-ekbc-ijea |        1.059 |          1.047 |            1.066 |         1.140 
       abc-bk-akc |        1.025 |          1.008 |            1.028 |         1.113 
             MEAN |        1.070 |          1.069 |            1.082 |         1.294 

wrote /home/shinaoka/projects/tensor4all/tprims-rs/benchmarks/benchmarks/tcbench/results/scaling-layout/candidate/A2-1m-1t.pending.csv
