# threads: requested=8 pool=8 budget=8
host        : shinaoka-EVO-X1Pro
target      : x86_64 / linux
cpu features: avx2 fma avx512f avx512dq 
caches      : L1=48KiB/12-way/2sh L2=1024KiB/16-way/2sh L3=16384KiB/16-way/8sh (via sysfs), blocking=legacy
l3 domains  : t1=1 t4=1 t8=2 t16=4
baselines   : tblis=true blas=false
tblis       : abi 2.x, 8 thread(s)

running 49 cases at 16 MiB nominal tensor size, 5 reps, stress=none


=== f64 ===
             case |      m |     n |     k | regA | regB | plan GF/s | packed GF/s | upstream GF/s | tblis GF/s 
------------------+--------+-------+-------+------+------+-----------+-------------+---------------+------------
         ij-ik-kj |   1464 |  1448 |  1464 | 0.00 | 0.00 |     283.7 |       254.9 |         248.0 |      319.2 
       ij-ikl-ljk |    144 |   128 | 18432 | 1.00 | 1.00 |     199.4 |       211.7 |         195.9 |      134.4 
       ij-kil-lkj |    144 |   128 | 20736 | 1.00 | 1.00 |     179.8 |       180.8 |         168.1 |      118.8 
       ijk-ikl-lj |  18432 |   128 |   144 | 1.00 | 1.00 |     281.5 |       280.3 |         276.9 |      163.5 
       ijk-il-jlk |    144 | 18432 |   128 | 1.00 | 1.00 |     262.4 |       266.2 |         242.4 |      260.8 
       ijk-ilk-jl |  18432 |   144 |   128 | 1.00 | 1.00 |     286.3 |       307.4 |         296.3 |      197.8 
       ijk-ilk-lj |  18432 |   128 |   144 | 1.00 | 1.00 |     269.1 |       306.8 |         291.8 |      183.3 
     ijk-ilmk-mjl |   1920 |    40 |  1920 | 1.00 | 1.00 |     172.3 |       222.0 |         185.4 |      149.8 
   ijkl-imjn-lnkm |   1920 |  1920 |  1600 | 1.00 | 1.00 |     330.3 |       331.1 |         323.1 |      325.1 
   ijkl-imjn-nlmk |   1920 |  1600 |  1920 | 1.00 | 1.00 |     328.1 |       329.0 |         321.7 |      321.7 
   ijkl-imkn-jnlm |   1920 |  1920 |  1600 | 1.00 | 1.00 |     352.6 |       352.5 |         338.5 |      322.3 
   ijkl-imkn-njml |   1920 |  1600 |  1920 | 1.00 | 1.00 |     341.5 |       341.5 |         331.1 |      322.4 
   ijkl-imln-jnkm |   1920 |  1920 |  1600 | 1.00 | 1.00 |     350.3 |       356.9 |         339.1 |      321.4 
   ijkl-imln-njmk |   1920 |  1600 |  1920 | 1.00 | 1.00 |     342.0 |       341.7 |         332.0 |      326.1 
   ijkl-imnj-nlkm |   1920 |  1600 |  1920 | 1.00 | 1.00 |     327.4 |       327.7 |         319.4 |      327.4 
   ijkl-imnk-njml |   1920 |  1600 |  1920 | 1.00 | 1.00 |     341.5 |       341.9 |         331.3 |      327.8 
   ijkl-minj-nlmk |   1920 |  1600 |  2304 | 1.00 | 1.00 |     324.8 |       324.7 |         317.6 |      311.2 
   ijkl-mink-jnlm |   1920 |  1920 |  1920 | 1.00 | 1.00 |     349.8 |       352.3 |         337.8 |      327.0 
   ijkl-minl-njmk |   1920 |  1600 |  2304 | 1.00 | 1.00 |     350.1 |       349.7 |         344.8 |      318.9 
     aqrs-pa-pqrs |     48 | 64000 |    48 | 0.00 | 0.00 |     185.0 |       172.3 |         153.8 |      106.1 
     abrs-qb-aqrs |     40 | 76800 |    48 | 1.00 | 1.00 |     183.0 |       186.0 |         175.3 |       96.1 
     abcs-rc-abrs |     40 | 76800 |    48 | 1.00 | 1.00 |     142.8 |       142.5 |         142.0 |       69.1 
       abj-bka-kj |  20736 |   128 |   144 | 1.00 | 1.00 |     175.8 |       173.1 |         170.1 |      116.6 
       ajb-kba-jk |  18432 |   144 |   144 | 1.00 | 1.00 |     274.6 |       283.0 |         264.5 |      197.2 
     abjc-cbka-kj |  92160 |    40 |    48 | 1.00 | 1.00 |      42.5 |        42.7 |          40.5 |       58.0 
     ajbc-ckba-jk |  92160 |    48 |    40 | 1.00 | 1.00 |      70.1 |        70.3 |          66.4 |       90.2 
     abjc-kbac-jk |  76800 |    48 |    48 | 1.00 | 1.00 |     144.0 |       146.4 |         136.9 |       72.5 
   abjcd-dkbac-jk | 230400 |    24 |    20 | 1.00 | 1.00 |      49.9 |        50.2 |          46.1 |       42.6 
   adbjc-cbdka-kj | 230400 |    20 |    24 | 1.00 | 1.00 |      27.7 |        27.6 |          26.3 |       23.9 
   ajbdc-ckbad-jk | 230400 |    24 |    20 | 1.00 | 1.00 |      50.5 |        50.4 |          46.5 |       46.7 
 abcijk-ijma-mkbc |   6912 |  1728 |    24 | 1.00 | 1.00 |     155.7 |       156.9 |         153.4 |      148.3 
 abcijk-ijmb-mkac |   3456 |  3456 |    24 | 1.00 | 0.67 |     161.0 |       159.5 |         152.7 |       87.8 
 abcijk-ijmc-mkab |   3456 |  3456 |    24 | 1.00 | 0.67 |     157.0 |       156.4 |         151.5 |      105.7 
 abcijk-ikma-mjbc |   6912 |  1728 |    24 | 1.00 | 1.00 |     157.3 |       157.0 |         152.5 |      145.8 
 abcijk-ikmb-mjac |   3456 |  3456 |    24 | 1.00 | 0.67 |     161.2 |       159.3 |         153.0 |      120.4 
 abcijk-ikmc-mjab |   3456 |  3456 |    24 | 1.00 | 0.67 |     157.8 |       155.5 |         151.4 |      104.8 
 abcijk-jkma-mibc |   6912 |  1728 |    24 | 1.00 | 1.00 |     154.7 |       154.8 |         151.4 |      149.0 
 abcijk-jkmb-miac |   3456 |  3456 |    24 | 1.00 | 0.67 |     161.0 |       158.9 |         153.0 |       77.2 
 abcijk-jkmc-miab |   3456 |  3456 |    24 | 1.00 | 0.67 |     156.4 |       156.5 |         153.1 |       84.4 
 abcijk-eiab-jkec |   3456 |  3456 |    24 | 1.00 | 0.67 |     156.4 |       158.0 |         152.0 |       86.1 
 abcijk-eiac-jkeb |   3456 |  3456 |    24 | 1.00 | 0.67 |     160.2 |       157.3 |         152.8 |       76.6 
 abcijk-eibc-jkea |   1728 |  6912 |    24 | 1.00 | 1.00 |     155.4 |       155.2 |         154.5 |      148.8 
 abcijk-ejab-ikec |   3456 |  3456 |    24 | 1.00 | 0.67 |     155.6 |       155.6 |         152.3 |      102.8 
 abcijk-ejac-ikeb |   3456 |  3456 |    24 | 1.00 | 0.67 |     160.5 |       159.6 |         152.2 |      119.9 
 abcijk-ejbc-ikea |   1728 |  6912 |    24 | 1.00 | 1.00 |     155.8 |       155.4 |         153.3 |      146.5 
 abcijk-ekab-ijec |   3456 |  3456 |    24 | 1.00 | 0.67 |     159.0 |       157.5 |         151.4 |      108.2 
 abcijk-ekac-ijeb |   3456 |  3456 |    24 | 1.00 | 0.67 |     162.2 |       159.4 |         151.7 |       84.7 
 abcijk-ekbc-ijea |   1728 |  6912 |    24 | 1.00 | 1.00 |     155.9 |       155.3 |         156.6 |      147.0 
       abc-bk-akc |    144 | 18432 |   128 | 1.00 | 1.00 |     300.2 |       307.9 |         295.6 |      192.9 

=== c64 ===
             case |      m |     n |     k | regA | regB | plan GF/s | packed GF/s | upstream GF/s | tblis GF/s 
------------------+--------+-------+-------+------+------+-----------+-------------+---------------+------------
         ij-ik-kj |   1464 |  1448 |  1464 | 1.00 | 1.00 |     348.9 |       349.3 |         342.2 |      359.7 
       ij-ikl-ljk |    144 |   128 | 18432 | 1.00 | 1.00 |     167.4 |       167.3 |         161.0 |      192.1 
       ij-kil-lkj |    144 |   128 | 20736 | 1.00 | 1.00 |     164.3 |       163.1 |         156.5 |      171.7 
       ijk-ikl-lj |  18432 |   128 |   144 | 1.00 | 1.00 |     349.3 |       348.1 |         337.8 |      231.3 
       ijk-il-jlk |    144 | 18432 |   128 | 1.00 | 1.00 |     202.2 |       202.2 |         201.0 |      329.5 
       ijk-ilk-jl |  18432 |   144 |   128 | 1.00 | 1.00 |     369.4 |       358.3 |         362.7 |      257.1 
       ijk-ilk-lj |  18432 |   128 |   144 | 1.00 | 1.00 |     358.1 |       358.7 |         347.9 |      250.4 
     ijk-ilmk-mjl |   1920 |    40 |  1920 | 1.00 | 1.00 |     247.4 |       272.7 |         261.0 |      201.8 
   ijkl-imjn-lnkm |   1920 |  1920 |  1600 | 1.00 | 0.90 |     347.9 |       347.1 |         339.6 |      352.5 
   ijkl-imjn-nlmk |   1920 |  1600 |  1920 | 1.00 | 0.90 |     353.1 |       352.8 |         348.9 |      351.4 
   ijkl-imkn-jnlm |   1920 |  1920 |  1600 | 1.00 | 1.00 |     361.9 |       362.1 |         355.5 |      345.1 
   ijkl-imkn-njml |   1920 |  1600 |  1920 | 1.00 | 0.90 |     358.9 |       358.7 |         352.6 |      351.1 
   ijkl-imln-jnkm |   1920 |  1920 |  1600 | 1.00 | 1.00 |     364.3 |       364.3 |         356.0 |      345.1 
   ijkl-imln-njmk |   1920 |  1600 |  1920 | 1.00 | 0.90 |     360.3 |       360.3 |         353.1 |      351.9 
   ijkl-imnj-nlkm |   1920 |  1600 |  1920 | 1.00 | 0.90 |     353.9 |       353.8 |         349.2 |      351.0 
   ijkl-imnk-njml |   1920 |  1600 |  1920 | 1.00 | 0.90 |     360.7 |       360.8 |         354.2 |      350.9 
   ijkl-minj-nlmk |   1920 |  1600 |  2304 | 1.00 | 0.90 |     355.4 |       355.2 |         351.0 |      347.4 
   ijkl-mink-jnlm |   1920 |  1920 |  1920 | 1.00 | 1.00 |     364.5 |       364.3 |         357.9 |      347.1 
   ijkl-minl-njmk |   1920 |  1600 |  2304 | 1.00 | 0.90 |     360.9 |       361.1 |         354.5 |      348.1 
     aqrs-pa-pqrs |     48 | 64000 |    48 | 1.00 | 1.00 |     269.4 |       271.9 |         260.9 |      201.5 
     abrs-qb-aqrs |     40 | 76800 |    48 | 1.00 | 1.00 |     282.7 |       288.5 |         279.7 |      144.1 
     abcs-rc-abrs |     40 | 76800 |    48 | 1.00 | 1.00 |     253.3 |       251.7 |         243.4 |      130.0 
       abj-bka-kj |  20736 |   128 |   144 | 1.00 | 1.00 |     284.4 |       283.8 |         276.3 |      194.9 
       ajb-kba-jk |  18432 |   144 |   144 | 1.00 | 1.00 |     364.9 |       368.4 |         362.7 |      267.2 
     abjc-cbka-kj |  92160 |    40 |    48 | 1.00 | 1.00 |     122.5 |       119.0 |         118.6 |      112.1 
     ajbc-ckba-jk |  92160 |    48 |    40 | 1.00 | 1.00 |      35.1 |        35.0 |          34.1 |      143.0 
     abjc-kbac-jk |  76800 |    48 |    48 | 1.00 | 1.00 |     198.8 |       208.5 |         195.0 |      128.9 
   abjcd-dkbac-jk | 230400 |    24 |    20 | 0.67 | 1.00 |     100.8 |       100.5 |          95.2 |       82.3 
   adbjc-cbdka-kj | 230400 |    20 |    24 | 0.67 | 1.00 |      65.9 |        66.2 |          63.3 |       61.4 
   ajbdc-ckbad-jk | 230400 |    24 |    20 | 1.00 | 1.00 |      34.8 |        33.8 |          30.9 |       91.7 
 abcijk-ijma-mkbc |   6912 |  1728 |    24 | 1.00 | 1.00 |     224.3 |       225.1 |         216.7 |      230.4 
 abcijk-ijmb-mkac |   3456 |  3456 |    24 | 1.00 | 1.00 |     257.8 |       267.4 |         279.3 |      171.9 
 abcijk-ijmc-mkab |   3456 |  3456 |    24 | 1.00 | 1.00 |     262.4 |       264.4 |         256.1 |      220.6 
 abcijk-ikma-mjbc |   6912 |  1728 |    24 | 1.00 | 1.00 |     220.0 |       218.0 |         217.1 |      231.7 
 abcijk-ikmb-mjac |   3456 |  3456 |    24 | 1.00 | 1.00 |     256.4 |       261.3 |         278.0 |      204.7 
 abcijk-ikmc-mjab |   3456 |  3456 |    24 | 1.00 | 1.00 |     261.0 |       262.5 |         256.6 |      196.8 
 abcijk-jkma-mibc |   6912 |  1728 |    24 | 1.00 | 1.00 |     223.3 |       225.1 |         217.6 |      231.6 
 abcijk-jkmb-miac |   3456 |  3456 |    24 | 1.00 | 1.00 |     285.2 |       283.4 |         268.0 |      135.8 
 abcijk-jkmc-miab |   3456 |  3456 |    24 | 1.00 | 1.00 |     262.0 |       261.0 |         255.4 |      156.6 
 abcijk-eiab-jkec |   3456 |  3456 |    24 | 1.00 | 1.00 |     259.0 |       258.7 |         252.8 |      156.2 
 abcijk-eiac-jkeb |   3456 |  3456 |    24 | 1.00 | 1.00 |     283.6 |       284.4 |         278.0 |      134.4 
 abcijk-eibc-jkea |   1728 |  6912 |    24 | 1.00 | 1.00 |     224.4 |       223.9 |         219.7 |      232.5 
 abcijk-ejab-ikec |   3456 |  3456 |    24 | 1.00 | 1.00 |     260.3 |       261.0 |         254.7 |      196.8 
 abcijk-ejac-ikeb |   3456 |  3456 |    24 | 1.00 | 1.00 |     272.8 |       271.8 |         257.0 |      206.2 
 abcijk-ejbc-ikea |   1728 |  6912 |    24 | 1.00 | 1.00 |     219.4 |       219.1 |         212.8 |      231.5 
 abcijk-ekab-ijec |   3456 |  3456 |    24 | 1.00 | 1.00 |     259.4 |       259.8 |         253.4 |      221.3 
 abcijk-ekac-ijeb |   3456 |  3456 |    24 | 1.00 | 1.00 |     253.9 |       252.7 |         274.6 |      170.1 
 abcijk-ekbc-ijea |   1728 |  6912 |    24 | 1.00 | 1.00 |     223.9 |       224.9 |         219.7 |      231.2 
       abc-bk-akc |    144 | 18432 |   128 | 1.00 | 1.00 |     364.9 |       352.7 |         358.7 |      258.2 

=== complex efficiency ratio (c64 GF/s over f64 GF/s; 1.0 = no penalty) ===
             case | plan c64/f64 | packed c64/f64 | upstream c64/f64 | tblis c64/f64 
------------------+--------------+----------------+------------------+---------------
         ij-ik-kj |        1.230 |          1.371 |            1.380 |         1.127 
       ij-ikl-ljk |        0.839 |          0.790 |            0.822 |         1.429 
       ij-kil-lkj |        0.914 |          0.902 |            0.931 |         1.445 
       ijk-ikl-lj |        1.241 |          1.242 |            1.220 |         1.415 
       ijk-il-jlk |        0.770 |          0.760 |            0.829 |         1.264 
       ijk-ilk-jl |        1.290 |          1.166 |            1.224 |         1.299 
       ijk-ilk-lj |        1.330 |          1.169 |            1.192 |         1.366 
     ijk-ilmk-mjl |        1.436 |          1.229 |            1.408 |         1.347 
   ijkl-imjn-lnkm |        1.053 |          1.048 |            1.051 |         1.084 
   ijkl-imjn-nlmk |        1.076 |          1.072 |            1.085 |         1.092 
   ijkl-imkn-jnlm |        1.026 |          1.027 |            1.050 |         1.071 
   ijkl-imkn-njml |        1.051 |          1.050 |            1.065 |         1.089 
   ijkl-imln-jnkm |        1.040 |          1.021 |            1.050 |         1.074 
   ijkl-imln-njmk |        1.054 |          1.055 |            1.064 |         1.079 
   ijkl-imnj-nlkm |        1.081 |          1.080 |            1.093 |         1.072 
   ijkl-imnk-njml |        1.056 |          1.055 |            1.069 |         1.070 
   ijkl-minj-nlmk |        1.094 |          1.094 |            1.105 |         1.116 
   ijkl-mink-jnlm |        1.042 |          1.034 |            1.060 |         1.062 
   ijkl-minl-njmk |        1.031 |          1.032 |            1.028 |         1.091 
     aqrs-pa-pqrs |        1.456 |          1.578 |            1.697 |         1.898 
     abrs-qb-aqrs |        1.545 |          1.552 |            1.595 |         1.499 
     abcs-rc-abrs |        1.774 |          1.767 |            1.715 |         1.881 
       abj-bka-kj |        1.618 |          1.640 |            1.625 |         1.671 
       ajb-kba-jk |        1.329 |          1.302 |            1.371 |         1.355 
     abjc-cbka-kj |        2.881 |          2.785 |            2.932 |         1.932 
     ajbc-ckba-jk |        0.500 |          0.498 |            0.513 |         1.586 
     abjc-kbac-jk |        1.381 |          1.424 |            1.425 |         1.778 
   abjcd-dkbac-jk |        2.018 |          2.003 |            2.067 |         1.931 
   adbjc-cbdka-kj |        2.383 |          2.397 |            2.410 |         2.574 
   ajbdc-ckbad-jk |        0.689 |          0.671 |            0.664 |         1.964 
 abcijk-ijma-mkbc |        1.440 |          1.434 |            1.412 |         1.553 
 abcijk-ijmb-mkac |        1.601 |          1.677 |            1.829 |         1.959 
 abcijk-ijmc-mkab |        1.671 |          1.691 |            1.690 |         2.087 
 abcijk-ikma-mjbc |        1.399 |          1.388 |            1.424 |         1.589 
 abcijk-ikmb-mjac |        1.591 |          1.640 |            1.817 |         1.700 
 abcijk-ikmc-mjab |        1.654 |          1.688 |            1.695 |         1.879 
 abcijk-jkma-mibc |        1.444 |          1.454 |            1.438 |         1.554 
 abcijk-jkmb-miac |        1.772 |          1.784 |            1.751 |         1.758 
 abcijk-jkmc-miab |        1.675 |          1.668 |            1.668 |         1.856 
 abcijk-eiab-jkec |        1.657 |          1.637 |            1.663 |         1.814 
 abcijk-eiac-jkeb |        1.770 |          1.807 |            1.819 |         1.754 
 abcijk-eibc-jkea |        1.444 |          1.443 |            1.422 |         1.562 
 abcijk-ejab-ikec |        1.672 |          1.677 |            1.672 |         1.915 
 abcijk-ejac-ikeb |        1.700 |          1.703 |            1.689 |         1.720 
 abcijk-ejbc-ikea |        1.408 |          1.410 |            1.388 |         1.580 
 abcijk-ekab-ijec |        1.631 |          1.649 |            1.674 |         2.046 
 abcijk-ekac-ijeb |        1.565 |          1.586 |            1.809 |         2.009 
 abcijk-ekbc-ijea |        1.437 |          1.448 |            1.404 |         1.573 
       abc-bk-akc |        1.216 |          1.145 |            1.213 |         1.339 
             MEAN |        1.387 |          1.383 |            1.413 |         1.549 

wrote /home/shinaoka/projects/tensor4all/tprims-rs/benchmarks/benchmarks/tcbench/results/scaling-layout/candidate/A2-16m-8t.pending.csv
