# threads: requested=4 pool=4 budget=4
host        : shinaoka-EVO-X1Pro
target      : x86_64 / linux
cpu features: avx2 fma avx512f avx512dq 
caches      : L1=48KiB/12-way/2sh L2=1024KiB/16-way/2sh L3=16384KiB/16-way/8sh (via sysfs), blocking=legacy
l3 domains  : t1=1 t4=1 t8=2
baselines   : tblis=true blas=false
tblis       : abi 2.x, 4 thread(s)

running 49 cases at 1 MiB nominal tensor size, 5 reps, stress=none


=== f64 ===
             case |     m |    n |    k | regA | regB | plan GF/s | packed GF/s | upstream GF/s | tblis GF/s 
------------------+-------+------+------+------+------+-----------+-------------+---------------+------------
         ij-ik-kj |   384 |  364 |  384 | 0.00 | 0.00 |     144.0 |       132.9 |         120.2 |      105.4 
       ij-ikl-ljk |    72 |   52 | 3744 | 1.00 | 1.00 |      64.1 |        64.7 |          52.6 |       38.0 
       ij-kil-lkj |    72 |   52 | 5184 | 1.00 | 1.00 |      61.0 |        61.7 |          51.9 |       38.0 
       ijk-ikl-lj |  3744 |   52 |   72 | 1.00 | 1.00 |     113.8 |       114.1 |          87.7 |       68.6 
       ijk-il-jlk |    72 | 3744 |   52 | 1.00 | 1.00 |      38.6 |       118.7 |          94.2 |       76.2 
       ijk-ilk-jl |  3744 |   72 |   52 | 1.00 | 1.00 |     121.4 |       123.9 |          90.8 |       80.0 
       ijk-ilk-lj |  3744 |   52 |   72 | 1.00 | 1.00 |     130.5 |       132.1 |         103.4 |       81.6 
     ijk-ilmk-mjl |   480 |   20 |  480 | 1.00 | 1.00 |     115.0 |       114.7 |          68.9 |       51.7 
   ijkl-imjn-lnkm |   480 |  480 |  400 | 1.00 | 0.80 |     187.0 |       187.5 |         171.6 |      149.7 
   ijkl-imjn-nlmk |   480 |  400 |  480 | 1.00 | 0.80 |     187.9 |       192.4 |         177.8 |      147.7 
   ijkl-imkn-jnlm |   480 |  480 |  400 | 1.00 | 1.00 |     192.8 |       193.1 |         175.7 |      152.8 
   ijkl-imkn-njml |   480 |  400 |  480 | 1.00 | 0.80 |     189.3 |       193.8 |         176.6 |      152.4 
   ijkl-imln-jnkm |   480 |  480 |  400 | 1.00 | 1.00 |     192.1 |       193.0 |         175.4 |      153.2 
   ijkl-imln-njmk |   480 |  400 |  480 | 1.00 | 0.80 |     192.7 |       193.3 |         179.7 |      152.9 
   ijkl-imnj-nlkm |   480 |  400 |  480 | 1.00 | 0.80 |     191.8 |       192.2 |         176.2 |      150.8 
   ijkl-imnk-njml |   480 |  400 |  480 | 1.00 | 0.80 |     193.2 |       194.3 |         177.9 |      152.0 
   ijkl-minj-nlmk |   480 |  400 |  576 | 1.00 | 0.80 |     186.4 |       187.2 |         171.3 |      146.1 
   ijkl-mink-jnlm |   480 |  480 |  480 | 1.00 | 1.00 |     184.5 |       189.8 |         174.4 |      151.6 
   ijkl-minl-njmk |   480 |  400 |  576 | 1.00 | 0.80 |     185.9 |       189.2 |         175.7 |      152.2 
     aqrs-pa-pqrs |    24 | 8000 |   24 | 0.00 | 0.00 |      45.4 |        31.5 |          72.6 |       43.2 
     abrs-qb-aqrs |    20 | 9600 |   24 | 1.00 | 1.00 |     104.3 |       106.7 |          69.6 |       39.7 
     abcs-rc-abrs |    20 | 9600 |   24 | 1.00 | 1.00 |     108.5 |       107.0 |          62.0 |       40.3 
       abj-bka-kj |  5184 |   52 |   72 | 1.00 | 1.00 |     130.0 |       129.1 |         107.1 |       83.1 
       ajb-kba-jk |  3744 |   72 |   72 | 1.00 | 1.00 |     163.0 |       169.7 |         129.1 |      113.2 
     abjc-cbka-kj | 11520 |   20 |   24 | 1.00 | 1.00 |      50.3 |        49.7 |          38.9 |       38.4 
     ajbc-ckba-jk | 11520 |   24 |   20 | 1.00 | 1.00 |      78.2 |        77.2 |          52.1 |       44.4 
     abjc-kbac-jk |  9600 |   24 |   24 | 1.00 | 1.00 |     113.2 |       115.3 |          74.9 |       47.9 
   abjcd-dkbac-jk | 82944 |   24 |   12 | 1.00 | 1.00 |      36.6 |        37.9 |          33.9 |       23.2 
   adbjc-cbdka-kj | 82944 |   12 |   24 | 1.00 | 1.00 |       9.5 |         9.4 |           8.6 |       18.2 
   ajbdc-ckbad-jk | 82944 |   24 |   12 | 1.00 | 1.00 |      38.9 |        39.6 |          34.1 |       24.4 
 abcijk-ijma-mkbc |  4608 |  512 |   24 | 1.00 | 1.00 |     133.5 |       142.1 |         116.8 |      100.1 
 abcijk-ijmb-mkac |  1536 | 1536 |   24 | 1.00 | 1.00 |     143.0 |       149.7 |         133.2 |       62.8 
 abcijk-ijmc-mkab |  1536 | 1536 |   24 | 1.00 | 1.00 |     136.2 |       146.8 |         118.7 |       97.0 
 abcijk-ikma-mjbc |  4608 |  512 |   24 | 1.00 | 1.00 |     132.1 |       134.7 |         114.6 |      100.5 
 abcijk-ikmb-mjac |  1536 | 1536 |   24 | 1.00 | 1.00 |     136.3 |       142.2 |         130.2 |       95.7 
 abcijk-ikmc-mjab |  1536 | 1536 |   24 | 1.00 | 1.00 |     140.4 |       138.6 |         113.4 |       85.9 
 abcijk-jkma-mibc |  4608 |  512 |   24 | 1.00 | 1.00 |     133.0 |       139.0 |         120.9 |      110.6 
 abcijk-jkmb-miac |  1536 | 1536 |   24 | 1.00 | 1.00 |     143.6 |       151.5 |         120.0 |       60.6 
 abcijk-jkmc-miab |  1536 | 1536 |   24 | 1.00 | 1.00 |     144.0 |       147.2 |         120.5 |       78.5 
 abcijk-eiab-jkec |  1536 | 1536 |   24 | 1.00 | 1.00 |     144.3 |       142.5 |         125.2 |       83.2 
 abcijk-eiac-jkeb |  1536 | 1536 |   24 | 1.00 | 1.00 |     146.1 |       142.4 |         125.7 |       60.4 
 abcijk-eibc-jkea |   512 | 4608 |   24 | 1.00 | 1.00 |     137.5 |       140.8 |         114.3 |      110.5 
 abcijk-ejab-ikec |  1536 | 1536 |   24 | 1.00 | 1.00 |     140.7 |       129.2 |         125.4 |       83.9 
 abcijk-ejac-ikeb |  1536 | 1536 |   24 | 1.00 | 1.00 |     134.7 |       151.2 |         122.8 |       95.8 
 abcijk-ejbc-ikea |   512 | 4608 |   24 | 1.00 | 1.00 |     120.2 |       139.3 |         117.1 |      100.1 
 abcijk-ekab-ijec |  1536 | 1536 |   24 | 1.00 | 1.00 |     139.1 |       144.9 |         122.3 |       97.6 
 abcijk-ekac-ijeb |  1536 | 1536 |   24 | 1.00 | 1.00 |     146.1 |       153.1 |         129.6 |       63.3 
 abcijk-ekbc-ijea |   512 | 4608 |   24 | 1.00 | 1.00 |     117.6 |       138.4 |         118.7 |       99.7 
       abc-bk-akc |    72 | 3744 |   52 | 1.00 | 1.00 |      97.0 |       168.8 |         122.0 |      107.9 

=== c64 ===
             case |     m |    n |    k | regA | regB | plan GF/s | packed GF/s | upstream GF/s | tblis GF/s 
------------------+-------+------+------+------+------+-----------+-------------+---------------+------------
         ij-ik-kj |   384 |  364 |  384 | 1.00 | 1.00 |     137.8 |       137.7 |         130.8 |      125.2 
       ij-ikl-ljk |    72 |   52 | 3744 | 1.00 | 1.00 |      64.4 |        64.9 |          60.5 |       76.5 
       ij-kil-lkj |    72 |   52 | 5184 | 1.00 | 1.00 |      60.7 |        60.3 |          55.6 |       74.6 
       ijk-ikl-lj |  3744 |   52 |   72 | 1.00 | 1.00 |     120.5 |       123.7 |         112.8 |       90.6 
       ijk-il-jlk |    72 | 3744 |   52 | 1.00 | 1.00 |      71.1 |        71.0 |          68.0 |      109.3 
       ijk-ilk-jl |  3744 |   72 |   52 | 0.89 | 1.00 |     135.4 |       136.2 |         127.9 |      116.5 
       ijk-ilk-lj |  3744 |   52 |   72 | 0.89 | 1.00 |     148.2 |       151.9 |         141.8 |      110.5 
     ijk-ilmk-mjl |   480 |   20 |  480 | 0.67 | 1.00 |     124.2 |       125.7 |         102.3 |      109.7 
   ijkl-imjn-lnkm |   480 |  480 |  400 | 0.67 | 0.80 |     172.7 |       173.1 |         168.2 |      171.4 
   ijkl-imjn-nlmk |   480 |  400 |  480 | 0.67 | 0.81 |     174.5 |       176.2 |         171.5 |      165.4 
   ijkl-imkn-jnlm |   480 |  480 |  400 | 0.67 | 1.00 |     174.5 |       174.5 |         169.8 |      169.6 
   ijkl-imkn-njml |   480 |  400 |  480 | 0.67 | 0.81 |     175.2 |       175.7 |         171.7 |      165.6 
   ijkl-imln-jnkm |   480 |  480 |  400 | 0.67 | 1.00 |     174.1 |       174.0 |         169.9 |      169.0 
   ijkl-imln-njmk |   480 |  400 |  480 | 0.67 | 0.81 |     174.7 |       176.2 |         171.8 |      167.3 
   ijkl-imnj-nlkm |   480 |  400 |  480 | 0.67 | 0.81 |     173.3 |       174.5 |         170.2 |      169.6 
   ijkl-imnk-njml |   480 |  400 |  480 | 0.67 | 0.81 |     174.3 |       174.1 |         171.6 |      169.8 
   ijkl-minj-nlmk |   480 |  400 |  576 | 0.67 | 0.81 |     168.5 |       169.6 |         164.6 |      164.3 
   ijkl-mink-jnlm |   480 |  480 |  480 | 0.67 | 1.00 |     173.8 |       172.4 |         168.0 |      165.4 
   ijkl-minl-njmk |   480 |  400 |  576 | 0.67 | 0.81 |     170.4 |       133.6 |         166.0 |      166.0 
     aqrs-pa-pqrs |    24 | 8000 |   24 | 1.00 | 1.00 |     102.3 |       104.1 |          87.3 |       90.9 
     abrs-qb-aqrs |    20 | 9600 |   24 | 1.00 | 1.00 |     147.8 |       150.1 |         118.9 |       79.4 
     abcs-rc-abrs |    20 | 9600 |   24 | 1.00 | 1.00 |     130.3 |       130.9 |         107.7 |       79.4 
       abj-bka-kj |  5184 |   52 |   72 | 0.89 | 1.00 |     154.3 |       154.0 |         142.2 |       99.2 
       ajb-kba-jk |  3744 |   72 |   72 | 0.89 | 1.00 |     174.1 |       171.9 |         158.2 |      125.7 
     abjc-cbka-kj | 11520 |   20 |   24 | 0.67 | 1.00 |      97.3 |        91.8 |          76.5 |       69.7 
     ajbc-ckba-jk | 11520 |   24 |   20 | 1.00 | 1.00 |      95.4 |       103.4 |          83.4 |       68.9 
     abjc-kbac-jk |  9600 |   24 |   24 | 0.67 | 1.00 |     149.3 |       147.9 |         117.9 |       81.7 
   abjcd-dkbac-jk | 82944 |   24 |   12 | 0.67 | 1.00 |      61.3 |        61.7 |          57.2 |       47.4 
   adbjc-cbdka-kj | 82944 |   12 |   24 | 0.67 | 1.00 |      30.4 |        30.0 |          28.7 |       36.1 
   ajbdc-ckbad-jk | 82944 |   24 |   12 | 1.00 | 1.00 |      61.5 |        60.6 |          56.4 |       49.2 
 abcijk-ijma-mkbc |  4608 |  512 |   24 | 1.00 | 0.97 |     156.1 |       155.0 |         149.4 |      124.0 
 abcijk-ijmb-mkac |  1536 | 1536 |   24 | 1.00 | 0.75 |     175.8 |       175.9 |         162.5 |      112.0 
 abcijk-ijmc-mkab |  1536 | 1536 |   24 | 1.00 | 0.50 |     175.3 |       169.4 |         159.9 |      136.5 
 abcijk-ikma-mjbc |  4608 |  512 |   24 | 1.00 | 0.97 |     160.4 |       159.2 |         150.7 |      125.0 
 abcijk-ikmb-mjac |  1536 | 1536 |   24 | 1.00 | 0.75 |     176.9 |       174.3 |         159.0 |      123.4 
 abcijk-ikmc-mjab |  1536 | 1536 |   24 | 1.00 | 0.50 |     171.5 |       168.6 |         160.2 |      127.3 
 abcijk-jkma-mibc |  4608 |  512 |   24 | 1.00 | 0.97 |     161.2 |       157.2 |         149.3 |      136.1 
 abcijk-jkmb-miac |  1536 | 1536 |   24 | 1.00 | 0.75 |     172.3 |       172.3 |         158.4 |      104.3 
 abcijk-jkmc-miab |  1536 | 1536 |   24 | 1.00 | 0.50 |     167.9 |       167.5 |         155.7 |      124.0 
 abcijk-eiab-jkec |  1536 | 1536 |   24 | 1.00 | 0.50 |     167.2 |       162.9 |         154.8 |      125.9 
 abcijk-eiac-jkeb |  1536 | 1536 |   24 | 1.00 | 0.75 |     173.6 |       175.2 |         159.2 |       99.0 
 abcijk-eibc-jkea |   512 | 4608 |   24 | 1.00 | 0.97 |     160.1 |       160.8 |         149.2 |      135.5 
 abcijk-ejab-ikec |  1536 | 1536 |   24 | 1.00 | 0.50 |     175.1 |       167.8 |         159.1 |      127.7 
 abcijk-ejac-ikeb |  1536 | 1536 |   24 | 1.00 | 0.75 |     175.7 |       173.2 |         159.3 |      123.1 
 abcijk-ejbc-ikea |   512 | 4608 |   24 | 1.00 | 0.97 |     159.9 |       160.0 |         150.2 |      124.0 
 abcijk-ekab-ijec |  1536 | 1536 |   24 | 1.00 | 0.50 |     169.5 |       166.9 |         158.4 |      134.0 
 abcijk-ekac-ijeb |  1536 | 1536 |   24 | 1.00 | 0.75 |     176.2 |       176.0 |         160.5 |      112.2 
 abcijk-ekbc-ijea |   512 | 4608 |   24 | 1.00 | 0.97 |     159.4 |       160.4 |         149.8 |      124.2 
       abc-bk-akc |    72 | 3744 |   52 | 0.89 | 1.00 |     181.3 |       178.0 |         162.8 |      142.9 

=== complex efficiency ratio (c64 GF/s over f64 GF/s; 1.0 = no penalty) ===
             case | plan c64/f64 | packed c64/f64 | upstream c64/f64 | tblis c64/f64 
------------------+--------------+----------------+------------------+---------------
         ij-ik-kj |        0.957 |          1.036 |            1.088 |         1.188 
       ij-ikl-ljk |        1.005 |          1.003 |            1.151 |         2.011 
       ij-kil-lkj |        0.995 |          0.977 |            1.070 |         1.964 
       ijk-ikl-lj |        1.059 |          1.084 |            1.286 |         1.320 
       ijk-il-jlk |        1.843 |          0.598 |            0.722 |         1.435 
       ijk-ilk-jl |        1.116 |          1.099 |            1.408 |         1.455 
       ijk-ilk-lj |        1.136 |          1.150 |            1.372 |         1.353 
     ijk-ilmk-mjl |        1.079 |          1.097 |            1.484 |         2.122 
   ijkl-imjn-lnkm |        0.924 |          0.923 |            0.980 |         1.144 
   ijkl-imjn-nlmk |        0.928 |          0.916 |            0.964 |         1.120 
   ijkl-imkn-jnlm |        0.905 |          0.904 |            0.966 |         1.110 
   ijkl-imkn-njml |        0.925 |          0.906 |            0.972 |         1.086 
   ijkl-imln-jnkm |        0.906 |          0.901 |            0.969 |         1.103 
   ijkl-imln-njmk |        0.906 |          0.912 |            0.956 |         1.094 
   ijkl-imnj-nlkm |        0.904 |          0.908 |            0.966 |         1.125 
   ijkl-imnk-njml |        0.902 |          0.896 |            0.965 |         1.117 
   ijkl-minj-nlmk |        0.904 |          0.906 |            0.961 |         1.125 
   ijkl-mink-jnlm |        0.942 |          0.908 |            0.964 |         1.091 
   ijkl-minl-njmk |        0.916 |          0.706 |            0.945 |         1.090 
     aqrs-pa-pqrs |        2.254 |          3.309 |            1.203 |         2.103 
     abrs-qb-aqrs |        1.417 |          1.406 |            1.707 |         2.000 
     abcs-rc-abrs |        1.200 |          1.223 |            1.737 |         1.972 
       abj-bka-kj |        1.187 |          1.193 |            1.327 |         1.194 
       ajb-kba-jk |        1.068 |          1.013 |            1.225 |         1.110 
     abjc-cbka-kj |        1.933 |          1.847 |            1.963 |         1.815 
     ajbc-ckba-jk |        1.221 |          1.338 |            1.601 |         1.551 
     abjc-kbac-jk |        1.319 |          1.283 |            1.573 |         1.704 
   abjcd-dkbac-jk |        1.675 |          1.626 |            1.686 |         2.049 
   adbjc-cbdka-kj |        3.208 |          3.189 |            3.341 |         1.987 
   ajbdc-ckbad-jk |        1.580 |          1.529 |            1.655 |         2.018 
 abcijk-ijma-mkbc |        1.169 |          1.090 |            1.279 |         1.239 
 abcijk-ijmb-mkac |        1.229 |          1.175 |            1.220 |         1.784 
 abcijk-ijmc-mkab |        1.287 |          1.154 |            1.347 |         1.407 
 abcijk-ikma-mjbc |        1.214 |          1.182 |            1.315 |         1.244 
 abcijk-ikmb-mjac |        1.298 |          1.226 |            1.221 |         1.290 
 abcijk-ikmc-mjab |        1.221 |          1.217 |            1.413 |         1.483 
 abcijk-jkma-mibc |        1.212 |          1.131 |            1.235 |         1.231 
 abcijk-jkmb-miac |        1.199 |          1.137 |            1.320 |         1.720 
 abcijk-jkmc-miab |        1.166 |          1.138 |            1.292 |         1.580 
 abcijk-eiab-jkec |        1.159 |          1.143 |            1.237 |         1.513 
 abcijk-eiac-jkeb |        1.188 |          1.230 |            1.266 |         1.639 
 abcijk-eibc-jkea |        1.165 |          1.143 |            1.305 |         1.226 
 abcijk-ejab-ikec |        1.244 |          1.299 |            1.269 |         1.522 
 abcijk-ejac-ikeb |        1.304 |          1.145 |            1.297 |         1.285 
 abcijk-ejbc-ikea |        1.330 |          1.149 |            1.283 |         1.239 
 abcijk-ekab-ijec |        1.218 |          1.151 |            1.295 |         1.372 
 abcijk-ekac-ijeb |        1.206 |          1.149 |            1.239 |         1.772 
 abcijk-ekbc-ijea |        1.355 |          1.159 |            1.261 |         1.245 
       abc-bk-akc |        1.870 |          1.055 |            1.334 |         1.324 
             MEAN |        1.252 |          1.201 |            1.299 |         1.463 

wrote /home/shinaoka/projects/tensor4all/tprims-rs/benchmarks/benchmarks/tcbench/results/scaling-layout/candidate/A2-1m-4t.pending.csv
