# threads: requested=4 pool=4 budget=4
host        : shinaoka-EVO-X1Pro
target      : x86_64 / linux
cpu features: avx2 fma avx512f avx512dq 
caches      : L1=48KiB/12-way/2sh L2=1024KiB/16-way/2sh L3=16384KiB/16-way/8sh (via sysfs), blocking=legacy
l3 domains  : t1=1 t4=1 t8=2
baselines   : tblis=true blas=false
tblis       : abi 2.x, 4 thread(s)

running 49 cases at 16 MiB nominal tensor size, 5 reps, stress=none


=== f64 ===
             case |      m |     n |     k | regA | regB | plan GF/s | packed GF/s | upstream GF/s | tblis GF/s 
------------------+--------+-------+-------+------+------+-----------+-------------+---------------+------------
         ij-ik-kj |   1464 |  1448 |  1464 | 0.00 | 0.00 |     144.0 |       130.1 |         126.6 |      173.7 
       ij-ikl-ljk |    144 |   128 | 18432 | 1.00 | 1.00 |     102.5 |       102.5 |          98.2 |       89.1 
       ij-kil-lkj |    144 |   128 | 20736 | 1.00 | 1.00 |      97.8 |        98.0 |          95.6 |       80.0 
       ijk-ikl-lj |  18432 |   128 |   144 | 1.00 | 1.00 |     154.4 |       157.6 |         159.4 |      104.7 
       ijk-il-jlk |    144 | 18432 |   128 | 1.00 | 1.00 |     113.2 |       113.7 |         105.2 |      141.1 
       ijk-ilk-jl |  18432 |   144 |   128 | 1.00 | 1.00 |     163.2 |       168.6 |         164.3 |      121.1 
       ijk-ilk-lj |  18432 |   128 |   144 | 1.00 | 1.00 |     164.7 |       164.1 |         162.8 |      116.6 
     ijk-ilmk-mjl |   1920 |    40 |  1920 | 1.00 | 1.00 |     123.9 |       126.7 |         130.1 |       83.3 
   ijkl-imjn-lnkm |   1920 |  1920 |  1600 | 1.00 | 1.00 |     180.1 |       180.0 |         175.7 |      176.7 
   ijkl-imjn-nlmk |   1920 |  1600 |  1920 | 1.00 | 1.00 |     181.2 |       181.3 |         177.5 |      172.0 
   ijkl-imkn-jnlm |   1920 |  1920 |  1600 | 1.00 | 1.00 |     181.9 |       182.3 |         176.9 |      177.9 
   ijkl-imkn-njml |   1920 |  1600 |  1920 | 1.00 | 1.00 |     182.4 |       182.0 |         177.0 |      171.2 
   ijkl-imln-jnkm |   1920 |  1920 |  1600 | 1.00 | 1.00 |     182.9 |       183.2 |         176.7 |      176.6 
   ijkl-imln-njmk |   1920 |  1600 |  1920 | 1.00 | 1.00 |     181.4 |       181.8 |         177.7 |      173.5 
   ijkl-imnj-nlkm |   1920 |  1600 |  1920 | 1.00 | 1.00 |     181.0 |       181.1 |         177.5 |      174.4 
   ijkl-imnk-njml |   1920 |  1600 |  1920 | 1.00 | 1.00 |     182.7 |       181.9 |         177.5 |      175.1 
   ijkl-minj-nlmk |   1920 |  1600 |  2304 | 1.00 | 1.00 |     177.5 |       178.0 |         174.6 |      170.4 
   ijkl-mink-jnlm |   1920 |  1920 |  1920 | 1.00 | 1.00 |     180.7 |       181.1 |         174.8 |      178.1 
   ijkl-minl-njmk |   1920 |  1600 |  2304 | 1.00 | 1.00 |     178.2 |       179.0 |         177.6 |      171.2 
     aqrs-pa-pqrs |     48 | 64000 |    48 | 0.00 | 0.00 |     118.2 |       110.3 |          98.5 |       61.5 
     abrs-qb-aqrs |     40 | 76800 |    48 | 1.00 | 1.00 |     122.7 |       126.1 |         121.9 |       62.8 
     abcs-rc-abrs |     40 | 76800 |    48 | 1.00 | 1.00 |     104.8 |       118.0 |         103.6 |       55.4 
       abj-bka-kj |  20736 |   128 |   144 | 1.00 | 1.00 |     136.7 |       135.8 |         131.5 |       81.4 
       ajb-kba-jk |  18432 |   144 |   144 | 1.00 | 1.00 |     161.6 |       159.2 |         156.4 |      125.2 
     abjc-cbka-kj |  92160 |    40 |    48 | 1.00 | 1.00 |      28.5 |        28.3 |          26.6 |       40.7 
     ajbc-ckba-jk |  92160 |    48 |    40 | 1.00 | 1.00 |      47.2 |        47.3 |          45.3 |       65.1 
     abjc-kbac-jk |  76800 |    48 |    48 | 1.00 | 1.00 |      97.5 |        97.5 |          93.3 |       54.0 
   abjcd-dkbac-jk | 230400 |    24 |    20 | 1.00 | 1.00 |      31.5 |        31.5 |          29.7 |       30.0 
   adbjc-cbdka-kj | 230400 |    20 |    24 | 1.00 | 1.00 |      16.4 |        16.5 |          15.9 |       18.2 
   ajbdc-ckbad-jk | 230400 |    24 |    20 | 1.00 | 1.00 |      31.4 |        31.5 |          29.7 |       32.4 
 abcijk-ijma-mkbc |   6912 |  1728 |    24 | 1.00 | 1.00 |     130.7 |       131.1 |         122.2 |      109.6 
 abcijk-ijmb-mkac |   3456 |  3456 |    24 | 1.00 | 0.67 |     124.1 |       124.3 |         117.0 |       66.1 
 abcijk-ijmc-mkab |   3456 |  3456 |    24 | 1.00 | 0.67 |     125.5 |       125.0 |         112.4 |       83.4 
 abcijk-ikma-mjbc |   6912 |  1728 |    24 | 1.00 | 1.00 |      88.5 |       130.3 |         122.2 |      109.3 
 abcijk-ikmb-mjac |   3456 |  3456 |    24 | 1.00 | 0.67 |     123.0 |       123.8 |         117.3 |       89.4 
 abcijk-ikmc-mjab |   3456 |  3456 |    24 | 1.00 | 0.67 |     124.3 |       125.7 |         112.9 |       76.1 
 abcijk-jkma-mibc |   6912 |  1728 |    24 | 1.00 | 1.00 |     132.6 |       133.7 |         123.2 |      110.7 
 abcijk-jkmb-miac |   3456 |  3456 |    24 | 1.00 | 0.67 |     123.0 |       123.1 |         114.4 |       49.3 
 abcijk-jkmc-miab |   3456 |  3456 |    24 | 1.00 | 0.67 |     125.5 |       125.8 |         113.1 |       60.7 
 abcijk-eiab-jkec |   3456 |  3456 |    24 | 1.00 | 0.67 |     126.6 |       126.9 |         113.5 |       61.6 
 abcijk-eiac-jkeb |   3456 |  3456 |    24 | 1.00 | 0.67 |     123.3 |       123.0 |         115.7 |       48.2 
 abcijk-eibc-jkea |   1728 |  6912 |    24 | 1.00 | 1.00 |     123.3 |       133.3 |         124.5 |      110.8 
 abcijk-ejab-ikec |   3456 |  3456 |    24 | 1.00 | 0.67 |     125.5 |       125.5 |         112.0 |       75.6 
 abcijk-ejac-ikeb |   3456 |  3456 |    24 | 1.00 | 0.67 |     124.1 |       124.6 |         116.4 |       90.3 
 abcijk-ejbc-ikea |   1728 |  6912 |    24 | 1.00 | 1.00 |     120.8 |       130.5 |         121.9 |      109.5 
 abcijk-ekab-ijec |   3456 |  3456 |    24 | 1.00 | 0.67 |     125.9 |       126.1 |         113.0 |       83.1 
 abcijk-ekac-ijeb |   3456 |  3456 |    24 | 1.00 | 0.67 |     124.0 |       124.5 |         116.8 |       66.1 
 abcijk-ekbc-ijea |   1728 |  6912 |    24 | 1.00 | 1.00 |     129.9 |       130.7 |         122.4 |      110.0 
       abc-bk-akc |    144 | 18432 |   128 | 1.00 | 1.00 |     165.4 |       168.0 |         162.5 |      122.1 

=== c64 ===
             case |      m |     n |     k | regA | regB | plan GF/s | packed GF/s | upstream GF/s | tblis GF/s 
------------------+--------+-------+-------+------+------+-----------+-------------+---------------+------------
         ij-ik-kj |   1464 |  1448 |  1464 | 1.00 | 1.00 |     190.7 |       190.7 |         190.0 |      184.7 
       ij-ikl-ljk |    144 |   128 | 18432 | 1.00 | 1.00 |     119.8 |       119.8 |         115.4 |      117.2 
       ij-kil-lkj |    144 |   128 | 20736 | 1.00 | 1.00 |     116.5 |       117.1 |         111.6 |      108.0 
       ijk-ikl-lj |  18432 |   128 |   144 | 1.00 | 1.00 |     176.3 |       179.6 |         177.0 |      135.3 
       ijk-il-jlk |    144 | 18432 |   128 | 1.00 | 1.00 |     137.5 |       138.0 |         136.4 |      168.3 
       ijk-ilk-jl |  18432 |   144 |   128 | 1.00 | 1.00 |     190.6 |       185.9 |         188.0 |      147.1 
       ijk-ilk-lj |  18432 |   128 |   144 | 1.00 | 1.00 |     185.2 |       184.9 |         182.6 |      143.1 
     ijk-ilmk-mjl |   1920 |    40 |  1920 | 1.00 | 1.00 |     148.2 |       148.1 |         145.1 |      107.7 
   ijkl-imjn-lnkm |   1920 |  1920 |  1600 | 1.00 | 0.90 |     187.3 |       186.9 |         185.4 |      181.2 
   ijkl-imjn-nlmk |   1920 |  1600 |  1920 | 1.00 | 0.90 |     188.2 |       188.2 |         186.9 |      180.1 
   ijkl-imkn-jnlm |   1920 |  1920 |  1600 | 1.00 | 1.00 |     190.2 |       190.2 |         188.0 |      179.1 
   ijkl-imkn-njml |   1920 |  1600 |  1920 | 1.00 | 0.90 |     189.8 |       189.9 |         188.0 |      178.7 
   ijkl-imln-jnkm |   1920 |  1920 |  1600 | 1.00 | 1.00 |     190.9 |       190.9 |         188.5 |      178.9 
   ijkl-imln-njmk |   1920 |  1600 |  1920 | 1.00 | 0.90 |     190.2 |       190.4 |         188.2 |      179.1 
   ijkl-imnj-nlkm |   1920 |  1600 |  1920 | 1.00 | 0.90 |     188.5 |       188.5 |         187.0 |      180.4 
   ijkl-imnk-njml |   1920 |  1600 |  1920 | 1.00 | 0.90 |     190.3 |       190.1 |         188.2 |      179.5 
   ijkl-minj-nlmk |   1920 |  1600 |  2304 | 1.00 | 0.90 |     186.2 |       185.9 |         184.3 |      178.7 
   ijkl-mink-jnlm |   1920 |  1920 |  1920 | 1.00 | 1.00 |     188.6 |       188.5 |         185.9 |      179.6 
   ijkl-minl-njmk |   1920 |  1600 |  2304 | 1.00 | 0.90 |     188.0 |       188.0 |         185.7 |      178.5 
     aqrs-pa-pqrs |     48 | 64000 |    48 | 1.00 | 1.00 |     148.8 |       148.4 |         143.2 |      113.3 
     abrs-qb-aqrs |     40 | 76800 |    48 | 1.00 | 1.00 |     147.8 |       154.3 |         153.1 |      100.6 
     abcs-rc-abrs |     40 | 76800 |    48 | 1.00 | 1.00 |     148.2 |       148.9 |         145.3 |       95.8 
       abj-bka-kj |  20736 |   128 |   144 | 1.00 | 1.00 |     155.9 |       155.4 |         154.6 |      114.6 
       ajb-kba-jk |  18432 |   144 |   144 | 1.00 | 1.00 |     190.2 |       191.4 |         187.8 |      152.5 
     abjc-cbka-kj |  92160 |    40 |    48 | 1.00 | 1.00 |      70.5 |        70.3 |          69.5 |       73.6 
     ajbc-ckba-jk |  92160 |    48 |    40 | 1.00 | 1.00 |      97.0 |        96.8 |          95.0 |      104.6 
     abjc-kbac-jk |  76800 |    48 |    48 | 1.00 | 1.00 |     160.8 |       156.0 |         152.0 |       79.3 
   abjcd-dkbac-jk | 230400 |    24 |    20 | 0.67 | 1.00 |      67.9 |        67.7 |          64.5 |       62.4 
   adbjc-cbdka-kj | 230400 |    20 |    24 | 0.67 | 1.00 |      39.3 |        37.4 |          37.7 |       45.8 
   ajbdc-ckbad-jk | 230400 |    24 |    20 | 1.00 | 1.00 |      58.3 |        58.5 |          55.1 |       67.6 
 abcijk-ijma-mkbc |   6912 |  1728 |    24 | 1.00 | 1.00 |     170.0 |       170.3 |         171.3 |      142.7 
 abcijk-ijmb-mkac |   3456 |  3456 |    24 | 1.00 | 1.00 |     171.0 |       170.3 |         171.0 |      107.4 
 abcijk-ijmc-mkab |   3456 |  3456 |    24 | 1.00 | 1.00 |     165.6 |       165.6 |         166.1 |      140.2 
 abcijk-ikma-mjbc |   6912 |  1728 |    24 | 1.00 | 1.00 |     169.6 |       169.7 |         168.1 |      142.3 
 abcijk-ikmb-mjac |   3456 |  3456 |    24 | 1.00 | 1.00 |     171.0 |       171.2 |         165.9 |      128.7 
 abcijk-ikmc-mjab |   3456 |  3456 |    24 | 1.00 | 1.00 |     166.4 |       166.2 |         165.4 |      124.6 
 abcijk-jkma-mibc |   6912 |  1728 |    24 | 1.00 | 1.00 |     170.6 |       170.1 |         164.6 |      142.6 
 abcijk-jkmb-miac |   3456 |  3456 |    24 | 1.00 | 1.00 |     171.2 |       170.5 |         165.5 |       84.8 
 abcijk-jkmc-miab |   3456 |  3456 |    24 | 1.00 | 1.00 |     164.6 |       164.9 |         162.7 |      101.0 
 abcijk-eiab-jkec |   3456 |  3456 |    24 | 1.00 | 1.00 |     164.8 |       164.7 |         162.4 |      100.1 
 abcijk-eiac-jkeb |   3456 |  3456 |    24 | 1.00 | 1.00 |     171.2 |       170.8 |         166.4 |       83.9 
 abcijk-eibc-jkea |   1728 |  6912 |    24 | 1.00 | 1.00 |     171.5 |       170.4 |         165.1 |      143.1 
 abcijk-ejab-ikec |   3456 |  3456 |    24 | 1.00 | 1.00 |     165.8 |       165.3 |         165.1 |      124.2 
 abcijk-ejac-ikeb |   3456 |  3456 |    24 | 1.00 | 1.00 |     171.3 |       171.3 |         170.6 |      129.0 
 abcijk-ejbc-ikea |   1728 |  6912 |    24 | 1.00 | 1.00 |     170.2 |       170.0 |         164.4 |      142.0 
 abcijk-ekab-ijec |   3456 |  3456 |    24 | 1.00 | 1.00 |     170.2 |       166.1 |         165.2 |      142.0 
 abcijk-ekac-ijeb |   3456 |  3456 |    24 | 1.00 | 1.00 |     171.2 |       170.6 |         166.7 |      108.4 
 abcijk-ekbc-ijea |   1728 |  6912 |    24 | 1.00 | 1.00 |     169.7 |       170.3 |         165.4 |      142.0 
       abc-bk-akc |    144 | 18432 |   128 | 1.00 | 1.00 |     190.1 |       183.9 |         188.5 |      147.2 

=== complex efficiency ratio (c64 GF/s over f64 GF/s; 1.0 = no penalty) ===
             case | plan c64/f64 | packed c64/f64 | upstream c64/f64 | tblis c64/f64 
------------------+--------------+----------------+------------------+---------------
         ij-ik-kj |        1.325 |          1.465 |            1.501 |         1.063 
       ij-ikl-ljk |        1.169 |          1.168 |            1.176 |         1.315 
       ij-kil-lkj |        1.191 |          1.195 |            1.167 |         1.350 
       ijk-ikl-lj |        1.142 |          1.139 |            1.110 |         1.293 
       ijk-il-jlk |        1.214 |          1.214 |            1.297 |         1.193 
       ijk-ilk-jl |        1.168 |          1.102 |            1.145 |         1.215 
       ijk-ilk-lj |        1.124 |          1.127 |            1.122 |         1.227 
     ijk-ilmk-mjl |        1.196 |          1.169 |            1.116 |         1.293 
   ijkl-imjn-lnkm |        1.040 |          1.038 |            1.055 |         1.025 
   ijkl-imjn-nlmk |        1.039 |          1.038 |            1.053 |         1.047 
   ijkl-imkn-jnlm |        1.045 |          1.043 |            1.062 |         1.007 
   ijkl-imkn-njml |        1.041 |          1.043 |            1.062 |         1.044 
   ijkl-imln-jnkm |        1.044 |          1.042 |            1.067 |         1.013 
   ijkl-imln-njmk |        1.049 |          1.047 |            1.059 |         1.032 
   ijkl-imnj-nlkm |        1.041 |          1.041 |            1.054 |         1.035 
   ijkl-imnk-njml |        1.041 |          1.045 |            1.060 |         1.025 
   ijkl-minj-nlmk |        1.049 |          1.045 |            1.055 |         1.049 
   ijkl-mink-jnlm |        1.043 |          1.041 |            1.063 |         1.008 
   ijkl-minl-njmk |        1.055 |          1.051 |            1.046 |         1.043 
     aqrs-pa-pqrs |        1.258 |          1.346 |            1.454 |         1.841 
     abrs-qb-aqrs |        1.205 |          1.223 |            1.256 |         1.602 
     abcs-rc-abrs |        1.414 |          1.262 |            1.403 |         1.731 
       abj-bka-kj |        1.141 |          1.144 |            1.176 |         1.409 
       ajb-kba-jk |        1.177 |          1.202 |            1.201 |         1.218 
     abjc-cbka-kj |        2.473 |          2.481 |            2.608 |         1.807 
     ajbc-ckba-jk |        2.054 |          2.047 |            2.100 |         1.607 
     abjc-kbac-jk |        1.650 |          1.601 |            1.629 |         1.467 
   abjcd-dkbac-jk |        2.157 |          2.146 |            2.174 |         2.079 
   adbjc-cbdka-kj |        2.394 |          2.271 |            2.377 |         2.521 
   ajbdc-ckbad-jk |        1.857 |          1.857 |            1.854 |         2.085 
 abcijk-ijma-mkbc |        1.301 |          1.299 |            1.401 |         1.302 
 abcijk-ijmb-mkac |        1.378 |          1.370 |            1.462 |         1.625 
 abcijk-ijmc-mkab |        1.320 |          1.325 |            1.478 |         1.681 
 abcijk-ikma-mjbc |        1.918 |          1.302 |            1.376 |         1.302 
 abcijk-ikmb-mjac |        1.390 |          1.382 |            1.414 |         1.440 
 abcijk-ikmc-mjab |        1.339 |          1.322 |            1.464 |         1.636 
 abcijk-jkma-mibc |        1.286 |          1.273 |            1.336 |         1.288 
 abcijk-jkmb-miac |        1.392 |          1.385 |            1.446 |         1.723 
 abcijk-jkmc-miab |        1.311 |          1.311 |            1.438 |         1.663 
 abcijk-eiab-jkec |        1.301 |          1.298 |            1.430 |         1.623 
 abcijk-eiac-jkeb |        1.389 |          1.389 |            1.438 |         1.740 
 abcijk-eibc-jkea |        1.391 |          1.279 |            1.326 |         1.291 
 abcijk-ejab-ikec |        1.321 |          1.317 |            1.474 |         1.642 
 abcijk-ejac-ikeb |        1.380 |          1.375 |            1.466 |         1.429 
 abcijk-ejbc-ikea |        1.409 |          1.303 |            1.349 |         1.296 
 abcijk-ekab-ijec |        1.352 |          1.317 |            1.462 |         1.709 
 abcijk-ekac-ijeb |        1.381 |          1.370 |            1.427 |         1.640 
 abcijk-ekbc-ijea |        1.307 |          1.303 |            1.352 |         1.291 
       abc-bk-akc |        1.149 |          1.094 |            1.160 |         1.205 
             MEAN |        1.343 |          1.319 |            1.371 |         1.412 

wrote /home/shinaoka/projects/tensor4all/tprims-rs/benchmarks/benchmarks/tcbench/results/scaling-layout/candidate/A2-16m-4t.pending.csv
