# threads: requested=1 pool=1 budget=1
host        : shinaoka-EVO-X1Pro
target      : x86_64 / linux
cpu features: avx2 fma avx512f avx512dq 
caches      : L1=48KiB/12-way/2sh L2=1024KiB/16-way/2sh L3=16384KiB/16-way/8sh (via sysfs), blocking=legacy
l3 domains  : t1=1
baselines   : tblis=true blas=false
tblis       : abi 2.x, 1 thread(s)

running 49 cases at 16 MiB nominal tensor size, 5 reps, stress=none


=== f64 ===
             case |      m |     n |     k | regA | regB | plan GF/s | packed GF/s | upstream GF/s | tblis GF/s 
------------------+--------+-------+-------+------+------+-----------+-------------+---------------+------------
         ij-ik-kj |   1464 |  1448 |  1464 | 0.00 | 0.00 |      36.3 |        48.9 |          47.7 |       46.5 
       ij-ikl-ljk |    144 |   128 | 18432 | 1.00 | 1.00 |      38.1 |        38.1 |          37.0 |       28.6 
       ij-kil-lkj |    144 |   128 | 20736 | 1.00 | 1.00 |      36.0 |        36.0 |          35.1 |       25.0 
       ijk-ikl-lj |  18432 |   128 |   144 | 1.00 | 1.00 |      42.9 |        42.9 |          41.4 |       34.3 
       ijk-il-jlk |    144 | 18432 |   128 | 1.00 | 1.00 |      38.4 |        39.2 |          35.3 |       36.6 
       ijk-ilk-jl |  18432 |   144 |   128 | 1.00 | 1.00 |      44.8 |        44.8 |          44.4 |       36.2 
       ijk-ilk-lj |  18432 |   128 |   144 | 1.00 | 1.00 |      44.7 |        44.6 |          44.2 |       34.0 
     ijk-ilmk-mjl |   1920 |    40 |  1920 | 1.00 | 1.00 |      40.6 |        40.7 |          39.9 |       21.8 
   ijkl-imjn-lnkm |   1920 |  1920 |  1600 | 1.00 | 1.00 |      47.4 |        47.4 |          46.3 |       46.8 
   ijkl-imjn-nlmk |   1920 |  1600 |  1920 | 1.00 | 1.00 |      47.4 |        47.3 |          46.3 |       45.8 
   ijkl-imkn-jnlm |   1920 |  1920 |  1600 | 1.00 | 1.00 |      47.4 |        47.4 |          46.1 |       46.6 
   ijkl-imkn-njml |   1920 |  1600 |  1920 | 1.00 | 1.00 |      47.6 |        47.6 |          46.5 |       46.0 
   ijkl-imln-jnkm |   1920 |  1920 |  1600 | 1.00 | 1.00 |      47.5 |        47.5 |          46.1 |       46.2 
   ijkl-imln-njmk |   1920 |  1600 |  1920 | 1.00 | 1.00 |      47.7 |        47.7 |          46.5 |       45.7 
   ijkl-imnj-nlkm |   1920 |  1600 |  1920 | 1.00 | 1.00 |      47.5 |        47.5 |          46.3 |       46.1 
   ijkl-imnk-njml |   1920 |  1600 |  1920 | 1.00 | 1.00 |      47.7 |        47.7 |          46.7 |       46.2 
   ijkl-minj-nlmk |   1920 |  1600 |  2304 | 1.00 | 1.00 |      46.4 |        46.4 |          45.7 |       45.4 
   ijkl-mink-jnlm |   1920 |  1920 |  1920 | 1.00 | 1.00 |      46.8 |        46.9 |          46.2 |       46.3 
   ijkl-minl-njmk |   1920 |  1600 |  2304 | 1.00 | 1.00 |      46.7 |        46.7 |          45.6 |       46.1 
     aqrs-pa-pqrs |     48 | 64000 |    48 | 0.00 | 0.00 |      40.2 |        33.2 |          30.5 |       18.8 
     abrs-qb-aqrs |     40 | 76800 |    48 | 1.00 | 1.00 |      34.7 |        34.9 |          34.8 |       19.7 
     abcs-rc-abrs |     40 | 76800 |    48 | 1.00 | 1.00 |      30.6 |        31.1 |          28.8 |       21.4 
       abj-bka-kj |  20736 |   128 |   144 | 1.00 | 1.00 |      38.7 |        38.7 |          38.7 |       26.4 
       ajb-kba-jk |  18432 |   144 |   144 | 1.00 | 1.00 |      43.1 |        43.0 |          42.8 |       37.3 
     abjc-cbka-kj |  92160 |    40 |    48 | 1.00 | 1.00 |       9.8 |         9.8 |           9.4 |       13.4 
     ajbc-ckba-jk |  92160 |    48 |    40 | 1.00 | 1.00 |      17.0 |        17.0 |          15.7 |       19.6 
     abjc-kbac-jk |  76800 |    48 |    48 | 1.00 | 1.00 |      29.0 |        29.2 |          29.1 |       19.6 
   abjcd-dkbac-jk | 230400 |    24 |    20 | 1.00 | 1.00 |      13.3 |        13.3 |          12.1 |       10.1 
   adbjc-cbdka-kj | 230400 |    20 |    24 | 1.00 | 1.00 |       5.4 |         5.4 |           5.1 |        7.5 
   ajbdc-ckbad-jk | 230400 |    24 |    20 | 1.00 | 1.00 |      13.4 |        13.4 |          12.2 |       10.7 
 abcijk-ijma-mkbc |   6912 |  1728 |    24 | 1.00 | 1.00 |      42.0 |        41.5 |          39.7 |       33.5 
 abcijk-ijmb-mkac |   3456 |  3456 |    24 | 1.00 | 0.67 |      41.4 |        41.0 |          39.3 |       24.2 
 abcijk-ijmc-mkab |   3456 |  3456 |    24 | 1.00 | 0.67 |      39.9 |        39.6 |          37.6 |       31.8 
 abcijk-ikma-mjbc |   6912 |  1728 |    24 | 1.00 | 1.00 |      41.8 |        41.4 |          39.5 |       33.6 
 abcijk-ikmb-mjac |   3456 |  3456 |    24 | 1.00 | 0.67 |      41.5 |        40.9 |          39.0 |       29.5 
 abcijk-ikmc-mjab |   3456 |  3456 |    24 | 1.00 | 0.67 |      40.0 |        39.8 |          37.7 |       26.0 
 abcijk-jkma-mibc |   6912 |  1728 |    24 | 1.00 | 1.00 |      42.2 |        42.1 |          39.7 |       33.5 
 abcijk-jkmb-miac |   3456 |  3456 |    24 | 1.00 | 0.67 |      41.0 |        40.5 |          37.9 |       16.2 
 abcijk-jkmc-miab |   3456 |  3456 |    24 | 1.00 | 0.67 |      40.2 |        40.1 |          37.9 |       22.3 
 abcijk-eiab-jkec |   3456 |  3456 |    24 | 1.00 | 0.67 |      40.2 |        40.2 |          38.0 |       22.3 
 abcijk-eiac-jkeb |   3456 |  3456 |    24 | 1.00 | 0.67 |      41.2 |        41.0 |          37.7 |       16.2 
 abcijk-eibc-jkea |   1728 |  6912 |    24 | 1.00 | 1.00 |      41.8 |        41.4 |          39.3 |       33.5 
 abcijk-ejab-ikec |   3456 |  3456 |    24 | 1.00 | 0.67 |      39.8 |        39.7 |          37.8 |       26.0 
 abcijk-ejac-ikeb |   3456 |  3456 |    24 | 1.00 | 0.67 |      41.1 |        40.8 |          39.3 |       29.7 
 abcijk-ejbc-ikea |   1728 |  6912 |    24 | 1.00 | 1.00 |      41.0 |        40.9 |          38.8 |       33.5 
 abcijk-ekab-ijec |   3456 |  3456 |    24 | 1.00 | 0.67 |      40.0 |        39.9 |          37.8 |       31.3 
 abcijk-ekac-ijeb |   3456 |  3456 |    24 | 1.00 | 0.67 |      41.1 |        40.9 |          38.9 |       24.2 
 abcijk-ekbc-ijea |   1728 |  6912 |    24 | 1.00 | 1.00 |      41.3 |        41.3 |          39.1 |       33.5 
       abc-bk-akc |    144 | 18432 |   128 | 1.00 | 1.00 |      44.1 |        44.1 |          43.5 |       35.9 

=== c64 ===
             case |      m |     n |     k | regA | regB | plan GF/s | packed GF/s | upstream GF/s | tblis GF/s 
------------------+--------+-------+-------+------+------+-----------+-------------+---------------+------------
         ij-ik-kj |   1464 |  1448 |  1464 | 1.00 | 1.00 |      48.3 |        48.4 |          48.3 |       46.9 
       ij-ikl-ljk |    144 |   128 | 18432 | 1.00 | 1.00 |      42.2 |        42.2 |          40.4 |       34.3 
       ij-kil-lkj |    144 |   128 | 20736 | 1.00 | 1.00 |      40.3 |        40.3 |          38.5 |       31.0 
       ijk-ikl-lj |  18432 |   128 |   144 | 1.00 | 1.00 |      46.5 |        46.5 |          46.1 |       36.3 
       ijk-il-jlk |    144 | 18432 |   128 | 1.00 | 1.00 |      44.9 |        44.8 |          43.7 |       42.9 
       ijk-ilk-jl |  18432 |   144 |   128 | 1.00 | 1.00 |      48.7 |        48.7 |          48.2 |       39.2 
       ijk-ilk-lj |  18432 |   128 |   144 | 1.00 | 1.00 |      47.5 |        47.5 |          46.9 |       38.0 
     ijk-ilmk-mjl |   1920 |    40 |  1920 | 1.00 | 1.00 |      41.5 |        41.2 |          40.5 |       28.1 
   ijkl-imjn-lnkm |   1920 |  1920 |  1600 | 1.00 | 0.90 |      48.1 |        48.1 |          47.9 |       45.3 
   ijkl-imjn-nlmk |   1920 |  1600 |  1920 | 1.00 | 0.90 |      47.9 |        48.0 |          47.8 |       45.0 
   ijkl-imkn-jnlm |   1920 |  1920 |  1600 | 1.00 | 1.00 |      48.3 |        48.3 |          47.9 |       45.6 
   ijkl-imkn-njml |   1920 |  1600 |  1920 | 1.00 | 0.90 |      48.3 |        48.3 |          47.9 |       45.1 
   ijkl-imln-jnkm |   1920 |  1920 |  1600 | 1.00 | 1.00 |      48.5 |        48.5 |          48.0 |       45.4 
   ijkl-imln-njmk |   1920 |  1600 |  1920 | 1.00 | 0.90 |      48.4 |        48.5 |          47.9 |       45.9 
   ijkl-imnj-nlkm |   1920 |  1600 |  1920 | 1.00 | 0.90 |      48.0 |        48.0 |          47.9 |       45.5 
   ijkl-imnk-njml |   1920 |  1600 |  1920 | 1.00 | 0.90 |      48.4 |        48.4 |          47.9 |       45.4 
   ijkl-minj-nlmk |   1920 |  1600 |  2304 | 1.00 | 0.90 |      47.3 |        47.3 |          47.0 |       45.3 
   ijkl-mink-jnlm |   1920 |  1920 |  1920 | 1.00 | 1.00 |      47.6 |        47.6 |          47.0 |       45.2 
   ijkl-minl-njmk |   1920 |  1600 |  2304 | 1.00 | 0.90 |      47.7 |        47.7 |          47.1 |       45.5 
     aqrs-pa-pqrs |     48 | 64000 |    48 | 1.00 | 1.00 |      38.9 |        39.0 |          37.5 |       29.3 
     abrs-qb-aqrs |     40 | 76800 |    48 | 1.00 | 1.00 |      39.6 |        39.6 |          39.0 |       29.3 
     abcs-rc-abrs |     40 | 76800 |    48 | 1.00 | 1.00 |      39.1 |        39.0 |          38.0 |       29.4 
       abj-bka-kj |  20736 |   128 |   144 | 1.00 | 1.00 |      41.1 |        41.0 |          40.5 |       30.9 
       ajb-kba-jk |  18432 |   144 |   144 | 1.00 | 1.00 |      48.5 |        48.5 |          48.2 |       40.8 
     abjc-cbka-kj |  92160 |    40 |    48 | 1.00 | 1.00 |      19.1 |        19.1 |          18.8 |       22.3 
     ajbc-ckba-jk |  92160 |    48 |    40 | 1.00 | 1.00 |      25.8 |        25.8 |          25.0 |       33.2 
     abjc-kbac-jk |  76800 |    48 |    48 | 1.00 | 1.00 |      40.1 |        40.1 |          39.1 |       26.7 
   abjcd-dkbac-jk | 230400 |    24 |    20 | 0.67 | 1.00 |      21.1 |        21.1 |          19.7 |       19.1 
   adbjc-cbdka-kj | 230400 |    20 |    24 | 0.67 | 1.00 |      11.7 |        11.7 |          11.4 |       17.7 
   ajbdc-ckbad-jk | 230400 |    24 |    20 | 1.00 | 1.00 |      20.1 |        20.0 |          18.9 |       19.7 
 abcijk-ijma-mkbc |   6912 |  1728 |    24 | 1.00 | 1.00 |      43.9 |        43.8 |          42.5 |       37.5 
 abcijk-ijmb-mkac |   3456 |  3456 |    24 | 1.00 | 1.00 |      45.2 |        45.2 |          43.9 |       33.1 
 abcijk-ijmc-mkab |   3456 |  3456 |    24 | 1.00 | 1.00 |      44.3 |        44.3 |          43.3 |       39.4 
 abcijk-ikma-mjbc |   6912 |  1728 |    24 | 1.00 | 1.00 |      43.8 |        43.8 |          42.4 |       37.4 
 abcijk-ikmb-mjac |   3456 |  3456 |    24 | 1.00 | 1.00 |      45.2 |        45.2 |          43.9 |       34.8 
 abcijk-ikmc-mjab |   3456 |  3456 |    24 | 1.00 | 1.00 |      44.3 |        44.4 |          43.1 |       35.5 
 abcijk-jkma-mibc |   6912 |  1728 |    24 | 1.00 | 1.00 |      44.0 |        43.9 |          42.5 |       37.5 
 abcijk-jkmb-miac |   3456 |  3456 |    24 | 1.00 | 1.00 |      45.0 |        45.0 |          43.4 |       28.3 
 abcijk-jkmc-miab |   3456 |  3456 |    24 | 1.00 | 1.00 |      44.3 |        44.3 |          43.0 |       34.9 
 abcijk-eiab-jkec |   3456 |  3456 |    24 | 1.00 | 1.00 |      44.3 |        44.3 |          43.0 |       34.8 
 abcijk-eiac-jkeb |   3456 |  3456 |    24 | 1.00 | 1.00 |      45.0 |        44.9 |          43.5 |       28.2 
 abcijk-eibc-jkea |   1728 |  6912 |    24 | 1.00 | 1.00 |      43.9 |        43.9 |          42.7 |       37.5 
 abcijk-ejab-ikec |   3456 |  3456 |    24 | 1.00 | 1.00 |      44.3 |        44.3 |          43.2 |       35.5 
 abcijk-ejac-ikeb |   3456 |  3456 |    24 | 1.00 | 1.00 |      45.1 |        45.2 |          43.9 |       34.8 
 abcijk-ejbc-ikea |   1728 |  6912 |    24 | 1.00 | 1.00 |      43.8 |        43.8 |          42.3 |       37.5 
 abcijk-ekab-ijec |   3456 |  3456 |    24 | 1.00 | 1.00 |      44.4 |        44.4 |          43.2 |       39.4 
 abcijk-ekac-ijeb |   3456 |  3456 |    24 | 1.00 | 1.00 |      45.2 |        45.2 |          43.9 |       33.2 
 abcijk-ekbc-ijea |   1728 |  6912 |    24 | 1.00 | 1.00 |      43.9 |        43.9 |          42.7 |       37.4 
       abc-bk-akc |    144 | 18432 |   128 | 1.00 | 1.00 |      48.5 |        48.5 |          48.4 |       39.2 

=== complex efficiency ratio (c64 GF/s over f64 GF/s; 1.0 = no penalty) ===
             case | plan c64/f64 | packed c64/f64 | upstream c64/f64 | tblis c64/f64 
------------------+--------------+----------------+------------------+---------------
         ij-ik-kj |        1.332 |          0.989 |            1.014 |         1.008 
       ij-ikl-ljk |        1.108 |          1.109 |            1.092 |         1.202 
       ij-kil-lkj |        1.119 |          1.118 |            1.097 |         1.240 
       ijk-ikl-lj |        1.085 |          1.083 |            1.113 |         1.059 
       ijk-il-jlk |        1.168 |          1.143 |            1.239 |         1.171 
       ijk-ilk-jl |        1.085 |          1.086 |            1.085 |         1.085 
       ijk-ilk-lj |        1.062 |          1.065 |            1.060 |         1.117 
     ijk-ilmk-mjl |        1.023 |          1.010 |            1.015 |         1.287 
   ijkl-imjn-lnkm |        1.014 |          1.014 |            1.035 |         0.968 
   ijkl-imjn-nlmk |        1.011 |          1.014 |            1.033 |         0.983 
   ijkl-imkn-jnlm |        1.020 |          1.020 |            1.039 |         0.980 
   ijkl-imkn-njml |        1.015 |          1.016 |            1.029 |         0.982 
   ijkl-imln-jnkm |        1.020 |          1.020 |            1.041 |         0.984 
   ijkl-imln-njmk |        1.015 |          1.017 |            1.030 |         1.003 
   ijkl-imnj-nlkm |        1.010 |          1.011 |            1.032 |         0.988 
   ijkl-imnk-njml |        1.014 |          1.014 |            1.026 |         0.982 
   ijkl-minj-nlmk |        1.020 |          1.019 |            1.028 |         0.998 
   ijkl-mink-jnlm |        1.017 |          1.017 |            1.018 |         0.977 
   ijkl-minl-njmk |        1.020 |          1.021 |            1.033 |         0.986 
     aqrs-pa-pqrs |        0.968 |          1.175 |            1.231 |         1.553 
     abrs-qb-aqrs |        1.141 |          1.136 |            1.120 |         1.489 
     abcs-rc-abrs |        1.280 |          1.255 |            1.322 |         1.375 
       abj-bka-kj |        1.062 |          1.060 |            1.048 |         1.170 
       ajb-kba-jk |        1.126 |          1.130 |            1.128 |         1.092 
     abjc-cbka-kj |        1.953 |          1.948 |            1.996 |         1.664 
     ajbc-ckba-jk |        1.515 |          1.511 |            1.591 |         1.700 
     abjc-kbac-jk |        1.386 |          1.371 |            1.341 |         1.363 
   abjcd-dkbac-jk |        1.584 |          1.588 |            1.629 |         1.894 
   adbjc-cbdka-kj |        2.177 |          2.177 |            2.227 |         2.362 
   ajbdc-ckbad-jk |        1.499 |          1.500 |            1.553 |         1.847 
 abcijk-ijma-mkbc |        1.044 |          1.057 |            1.072 |         1.119 
 abcijk-ijmb-mkac |        1.093 |          1.103 |            1.116 |         1.365 
 abcijk-ijmc-mkab |        1.112 |          1.120 |            1.150 |         1.238 
 abcijk-ikma-mjbc |        1.049 |          1.057 |            1.074 |         1.113 
 abcijk-ikmb-mjac |        1.089 |          1.104 |            1.126 |         1.178 
 abcijk-ikmc-mjab |        1.110 |          1.114 |            1.144 |         1.365 
 abcijk-jkma-mibc |        1.041 |          1.044 |            1.071 |         1.118 
 abcijk-jkmb-miac |        1.099 |          1.111 |            1.146 |         1.746 
 abcijk-jkmc-miab |        1.104 |          1.104 |            1.135 |         1.565 
 abcijk-eiab-jkec |        1.102 |          1.103 |            1.131 |         1.560 
 abcijk-eiac-jkeb |        1.091 |          1.096 |            1.152 |         1.739 
 abcijk-eibc-jkea |        1.050 |          1.061 |            1.085 |         1.117 
 abcijk-ejab-ikec |        1.113 |          1.118 |            1.143 |         1.364 
 abcijk-ejac-ikeb |        1.098 |          1.106 |            1.117 |         1.174 
 abcijk-ejbc-ikea |        1.068 |          1.070 |            1.091 |         1.119 
 abcijk-ekab-ijec |        1.109 |          1.111 |            1.144 |         1.259 
 abcijk-ekac-ijeb |        1.099 |          1.105 |            1.128 |         1.376 
 abcijk-ekbc-ijea |        1.062 |          1.064 |            1.092 |         1.117 
       abc-bk-akc |        1.098 |          1.099 |            1.112 |         1.092 
             MEAN |        1.153 |          1.151 |            1.173 |         1.270 

wrote /home/shinaoka/projects/tensor4all/tprims-rs/benchmarks/benchmarks/tcbench/results/scaling-layout/candidate/A2-16m-1t.pending.csv
