# threads: requested=8 pool=8 budget=8
host        : shinaoka-EVO-X1Pro
target      : x86_64 / linux
cpu features: avx2 fma avx512f avx512dq 
caches      : L1=48KiB/12-way/2sh L2=1024KiB/16-way/2sh L3=16384KiB/16-way/8sh (via sysfs), blocking=legacy
l3 domains  : t1=1 t4=1 t8=2 t16=4
baselines   : tblis=true blas=false
tblis       : abi 2.x, 8 thread(s)

running 49 cases at 1 MiB nominal tensor size, 5 reps, stress=none


=== f64 ===
             case |     m |    n |    k | regA | regB | plan GF/s | packed GF/s | upstream GF/s | tblis GF/s 
------------------+-------+------+------+------+------+-----------+-------------+---------------+------------
         ij-ik-kj |   384 |  364 |  384 | 0.00 | 0.00 |     220.3 |       256.0 |         151.9 |      176.9 
       ij-ikl-ljk |    72 |   52 | 3744 | 1.00 | 1.00 |      89.5 |        92.1 |          69.0 |       48.2 
       ij-kil-lkj |    72 |   52 | 5184 | 1.00 | 1.00 |      89.7 |        90.1 |          70.6 |       48.3 
       ijk-ikl-lj |  3744 |   52 |   72 | 1.00 | 1.00 |     199.9 |       207.1 |         104.1 |      119.9 
       ijk-il-jlk |    72 | 3744 |   52 | 1.00 | 1.00 |     105.2 |       213.7 |         121.7 |      128.2 
       ijk-ilk-jl |  3744 |   72 |   52 | 1.00 | 1.00 |      40.5 |       112.6 |          80.1 |      130.7 
       ijk-ilk-lj |  3744 |   52 |   72 | 1.00 | 1.00 |     201.5 |       201.7 |         110.9 |      118.9 
     ijk-ilmk-mjl |   480 |   20 |  480 | 1.00 | 1.00 |      17.2 |        17.5 |          47.4 |       57.8 
   ijkl-imjn-lnkm |   480 |  480 |  400 | 1.00 | 0.80 |     214.4 |       214.0 |         187.3 |      182.9 
   ijkl-imjn-nlmk |   480 |  400 |  480 | 1.00 | 0.80 |     258.4 |       268.4 |         230.3 |      240.3 
   ijkl-imkn-jnlm |   480 |  480 |  400 | 1.00 | 1.00 |     302.7 |       309.3 |         264.2 |      264.3 
   ijkl-imkn-njml |   480 |  400 |  480 | 1.00 | 0.80 |     305.6 |       310.2 |         267.9 |      262.4 
   ijkl-imln-jnkm |   480 |  480 |  400 | 1.00 | 1.00 |     302.9 |       308.6 |         264.2 |      266.4 
   ijkl-imln-njmk |   480 |  400 |  480 | 1.00 | 0.80 |     314.1 |       312.8 |         264.0 |      266.3 
   ijkl-imnj-nlkm |   480 |  400 |  480 | 1.00 | 0.80 |     307.1 |       307.8 |         262.8 |      263.5 
   ijkl-imnk-njml |   480 |  400 |  480 | 1.00 | 0.80 |     297.4 |       312.8 |         267.7 |      263.3 
   ijkl-minj-nlmk |   480 |  400 |  576 | 1.00 | 0.80 |     296.7 |       300.1 |         259.8 |      257.3 
   ijkl-mink-jnlm |   480 |  480 |  480 | 1.00 | 1.00 |     305.2 |       311.9 |         269.2 |      261.9 
   ijkl-minl-njmk |   480 |  400 |  576 | 1.00 | 0.80 |     309.6 |       300.3 |         269.2 |      260.7 
     aqrs-pa-pqrs |    24 | 8000 |   24 | 0.00 | 0.00 |      50.1 |       163.7 |          58.9 |       61.8 
     abrs-qb-aqrs |    20 | 9600 |   24 | 1.00 | 1.00 |     166.7 |       166.7 |          60.6 |       57.8 
     abcs-rc-abrs |    20 | 9600 |   24 | 1.00 | 1.00 |     157.3 |       167.5 |          53.8 |       58.3 
       abj-bka-kj |  5184 |   52 |   72 | 1.00 | 1.00 |     242.0 |       250.9 |         152.5 |      153.2 
       ajb-kba-jk |  3744 |   72 |   72 | 1.00 | 1.00 |     296.4 |       300.8 |         167.9 |      198.6 
     abjc-cbka-kj | 11520 |   20 |   24 | 1.00 | 1.00 |      71.7 |        68.5 |          44.6 |       57.3 
     ajbc-ckba-jk | 11520 |   24 |   20 | 1.00 | 1.00 |     119.5 |       124.1 |          49.8 |       63.1 
     abjc-kbac-jk |  9600 |   24 |   24 | 1.00 | 1.00 |     174.7 |       180.0 |          69.1 |       68.3 
   abjcd-dkbac-jk | 82944 |   24 |   12 | 1.00 | 1.00 |      45.3 |        50.9 |          40.9 |       31.3 
   adbjc-cbdka-kj | 82944 |   12 |   24 | 1.00 | 1.00 |      16.3 |        15.9 |          14.5 |       22.7 
   ajbdc-ckbad-jk | 82944 |   24 |   12 | 1.00 | 1.00 |      50.4 |        49.5 |          40.5 |       32.3 
 abcijk-ijma-mkbc |  4608 |  512 |   24 | 1.00 | 1.00 |     171.6 |       183.6 |         151.6 |      173.7 
 abcijk-ijmb-mkac |  1536 | 1536 |   24 | 1.00 | 1.00 |     204.2 |       206.9 |         178.3 |      108.8 
 abcijk-ijmc-mkab |  1536 | 1536 |   24 | 1.00 | 1.00 |     187.3 |       204.0 |         162.8 |      127.3 
 abcijk-ikma-mjbc |  4608 |  512 |   24 | 1.00 | 1.00 |     146.4 |       152.1 |         134.9 |      162.4 
 abcijk-ikmb-mjac |  1536 | 1536 |   24 | 1.00 | 1.00 |     207.9 |       204.5 |         167.9 |      133.3 
 abcijk-ikmc-mjab |  1536 | 1536 |   24 | 1.00 | 1.00 |     205.3 |       193.7 |         165.6 |      113.6 
 abcijk-jkma-mibc |  4608 |  512 |   24 | 1.00 | 1.00 |     150.3 |       155.3 |         135.4 |      161.9 
 abcijk-jkmb-miac |  1536 | 1536 |   24 | 1.00 | 1.00 |     209.8 |       207.5 |         164.3 |      104.9 
 abcijk-jkmc-miab |  1536 | 1536 |   24 | 1.00 | 1.00 |     184.3 |       197.3 |         165.7 |      123.2 
 abcijk-eiab-jkec |  1536 | 1536 |   24 | 1.00 | 1.00 |     197.5 |       226.7 |         165.1 |      133.5 
 abcijk-eiac-jkeb |  1536 | 1536 |   24 | 1.00 | 1.00 |     207.6 |       221.8 |         167.9 |      104.3 
 abcijk-eibc-jkea |   512 | 4608 |   24 | 1.00 | 1.00 |     150.4 |       150.8 |         127.0 |      176.3 
 abcijk-ejab-ikec |  1536 | 1536 |   24 | 1.00 | 1.00 |     204.9 |       233.6 |         170.7 |      114.0 
 abcijk-ejac-ikeb |  1536 | 1536 |   24 | 1.00 | 1.00 |     201.9 |       216.9 |         176.1 |      149.5 
 abcijk-ejbc-ikea |   512 | 4608 |   24 | 1.00 | 1.00 |     148.9 |       159.6 |         132.3 |      159.5 
 abcijk-ekab-ijec |  1536 | 1536 |   24 | 1.00 | 1.00 |     202.4 |       202.0 |         163.4 |      133.6 
 abcijk-ekac-ijeb |  1536 | 1536 |   24 | 1.00 | 1.00 |     197.9 |       215.9 |         168.3 |      101.4 
 abcijk-ekbc-ijea |   512 | 4608 |   24 | 1.00 | 1.00 |     148.2 |       143.9 |         135.9 |      162.2 
       abc-bk-akc |    72 | 3744 |   52 | 1.00 | 1.00 |     122.2 |       126.5 |         109.0 |      180.6 

=== c64 ===
             case |     m |    n |    k | regA | regB | plan GF/s | packed GF/s | upstream GF/s | tblis GF/s 
------------------+-------+------+------+------+------+-----------+-------------+---------------+------------
         ij-ik-kj |   384 |  364 |  384 | 1.00 | 1.00 |     269.8 |       271.4 |         230.1 |      235.7 
       ij-ikl-ljk |    72 |   52 | 3744 | 1.00 | 1.00 |     116.5 |       117.8 |         102.9 |      116.4 
       ij-kil-lkj |    72 |   52 | 5184 | 1.00 | 1.00 |     104.7 |       103.8 |          93.0 |      111.9 
       ijk-ikl-lj |  3744 |   52 |   72 | 1.00 | 1.00 |     240.2 |       242.2 |         185.3 |      178.9 
       ijk-il-jlk |    72 | 3744 |   52 | 1.00 | 1.00 |     222.6 |       223.8 |         186.0 |      203.0 
       ijk-ilk-jl |  3744 |   72 |   52 | 0.89 | 1.00 |     161.9 |       163.8 |         136.1 |      206.2 
       ijk-ilk-lj |  3744 |   52 |   72 | 0.89 | 1.00 |     230.5 |       237.7 |         188.6 |      187.5 
     ijk-ilmk-mjl |   480 |   20 |  480 | 0.67 | 1.00 |     156.5 |       171.2 |         108.9 |      139.5 
   ijkl-imjn-lnkm |   480 |  480 |  400 | 0.67 | 0.80 |     243.0 |       243.0 |         229.0 |      244.3 
   ijkl-imjn-nlmk |   480 |  400 |  480 | 0.67 | 0.81 |     331.8 |       334.0 |         315.1 |      303.6 
   ijkl-imkn-jnlm |   480 |  480 |  400 | 0.67 | 1.00 |     341.8 |       336.9 |         312.2 |      295.3 
   ijkl-imkn-njml |   480 |  400 |  480 | 0.67 | 0.81 |     341.0 |       342.2 |         321.0 |      313.3 
   ijkl-imln-jnkm |   480 |  480 |  400 | 0.67 | 1.00 |     340.3 |       335.7 |         314.8 |      293.6 
   ijkl-imln-njmk |   480 |  400 |  480 | 0.67 | 0.81 |     343.4 |       342.7 |         320.4 |      317.6 
   ijkl-imnj-nlkm |   480 |  400 |  480 | 0.67 | 0.81 |     342.4 |       342.0 |         316.5 |      313.4 
   ijkl-imnk-njml |   480 |  400 |  480 | 0.67 | 0.81 |     338.3 |       342.7 |         323.4 |      318.7 
   ijkl-minj-nlmk |   480 |  400 |  576 | 0.67 | 0.81 |     331.0 |       333.0 |         305.6 |      300.3 
   ijkl-mink-jnlm |   480 |  480 |  480 | 0.67 | 1.00 |     342.4 |       342.7 |         317.1 |      294.6 
   ijkl-minl-njmk |   480 |  400 |  576 | 0.67 | 0.81 |     333.0 |       335.2 |         313.1 |      309.1 
     aqrs-pa-pqrs |    24 | 8000 |   24 | 1.00 | 1.00 |     175.9 |       169.9 |         124.7 |      150.6 
     abrs-qb-aqrs |    20 | 9600 |   24 | 1.00 | 1.00 |     268.8 |       275.8 |         166.9 |      140.6 
     abcs-rc-abrs |    20 | 9600 |   24 | 1.00 | 1.00 |     243.8 |       246.5 |         138.5 |      139.1 
       abj-bka-kj |  5184 |   52 |   72 | 0.89 | 1.00 |     305.5 |       301.8 |         238.8 |      189.5 
       ajb-kba-jk |  3744 |   72 |   72 | 0.89 | 1.00 |     343.7 |       347.2 |         276.4 |      266.3 
     abjc-cbka-kj | 11520 |   20 |   24 | 0.67 | 1.00 |     176.6 |       178.8 |         110.6 |      126.8 
     ajbc-ckba-jk | 11520 |   24 |   20 | 1.00 | 1.00 |      36.2 |        36.4 |          32.5 |      124.3 
     abjc-kbac-jk |  9600 |   24 |   24 | 0.67 | 1.00 |     276.3 |       277.1 |         172.6 |      157.8 
   abjcd-dkbac-jk | 82944 |   24 |   12 | 0.67 | 1.00 |      83.5 |        84.5 |          78.3 |       64.5 
   adbjc-cbdka-kj | 82944 |   12 |   24 | 0.67 | 1.00 |      51.1 |        51.6 |          48.5 |       41.5 
   ajbdc-ckbad-jk | 82944 |   24 |   12 | 1.00 | 1.00 |      51.8 |        51.7 |          48.0 |       69.9 
 abcijk-ijma-mkbc |  4608 |  512 |   24 | 1.00 | 0.97 |     165.5 |       158.6 |         160.5 |      208.4 
 abcijk-ijmb-mkac |  1536 | 1536 |   24 | 1.00 | 0.75 |     257.7 |       261.9 |         241.2 |      165.7 
 abcijk-ijmc-mkab |  1536 | 1536 |   24 | 1.00 | 0.50 |     264.4 |       244.6 |         245.3 |      211.9 
 abcijk-ikma-mjbc |  4608 |  512 |   24 | 1.00 | 0.97 |     155.8 |       160.1 |         157.6 |      205.4 
 abcijk-ikmb-mjac |  1536 | 1536 |   24 | 1.00 | 0.75 |     252.1 |       259.9 |         237.3 |      182.0 
 abcijk-ikmc-mjab |  1536 | 1536 |   24 | 1.00 | 0.50 |     261.2 |       253.5 |         236.8 |      179.9 
 abcijk-jkma-mibc |  4608 |  512 |   24 | 1.00 | 0.97 |     156.1 |       152.4 |         157.1 |      219.1 
 abcijk-jkmb-miac |  1536 | 1536 |   24 | 1.00 | 0.75 |     259.5 |       258.2 |         242.7 |      154.4 
 abcijk-jkmc-miab |  1536 | 1536 |   24 | 1.00 | 0.50 |     273.9 |       253.8 |         243.7 |      195.5 
 abcijk-eiab-jkec |  1536 | 1536 |   24 | 1.00 | 0.50 |     268.2 |       271.1 |         239.4 |      193.1 
 abcijk-eiac-jkeb |  1536 | 1536 |   24 | 1.00 | 0.75 |     257.7 |       257.3 |         237.2 |      155.3 
 abcijk-eibc-jkea |   512 | 4608 |   24 | 1.00 | 0.97 |     157.1 |       159.8 |         154.9 |      220.3 
 abcijk-ejab-ikec |  1536 | 1536 |   24 | 1.00 | 0.50 |     272.8 |       268.4 |         238.9 |      181.6 
 abcijk-ejac-ikeb |  1536 | 1536 |   24 | 1.00 | 0.75 |     258.7 |       257.5 |         241.9 |      187.2 
 abcijk-ejbc-ikea |   512 | 4608 |   24 | 1.00 | 0.97 |     153.0 |       164.3 |         151.7 |      206.7 
 abcijk-ekab-ijec |  1536 | 1536 |   24 | 1.00 | 0.50 |     261.7 |       273.5 |         245.6 |      219.9 
 abcijk-ekac-ijeb |  1536 | 1536 |   24 | 1.00 | 0.75 |     260.5 |       260.9 |         238.0 |      165.0 
 abcijk-ekbc-ijea |   512 | 4608 |   24 | 1.00 | 0.97 |     163.5 |       171.1 |         155.3 |      204.0 
       abc-bk-akc |    72 | 3744 |   52 | 0.89 | 1.00 |     226.3 |       227.5 |         184.6 |      282.9 

=== complex efficiency ratio (c64 GF/s over f64 GF/s; 1.0 = no penalty) ===
             case | plan c64/f64 | packed c64/f64 | upstream c64/f64 | tblis c64/f64 
------------------+--------------+----------------+------------------+---------------
         ij-ik-kj |        1.225 |          1.060 |            1.515 |         1.332 
       ij-ikl-ljk |        1.302 |          1.279 |            1.492 |         2.413 
       ij-kil-lkj |        1.168 |          1.152 |            1.317 |         2.318 
       ijk-ikl-lj |        1.201 |          1.170 |            1.780 |         1.492 
       ijk-il-jlk |        2.116 |          1.047 |            1.528 |         1.583 
       ijk-ilk-jl |        3.996 |          1.456 |            1.698 |         1.578 
       ijk-ilk-lj |        1.144 |          1.179 |            1.700 |         1.577 
     ijk-ilmk-mjl |        9.087 |          9.755 |            2.296 |         2.415 
   ijkl-imjn-lnkm |        1.134 |          1.135 |            1.222 |         1.336 
   ijkl-imjn-nlmk |        1.284 |          1.245 |            1.368 |         1.263 
   ijkl-imkn-jnlm |        1.129 |          1.089 |            1.182 |         1.117 
   ijkl-imkn-njml |        1.116 |          1.103 |            1.198 |         1.194 
   ijkl-imln-jnkm |        1.124 |          1.088 |            1.192 |         1.102 
   ijkl-imln-njmk |        1.093 |          1.096 |            1.214 |         1.193 
   ijkl-imnj-nlkm |        1.115 |          1.111 |            1.204 |         1.190 
   ijkl-imnk-njml |        1.137 |          1.096 |            1.208 |         1.210 
   ijkl-minj-nlmk |        1.115 |          1.109 |            1.176 |         1.167 
   ijkl-mink-jnlm |        1.122 |          1.099 |            1.178 |         1.125 
   ijkl-minl-njmk |        1.076 |          1.116 |            1.163 |         1.186 
     aqrs-pa-pqrs |        3.509 |          1.038 |            2.118 |         2.437 
     abrs-qb-aqrs |        1.612 |          1.654 |            2.755 |         2.433 
     abcs-rc-abrs |        1.550 |          1.472 |            2.574 |         2.386 
       abj-bka-kj |        1.262 |          1.203 |            1.565 |         1.237 
       ajb-kba-jk |        1.160 |          1.154 |            1.646 |         1.341 
     abjc-cbka-kj |        2.462 |          2.609 |            2.478 |         2.213 
     ajbc-ckba-jk |        0.303 |          0.293 |            0.652 |         1.970 
     abjc-kbac-jk |        1.581 |          1.539 |            2.497 |         2.312 
   abjcd-dkbac-jk |        1.843 |          1.660 |            1.914 |         2.062 
   adbjc-cbdka-kj |        3.146 |          3.238 |            3.350 |         1.824 
   ajbdc-ckbad-jk |        1.028 |          1.044 |            1.184 |         2.164 
 abcijk-ijma-mkbc |        0.965 |          0.864 |            1.059 |         1.200 
 abcijk-ijmb-mkac |        1.262 |          1.266 |            1.353 |         1.523 
 abcijk-ijmc-mkab |        1.411 |          1.199 |            1.506 |         1.665 
 abcijk-ikma-mjbc |        1.064 |          1.053 |            1.168 |         1.265 
 abcijk-ikmb-mjac |        1.213 |          1.271 |            1.413 |         1.366 
 abcijk-ikmc-mjab |        1.272 |          1.309 |            1.429 |         1.584 
 abcijk-jkma-mibc |        1.039 |          0.982 |            1.161 |         1.353 
 abcijk-jkmb-miac |        1.237 |          1.244 |            1.478 |         1.471 
 abcijk-jkmc-miab |        1.487 |          1.286 |            1.470 |         1.587 
 abcijk-eiab-jkec |        1.358 |          1.196 |            1.450 |         1.447 
 abcijk-eiac-jkeb |        1.242 |          1.160 |            1.413 |         1.490 
 abcijk-eibc-jkea |        1.045 |          1.059 |            1.220 |         1.250 
 abcijk-ejab-ikec |        1.331 |          1.149 |            1.399 |         1.593 
 abcijk-ejac-ikeb |        1.282 |          1.187 |            1.373 |         1.252 
 abcijk-ejbc-ikea |        1.028 |          1.029 |            1.147 |         1.296 
 abcijk-ekab-ijec |        1.293 |          1.354 |            1.503 |         1.646 
 abcijk-ekac-ijeb |        1.316 |          1.209 |            1.414 |         1.627 
 abcijk-ekbc-ijea |        1.103 |          1.189 |            1.143 |         1.257 
       abc-bk-akc |        1.852 |          1.799 |            1.694 |         1.566 
             MEAN |        1.570 |          1.431 |            1.534 |         1.584 

wrote /home/shinaoka/projects/tensor4all/tprims-rs/benchmarks/benchmarks/tcbench/results/scaling-layout/candidate/A2-1m-8t.pending.csv
