# threads: requested=4 pool=4 budget=4
host        : shinaoka-EVO-X1Pro
target      : x86_64 / linux
cpu features: avx2 fma avx512f avx512dq 
caches      : L1=48KiB/12-way/2sh L2=1024KiB/16-way/2sh L3=16384KiB/16-way/8sh (via sysfs), blocking=legacy
l3 domains  : t1=1 t4=1 t8=2
baselines   : tblis=true blas=false
tblis       : abi 2.x, 4 thread(s)

running 49 cases at 16 MiB nominal tensor size, 5 reps, stress=none


=== f64 ===
             case |      m |     n |     k | regA | regB | plan GF/s | packed GF/s | upstream GF/s | tblis GF/s 
------------------+--------+-------+-------+------+------+-----------+-------------+---------------+------------
         ij-ik-kj |   1464 |  1448 |  1464 | 0.00 | 0.00 |     144.5 |       130.3 |         127.1 |      173.7 
       ij-ikl-ljk |    144 |   128 | 18432 | 1.00 | 1.00 |     103.5 |       102.1 |          97.5 |       88.9 
       ij-kil-lkj |    144 |   128 | 20736 | 1.00 | 1.00 |     100.1 |        98.4 |          95.0 |       79.9 
       ijk-ikl-lj |  18432 |   128 |   144 | 1.00 | 1.00 |     155.2 |       159.5 |         154.4 |      105.5 
       ijk-il-jlk |    144 | 18432 |   128 | 1.00 | 1.00 |     114.3 |       114.5 |         105.6 |      141.9 
       ijk-ilk-jl |  18432 |   144 |   128 | 1.00 | 1.00 |     164.7 |       153.3 |         157.8 |      121.9 
       ijk-ilk-lj |  18432 |   128 |   144 | 1.00 | 1.00 |     163.6 |       166.2 |         162.6 |      116.9 
     ijk-ilmk-mjl |   1920 |    40 |  1920 | 1.00 | 1.00 |     124.7 |       126.9 |         133.9 |       83.8 
   ijkl-imjn-lnkm |   1920 |  1920 |  1600 | 1.00 | 1.00 |     180.6 |       180.2 |         176.8 |      177.7 
   ijkl-imjn-nlmk |   1920 |  1600 |  1920 | 1.00 | 1.00 |     180.9 |       181.0 |         178.1 |      172.4 
   ijkl-imkn-jnlm |   1920 |  1920 |  1600 | 1.00 | 1.00 |     182.4 |       183.2 |         177.8 |      177.5 
   ijkl-imkn-njml |   1920 |  1600 |  1920 | 1.00 | 1.00 |     183.5 |       183.4 |         176.5 |      171.3 
   ijkl-imln-jnkm |   1920 |  1920 |  1600 | 1.00 | 1.00 |     183.0 |       182.9 |         177.7 |      176.4 
   ijkl-imln-njmk |   1920 |  1600 |  1920 | 1.00 | 1.00 |     183.5 |       183.4 |         179.1 |      172.3 
   ijkl-imnj-nlkm |   1920 |  1600 |  1920 | 1.00 | 1.00 |     181.3 |       181.1 |         177.8 |      174.0 
   ijkl-imnk-njml |   1920 |  1600 |  1920 | 1.00 | 1.00 |     183.5 |       183.3 |         178.5 |      175.0 
   ijkl-minj-nlmk |   1920 |  1600 |  2304 | 1.00 | 1.00 |     177.9 |       177.6 |         174.7 |      170.2 
   ijkl-mink-jnlm |   1920 |  1920 |  1920 | 1.00 | 1.00 |     181.6 |       181.4 |         176.6 |      176.1 
   ijkl-minl-njmk |   1920 |  1600 |  2304 | 1.00 | 1.00 |     180.1 |       180.1 |         178.6 |      171.4 
     aqrs-pa-pqrs |     48 | 64000 |    48 | 0.00 | 0.00 |     116.3 |       110.0 |          99.4 |       61.5 
     abrs-qb-aqrs |     40 | 76800 |    48 | 1.00 | 1.00 |     104.6 |       127.2 |         121.3 |       63.6 
     abcs-rc-abrs |     40 | 76800 |    48 | 1.00 | 1.00 |     108.0 |       114.1 |         111.1 |       57.0 
       abj-bka-kj |  20736 |   128 |   144 | 1.00 | 1.00 |     136.0 |       136.0 |         131.6 |       80.8 
       ajb-kba-jk |  18432 |   144 |   144 | 1.00 | 1.00 |     154.2 |       147.2 |         151.4 |      125.5 
     abjc-cbka-kj |  92160 |    40 |    48 | 1.00 | 1.00 |      28.5 |        28.5 |          26.8 |       43.5 
     ajbc-ckba-jk |  92160 |    48 |    40 | 1.00 | 1.00 |      47.7 |        47.2 |          44.7 |       64.7 
     abjc-kbac-jk |  76800 |    48 |    48 | 1.00 | 1.00 |      98.0 |        99.7 |          94.8 |       55.5 
   abjcd-dkbac-jk | 230400 |    24 |    20 | 1.00 | 1.00 |      31.4 |        31.5 |          29.6 |       30.1 
   adbjc-cbdka-kj | 230400 |    20 |    24 | 1.00 | 1.00 |      16.5 |        16.6 |          15.9 |       19.5 
   ajbdc-ckbad-jk | 230400 |    24 |    20 | 1.00 | 1.00 |      31.5 |        31.2 |          29.5 |       32.4 
 abcijk-ijma-mkbc |   6912 |  1728 |    24 | 1.00 | 1.00 |     131.0 |       130.4 |         122.8 |      109.9 
 abcijk-ijmb-mkac |   3456 |  3456 |    24 | 1.00 | 0.67 |     124.2 |       124.1 |         116.8 |       66.3 
 abcijk-ijmc-mkab |   3456 |  3456 |    24 | 1.00 | 0.67 |     119.0 |       119.0 |         113.1 |       83.4 
 abcijk-ikma-mjbc |   6912 |  1728 |    24 | 1.00 | 1.00 |     130.7 |       130.7 |         121.2 |      109.6 
 abcijk-ikmb-mjac |   3456 |  3456 |    24 | 1.00 | 0.67 |     122.9 |       123.9 |         116.8 |       89.0 
 abcijk-ikmc-mjab |   3456 |  3456 |    24 | 1.00 | 0.67 |     107.8 |       121.2 |         114.3 |       80.0 
 abcijk-jkma-mibc |   6912 |  1728 |    24 | 1.00 | 1.00 |     132.0 |       132.3 |         123.6 |      111.6 
 abcijk-jkmb-miac |   3456 |  3456 |    24 | 1.00 | 0.67 |     123.2 |       123.5 |         116.1 |       48.6 
 abcijk-jkmc-miab |   3456 |  3456 |    24 | 1.00 | 0.67 |     118.3 |       118.8 |         115.6 |       61.4 
 abcijk-eiab-jkec |   3456 |  3456 |    24 | 1.00 | 0.67 |     120.5 |       118.0 |         114.3 |       61.8 
 abcijk-eiac-jkeb |   3456 |  3456 |    24 | 1.00 | 0.67 |     123.3 |       122.5 |         116.3 |       48.3 
 abcijk-eibc-jkea |   1728 |  6912 |    24 | 1.00 | 1.00 |     131.4 |       133.8 |         124.4 |      110.6 
 abcijk-ejab-ikec |   3456 |  3456 |    24 | 1.00 | 0.67 |     119.1 |       119.5 |         113.5 |       79.9 
 abcijk-ejac-ikeb |   3456 |  3456 |    24 | 1.00 | 0.67 |     124.3 |       123.9 |         116.6 |       89.3 
 abcijk-ejbc-ikea |   1728 |  6912 |    24 | 1.00 | 1.00 |     130.5 |       129.9 |         121.7 |      109.8 
 abcijk-ekab-ijec |   3456 |  3456 |    24 | 1.00 | 0.67 |     118.2 |       120.7 |         114.5 |       84.7 
 abcijk-ekac-ijeb |   3456 |  3456 |    24 | 1.00 | 0.67 |     123.8 |       124.5 |         116.5 |       65.7 
 abcijk-ekbc-ijea |   1728 |  6912 |    24 | 1.00 | 1.00 |     120.1 |       130.8 |         121.5 |      109.8 
       abc-bk-akc |    144 | 18432 |   128 | 1.00 | 1.00 |     164.5 |       166.6 |         162.5 |      120.9 

=== c64 ===
             case |      m |     n |     k | regA | regB | plan GF/s | packed GF/s | upstream GF/s | tblis GF/s 
------------------+--------+-------+-------+------+------+-----------+-------------+---------------+------------
         ij-ik-kj |   1464 |  1448 |  1464 | 1.00 | 1.00 |     190.3 |       190.4 |         189.6 |      184.6 
       ij-ikl-ljk |    144 |   128 | 18432 | 1.00 | 1.00 |     121.7 |       121.0 |         116.4 |      117.6 
       ij-kil-lkj |    144 |   128 | 20736 | 1.00 | 1.00 |     117.0 |       117.0 |         111.9 |      108.3 
       ijk-ikl-lj |  18432 |   128 |   144 | 1.00 | 1.00 |     180.1 |       180.1 |         178.6 |      135.2 
       ijk-il-jlk |    144 | 18432 |   128 | 1.00 | 1.00 |     137.6 |       133.6 |         136.6 |      165.8 
       ijk-ilk-jl |  18432 |   144 |   128 | 1.00 | 1.00 |     190.4 |       190.4 |         187.8 |      146.4 
       ijk-ilk-lj |  18432 |   128 |   144 | 1.00 | 1.00 |     184.5 |       184.0 |         181.8 |      143.6 
     ijk-ilmk-mjl |   1920 |    40 |  1920 | 1.00 | 1.00 |     148.2 |       148.5 |         145.4 |      107.9 
   ijkl-imjn-lnkm |   1920 |  1920 |  1600 | 1.00 | 0.90 |     187.1 |       187.3 |         184.4 |      180.2 
   ijkl-imjn-nlmk |   1920 |  1600 |  1920 | 1.00 | 0.90 |     187.7 |       187.8 |         186.6 |      179.4 
   ijkl-imkn-jnlm |   1920 |  1920 |  1600 | 1.00 | 1.00 |     190.3 |       190.2 |         188.2 |      178.8 
   ijkl-imkn-njml |   1920 |  1600 |  1920 | 1.00 | 0.90 |     189.5 |       189.5 |         187.7 |      178.8 
   ijkl-imln-jnkm |   1920 |  1920 |  1600 | 1.00 | 1.00 |     190.8 |       190.9 |         188.5 |      177.8 
   ijkl-imln-njmk |   1920 |  1600 |  1920 | 1.00 | 0.90 |     190.4 |       190.3 |         188.4 |      178.5 
   ijkl-imnj-nlkm |   1920 |  1600 |  1920 | 1.00 | 0.90 |     187.9 |       188.0 |         186.7 |      179.6 
   ijkl-imnk-njml |   1920 |  1600 |  1920 | 1.00 | 0.90 |     189.9 |       189.7 |         188.1 |      179.6 
   ijkl-minj-nlmk |   1920 |  1600 |  2304 | 1.00 | 0.90 |     185.8 |       185.7 |         184.2 |      178.0 
   ijkl-mink-jnlm |   1920 |  1920 |  1920 | 1.00 | 1.00 |     188.6 |       188.1 |         185.8 |      179.3 
   ijkl-minl-njmk |   1920 |  1600 |  2304 | 1.00 | 0.90 |     187.9 |       187.9 |         185.8 |      178.2 
     aqrs-pa-pqrs |     48 | 64000 |    48 | 1.00 | 1.00 |     147.9 |       147.3 |         142.7 |      107.0 
     abrs-qb-aqrs |     40 | 76800 |    48 | 1.00 | 1.00 |     153.4 |       154.1 |         152.3 |      100.8 
     abcs-rc-abrs |     40 | 76800 |    48 | 1.00 | 1.00 |     147.7 |       148.3 |         144.9 |       95.6 
       abj-bka-kj |  20736 |   128 |   144 | 1.00 | 1.00 |     156.5 |       156.8 |         153.8 |      114.4 
       ajb-kba-jk |  18432 |   144 |   144 | 1.00 | 1.00 |     189.7 |       189.5 |         187.5 |      153.5 
     abjc-cbka-kj |  92160 |    40 |    48 | 1.00 | 1.00 |      70.8 |        71.1 |          69.2 |       74.7 
     ajbc-ckba-jk |  92160 |    48 |    40 | 1.00 | 1.00 |      96.0 |        96.9 |          94.4 |      103.7 
     abjc-kbac-jk |  76800 |    48 |    48 | 1.00 | 1.00 |     153.3 |       154.5 |         152.8 |       78.1 
   abjcd-dkbac-jk | 230400 |    24 |    20 | 0.67 | 1.00 |      68.0 |        67.7 |          64.3 |       61.8 
   adbjc-cbdka-kj | 230400 |    20 |    24 | 0.67 | 1.00 |      36.2 |        38.3 |          36.5 |       47.2 
   ajbdc-ckbad-jk | 230400 |    24 |    20 | 1.00 | 1.00 |      58.6 |        58.3 |          56.2 |       66.6 
 abcijk-ijma-mkbc |   6912 |  1728 |    24 | 1.00 | 1.00 |     166.5 |       165.7 |         161.3 |      141.8 
 abcijk-ijmb-mkac |   3456 |  3456 |    24 | 1.00 | 1.00 |     171.2 |       171.3 |         167.1 |      107.5 
 abcijk-ijmc-mkab |   3456 |  3456 |    24 | 1.00 | 1.00 |     169.1 |       169.0 |         165.6 |      140.6 
 abcijk-ikma-mjbc |   6912 |  1728 |    24 | 1.00 | 1.00 |     166.5 |       166.5 |         161.3 |      142.4 
 abcijk-ikmb-mjac |   3456 |  3456 |    24 | 1.00 | 1.00 |     171.4 |       171.2 |         165.8 |      127.4 
 abcijk-ikmc-mjab |   3456 |  3456 |    24 | 1.00 | 1.00 |     168.6 |       169.2 |         165.4 |      124.0 
 abcijk-jkma-mibc |   6912 |  1728 |    24 | 1.00 | 1.00 |     167.0 |       165.9 |         162.2 |      142.8 
 abcijk-jkmb-miac |   3456 |  3456 |    24 | 1.00 | 1.00 |     169.5 |       170.3 |         165.7 |       84.9 
 abcijk-jkmc-miab |   3456 |  3456 |    24 | 1.00 | 1.00 |     166.6 |       136.4 |         164.0 |      100.5 
 abcijk-eiab-jkec |   3456 |  3456 |    24 | 1.00 | 1.00 |     168.4 |       168.0 |         162.3 |       98.5 
 abcijk-eiac-jkeb |   3456 |  3456 |    24 | 1.00 | 1.00 |     171.2 |       171.0 |         166.2 |       85.2 
 abcijk-eibc-jkea |   1728 |  6912 |    24 | 1.00 | 1.00 |     166.8 |       167.4 |         162.6 |      142.8 
 abcijk-ejab-ikec |   3456 |  3456 |    24 | 1.00 | 1.00 |     168.9 |       167.7 |         165.9 |      124.4 
 abcijk-ejac-ikeb |   3456 |  3456 |    24 | 1.00 | 1.00 |     171.4 |       171.3 |         167.2 |      128.0 
 abcijk-ejbc-ikea |   1728 |  6912 |    24 | 1.00 | 1.00 |     166.1 |       166.2 |         161.2 |      142.2 
 abcijk-ekab-ijec |   3456 |  3456 |    24 | 1.00 | 1.00 |     168.2 |       169.3 |         164.7 |      138.6 
 abcijk-ekac-ijeb |   3456 |  3456 |    24 | 1.00 | 1.00 |     171.2 |       171.6 |         166.8 |      108.3 
 abcijk-ekbc-ijea |   1728 |  6912 |    24 | 1.00 | 1.00 |     166.3 |       165.6 |         161.6 |      141.6 
       abc-bk-akc |    144 | 18432 |   128 | 1.00 | 1.00 |     189.9 |       190.1 |         188.0 |      147.3 

=== complex efficiency ratio (c64 GF/s over f64 GF/s; 1.0 = no penalty) ===
             case | plan c64/f64 | packed c64/f64 | upstream c64/f64 | tblis c64/f64 
------------------+--------------+----------------+------------------+---------------
         ij-ik-kj |        1.317 |          1.461 |            1.492 |         1.063 
       ij-ikl-ljk |        1.176 |          1.186 |            1.194 |         1.322 
       ij-kil-lkj |        1.168 |          1.188 |            1.178 |         1.355 
       ijk-ikl-lj |        1.161 |          1.129 |            1.156 |         1.282 
       ijk-il-jlk |        1.204 |          1.166 |            1.293 |         1.169 
       ijk-ilk-jl |        1.156 |          1.242 |            1.191 |         1.201 
       ijk-ilk-lj |        1.128 |          1.107 |            1.118 |         1.229 
     ijk-ilmk-mjl |        1.189 |          1.170 |            1.086 |         1.289 
   ijkl-imjn-lnkm |        1.036 |          1.039 |            1.043 |         1.014 
   ijkl-imjn-nlmk |        1.037 |          1.038 |            1.048 |         1.041 
   ijkl-imkn-jnlm |        1.043 |          1.038 |            1.058 |         1.007 
   ijkl-imkn-njml |        1.033 |          1.033 |            1.063 |         1.044 
   ijkl-imln-jnkm |        1.043 |          1.044 |            1.061 |         1.008 
   ijkl-imln-njmk |        1.037 |          1.038 |            1.052 |         1.036 
   ijkl-imnj-nlkm |        1.036 |          1.038 |            1.050 |         1.032 
   ijkl-imnk-njml |        1.035 |          1.035 |            1.054 |         1.026 
   ijkl-minj-nlmk |        1.044 |          1.046 |            1.054 |         1.046 
   ijkl-mink-jnlm |        1.039 |          1.037 |            1.052 |         1.018 
   ijkl-minl-njmk |        1.043 |          1.043 |            1.040 |         1.040 
     aqrs-pa-pqrs |        1.271 |          1.339 |            1.435 |         1.740 
     abrs-qb-aqrs |        1.467 |          1.211 |            1.255 |         1.585 
     abcs-rc-abrs |        1.368 |          1.300 |            1.303 |         1.676 
       abj-bka-kj |        1.151 |          1.153 |            1.168 |         1.417 
       ajb-kba-jk |        1.230 |          1.288 |            1.238 |         1.223 
     abjc-cbka-kj |        2.487 |          2.496 |            2.578 |         1.719 
     ajbc-ckba-jk |        2.015 |          2.055 |            2.113 |         1.604 
     abjc-kbac-jk |        1.564 |          1.549 |            1.611 |         1.407 
   abjcd-dkbac-jk |        2.163 |          2.150 |            2.176 |         2.050 
   adbjc-cbdka-kj |        2.195 |          2.302 |            2.297 |         2.419 
   ajbdc-ckbad-jk |        1.860 |          1.867 |            1.907 |         2.055 
 abcijk-ijma-mkbc |        1.271 |          1.271 |            1.314 |         1.291 
 abcijk-ijmb-mkac |        1.378 |          1.381 |            1.431 |         1.623 
 abcijk-ijmc-mkab |        1.421 |          1.421 |            1.463 |         1.687 
 abcijk-ikma-mjbc |        1.274 |          1.273 |            1.330 |         1.299 
 abcijk-ikmb-mjac |        1.395 |          1.382 |            1.420 |         1.432 
 abcijk-ikmc-mjab |        1.565 |          1.397 |            1.448 |         1.551 
 abcijk-jkma-mibc |        1.265 |          1.255 |            1.313 |         1.279 
 abcijk-jkmb-miac |        1.376 |          1.379 |            1.426 |         1.745 
 abcijk-jkmc-miab |        1.408 |          1.149 |            1.418 |         1.636 
 abcijk-eiab-jkec |        1.398 |          1.423 |            1.419 |         1.594 
 abcijk-eiac-jkeb |        1.389 |          1.396 |            1.429 |         1.765 
 abcijk-eibc-jkea |        1.269 |          1.251 |            1.307 |         1.291 
 abcijk-ejab-ikec |        1.419 |          1.403 |            1.462 |         1.557 
 abcijk-ejac-ikeb |        1.379 |          1.383 |            1.433 |         1.433 
 abcijk-ejbc-ikea |        1.273 |          1.279 |            1.325 |         1.294 
 abcijk-ekab-ijec |        1.423 |          1.402 |            1.438 |         1.636 
 abcijk-ekac-ijeb |        1.383 |          1.379 |            1.432 |         1.647 
 abcijk-ekbc-ijea |        1.384 |          1.267 |            1.330 |         1.290 
       abc-bk-akc |        1.154 |          1.141 |            1.157 |         1.218 
             MEAN |        1.337 |          1.327 |            1.360 |         1.396 

wrote /home/shinaoka/projects/tensor4all/tprims-rs/benchmarks/benchmarks/tcbench/results/scaling-baseline/A-16m-4t.pending.csv
