# threads: requested=8 pool=8 budget=8
host        : shinaoka-EVO-X1Pro
target      : x86_64 / linux
cpu features: avx2 fma avx512f avx512dq 
caches      : L1=48KiB/12-way/2sh L2=1024KiB/16-way/2sh L3=16384KiB/16-way/8sh (via sysfs), blocking=legacy
l3 domains  : t1=1 t4=1 t8=2 t16=4
baselines   : tblis=true blas=false
tblis       : abi 2.x, 8 thread(s)

running 49 cases at 16 MiB nominal tensor size, 5 reps, stress=none


=== f64 ===
             case |      m |     n |     k | regA | regB | plan GF/s | packed GF/s | upstream GF/s | tblis GF/s 
------------------+--------+-------+-------+------+------+-----------+-------------+---------------+------------
         ij-ik-kj |   1464 |  1448 |  1464 | 0.00 | 0.00 |     283.7 |       254.4 |         247.4 |      318.0 
       ij-ikl-ljk |    144 |   128 | 18432 | 1.00 | 1.00 |     197.4 |       214.5 |         193.7 |      133.3 
       ij-kil-lkj |    144 |   128 | 20736 | 1.00 | 1.00 |     182.3 |       182.1 |         170.7 |      118.0 
       ijk-ikl-lj |  18432 |   128 |   144 | 1.00 | 1.00 |     282.0 |       280.0 |         265.3 |      167.2 
       ijk-il-jlk |    144 | 18432 |   128 | 1.00 | 1.00 |     291.9 |       277.9 |         280.6 |      263.5 
       ijk-ilk-jl |  18432 |   144 |   128 | 1.00 | 1.00 |     308.5 |       311.9 |         294.1 |      196.6 
       ijk-ilk-lj |  18432 |   128 |   144 | 1.00 | 1.00 |     303.3 |       311.0 |         294.8 |      186.9 
     ijk-ilmk-mjl |   1920 |    40 |  1920 | 1.00 | 1.00 |     171.7 |       219.6 |         189.1 |      151.6 
   ijkl-imjn-lnkm |   1920 |  1920 |  1600 | 1.00 | 1.00 |     331.2 |       331.5 |         324.2 |      328.1 
   ijkl-imjn-nlmk |   1920 |  1600 |  1920 | 1.00 | 1.00 |     328.2 |       328.4 |         321.5 |      327.5 
   ijkl-imkn-jnlm |   1920 |  1920 |  1600 | 1.00 | 1.00 |     346.7 |       347.2 |         339.9 |      321.8 
   ijkl-imkn-njml |   1920 |  1600 |  1920 | 1.00 | 1.00 |     344.7 |       341.4 |         337.3 |      327.4 
   ijkl-imln-jnkm |   1920 |  1920 |  1600 | 1.00 | 1.00 |     348.6 |       349.6 |         341.9 |      319.8 
   ijkl-imln-njmk |   1920 |  1600 |  1920 | 1.00 | 1.00 |     345.8 |       344.3 |         337.9 |      328.6 
   ijkl-imnj-nlkm |   1920 |  1600 |  1920 | 1.00 | 1.00 |     327.7 |       327.1 |         318.9 |      333.0 
   ijkl-imnk-njml |   1920 |  1600 |  1920 | 1.00 | 1.00 |     342.6 |       340.7 |         335.8 |      330.0 
   ijkl-minj-nlmk |   1920 |  1600 |  2304 | 1.00 | 1.00 |     327.4 |       326.9 |         319.9 |      318.7 
   ijkl-mink-jnlm |   1920 |  1920 |  1920 | 1.00 | 1.00 |     345.3 |       347.5 |         342.2 |      324.0 
   ijkl-minl-njmk |   1920 |  1600 |  2304 | 1.00 | 1.00 |     347.6 |       348.8 |         345.4 |      315.7 
     aqrs-pa-pqrs |     48 | 64000 |    48 | 0.00 | 0.00 |     194.9 |       177.7 |         159.9 |      107.7 
     abrs-qb-aqrs |     40 | 76800 |    48 | 1.00 | 1.00 |     196.2 |       194.2 |         180.3 |      105.8 
     abcs-rc-abrs |     40 | 76800 |    48 | 1.00 | 1.00 |     146.3 |       148.7 |         138.5 |       71.2 
       abj-bka-kj |  20736 |   128 |   144 | 1.00 | 1.00 |     186.9 |       165.9 |         170.1 |      119.5 
       ajb-kba-jk |  18432 |   144 |   144 | 1.00 | 1.00 |     284.8 |       281.4 |         264.4 |      194.8 
     abjc-cbka-kj |  92160 |    40 |    48 | 1.00 | 1.00 |      42.4 |        42.2 |          41.2 |       57.3 
     ajbc-ckba-jk |  92160 |    48 |    40 | 1.00 | 1.00 |      70.1 |        70.2 |          66.6 |       87.2 
     abjc-kbac-jk |  76800 |    48 |    48 | 1.00 | 1.00 |     147.1 |       148.0 |         137.5 |       76.5 
   abjcd-dkbac-jk | 230400 |    24 |    20 | 1.00 | 1.00 |      50.1 |        50.1 |          46.3 |       42.9 
   adbjc-cbdka-kj | 230400 |    20 |    24 | 1.00 | 1.00 |      27.4 |        27.1 |          25.9 |       23.9 
   ajbdc-ckbad-jk | 230400 |    24 |    20 | 1.00 | 1.00 |      50.5 |        50.4 |          45.9 |       46.8 
 abcijk-ijma-mkbc |   6912 |  1728 |    24 | 1.00 | 1.00 |     155.9 |       156.5 |         154.1 |      147.2 
 abcijk-ijmb-mkac |   3456 |  3456 |    24 | 1.00 | 0.67 |     161.4 |       161.8 |         153.0 |       81.5 
 abcijk-ijmc-mkab |   3456 |  3456 |    24 | 1.00 | 0.67 |     153.8 |       160.2 |         153.0 |      104.6 
 abcijk-ikma-mjbc |   6912 |  1728 |    24 | 1.00 | 1.00 |     156.4 |       156.7 |         153.8 |      147.3 
 abcijk-ikmb-mjac |   3456 |  3456 |    24 | 1.00 | 0.67 |     159.3 |       159.7 |         150.4 |      120.2 
 abcijk-ikmc-mjab |   3456 |  3456 |    24 | 1.00 | 0.67 |     160.6 |       153.7 |         153.2 |      110.7 
 abcijk-jkma-mibc |   6912 |  1728 |    24 | 1.00 | 1.00 |     156.7 |       155.2 |         151.8 |      150.6 
 abcijk-jkmb-miac |   3456 |  3456 |    24 | 1.00 | 0.67 |     161.5 |       159.8 |         151.5 |       79.1 
 abcijk-jkmc-miab |   3456 |  3456 |    24 | 1.00 | 0.67 |     158.6 |       158.1 |         153.4 |       86.8 
 abcijk-eiab-jkec |   3456 |  3456 |    24 | 1.00 | 0.67 |     161.3 |       158.8 |         154.8 |       85.2 
 abcijk-eiac-jkeb |   3456 |  3456 |    24 | 1.00 | 0.67 |     162.8 |       159.7 |         153.5 |       78.1 
 abcijk-eibc-jkea |   1728 |  6912 |    24 | 1.00 | 1.00 |     155.0 |       154.6 |         155.3 |      150.2 
 abcijk-ejab-ikec |   3456 |  3456 |    24 | 1.00 | 0.67 |     157.4 |       153.7 |         152.8 |      111.8 
 abcijk-ejac-ikeb |   3456 |  3456 |    24 | 1.00 | 0.67 |     162.4 |       159.6 |         152.1 |      121.0 
 abcijk-ejbc-ikea |   1728 |  6912 |    24 | 1.00 | 1.00 |     156.2 |       155.9 |         152.6 |      147.4 
 abcijk-ekab-ijec |   3456 |  3456 |    24 | 1.00 | 0.67 |     159.4 |       156.6 |         151.5 |      107.6 
 abcijk-ekac-ijeb |   3456 |  3456 |    24 | 1.00 | 0.67 |     161.3 |       159.2 |         152.7 |       82.8 
 abcijk-ekbc-ijea |   1728 |  6912 |    24 | 1.00 | 1.00 |     156.3 |       155.9 |         154.2 |      147.8 
       abc-bk-akc |    144 | 18432 |   128 | 1.00 | 1.00 |     297.3 |       310.4 |         298.2 |      196.2 

=== c64 ===
             case |      m |     n |     k | regA | regB | plan GF/s | packed GF/s | upstream GF/s | tblis GF/s 
------------------+--------+-------+-------+------+------+-----------+-------------+---------------+------------
         ij-ik-kj |   1464 |  1448 |  1464 | 1.00 | 1.00 |     348.4 |       347.3 |         336.8 |      359.2 
       ij-ikl-ljk |    144 |   128 | 18432 | 1.00 | 1.00 |     168.1 |       168.0 |         161.1 |      191.9 
       ij-kil-lkj |    144 |   128 | 20736 | 1.00 | 1.00 |     165.3 |       164.5 |         157.3 |      173.8 
       ijk-ikl-lj |  18432 |   128 |   144 | 1.00 | 1.00 |     318.7 |       331.0 |         337.7 |      231.9 
       ijk-il-jlk |    144 | 18432 |   128 | 1.00 | 1.00 |     202.2 |       202.0 |         200.9 |      328.5 
       ijk-ilk-jl |  18432 |   144 |   128 | 1.00 | 1.00 |     364.6 |       355.3 |         362.8 |      258.1 
       ijk-ilk-lj |  18432 |   128 |   144 | 1.00 | 1.00 |     338.8 |       357.4 |         350.4 |      251.3 
     ijk-ilmk-mjl |   1920 |    40 |  1920 | 1.00 | 1.00 |     239.8 |       271.3 |         259.0 |      200.3 
   ijkl-imjn-lnkm |   1920 |  1920 |  1600 | 1.00 | 0.90 |     346.9 |       346.4 |         340.9 |      352.2 
   ijkl-imjn-nlmk |   1920 |  1600 |  1920 | 1.00 | 0.90 |     351.2 |       351.6 |         344.9 |      351.2 
   ijkl-imkn-jnlm |   1920 |  1920 |  1600 | 1.00 | 1.00 |     362.1 |       362.1 |         354.7 |      347.3 
   ijkl-imkn-njml |   1920 |  1600 |  1920 | 1.00 | 0.90 |     357.0 |       357.1 |         350.1 |      350.0 
   ijkl-imln-jnkm |   1920 |  1920 |  1600 | 1.00 | 1.00 |     361.8 |       362.2 |         354.1 |      346.3 
   ijkl-imln-njmk |   1920 |  1600 |  1920 | 1.00 | 0.90 |     358.4 |       358.7 |         351.0 |      352.2 
   ijkl-imnj-nlkm |   1920 |  1600 |  1920 | 1.00 | 0.90 |     353.3 |       352.6 |         345.8 |      352.2 
   ijkl-imnk-njml |   1920 |  1600 |  1920 | 1.00 | 0.90 |     359.7 |       359.7 |         351.3 |      351.4 
   ijkl-minj-nlmk |   1920 |  1600 |  2304 | 1.00 | 0.90 |     352.3 |       352.0 |         347.6 |      348.6 
   ijkl-mink-jnlm |   1920 |  1920 |  1920 | 1.00 | 1.00 |     362.5 |       362.3 |         355.3 |      347.8 
   ijkl-minl-njmk |   1920 |  1600 |  2304 | 1.00 | 0.90 |     360.0 |       360.1 |         353.4 |      351.1 
     aqrs-pa-pqrs |     48 | 64000 |    48 | 1.00 | 1.00 |     266.1 |       272.3 |         262.3 |      199.4 
     abrs-qb-aqrs |     40 | 76800 |    48 | 1.00 | 1.00 |     283.5 |       283.6 |         278.7 |      146.5 
     abcs-rc-abrs |     40 | 76800 |    48 | 1.00 | 1.00 |     250.9 |       250.8 |         242.4 |      129.9 
       abj-bka-kj |  20736 |   128 |   144 | 1.00 | 1.00 |     281.3 |       281.4 |         275.3 |      193.2 
       ajb-kba-jk |  18432 |   144 |   144 | 1.00 | 1.00 |     367.0 |       368.2 |         358.3 |      268.8 
     abjc-cbka-kj |  92160 |    40 |    48 | 1.00 | 1.00 |     118.2 |       121.1 |         118.7 |      100.1 
     ajbc-ckba-jk |  92160 |    48 |    40 | 1.00 | 1.00 |      35.2 |        34.9 |          33.8 |      141.3 
     abjc-kbac-jk |  76800 |    48 |    48 | 1.00 | 1.00 |     208.3 |       208.0 |         202.1 |      132.4 
   abjcd-dkbac-jk | 230400 |    24 |    20 | 0.67 | 1.00 |      99.6 |        99.7 |          96.7 |       82.1 
   adbjc-cbdka-kj | 230400 |    20 |    24 | 0.67 | 1.00 |      62.4 |        62.5 |          65.3 |       62.5 
   ajbdc-ckbad-jk | 230400 |    24 |    20 | 1.00 | 1.00 |      36.9 |        33.3 |          27.9 |       91.9 
 abcijk-ijma-mkbc |   6912 |  1728 |    24 | 1.00 | 1.00 |     225.6 |       224.9 |         218.2 |      234.1 
 abcijk-ijmb-mkac |   3456 |  3456 |    24 | 1.00 | 1.00 |     268.5 |       275.8 |         275.5 |      171.5 
 abcijk-ijmc-mkab |   3456 |  3456 |    24 | 1.00 | 1.00 |     254.8 |       254.5 |         257.2 |      221.9 
 abcijk-ikma-mjbc |   6912 |  1728 |    24 | 1.00 | 1.00 |     217.8 |       219.0 |         214.3 |      232.9 
 abcijk-ikmb-mjac |   3456 |  3456 |    24 | 1.00 | 1.00 |     274.6 |       275.9 |         275.9 |      209.9 
 abcijk-ikmc-mjab |   3456 |  3456 |    24 | 1.00 | 1.00 |     256.5 |       256.4 |         257.9 |      197.0 
 abcijk-jkma-mibc |   6912 |  1728 |    24 | 1.00 | 1.00 |     226.8 |       223.9 |         219.0 |      236.3 
 abcijk-jkmb-miac |   3456 |  3456 |    24 | 1.00 | 1.00 |     277.3 |       288.9 |         283.5 |      134.9 
 abcijk-jkmc-miab |   3456 |  3456 |    24 | 1.00 | 1.00 |     255.5 |       255.7 |         254.5 |      156.7 
 abcijk-eiab-jkec |   3456 |  3456 |    24 | 1.00 | 1.00 |     257.1 |       256.5 |         257.1 |      158.2 
 abcijk-eiac-jkeb |   3456 |  3456 |    24 | 1.00 | 1.00 |     282.5 |       287.1 |         265.2 |      135.4 
 abcijk-eibc-jkea |   1728 |  6912 |    24 | 1.00 | 1.00 |     222.2 |       224.3 |         219.1 |      235.4 
 abcijk-ejab-ikec |   3456 |  3456 |    24 | 1.00 | 1.00 |     256.4 |       257.3 |         259.4 |      196.2 
 abcijk-ejac-ikeb |   3456 |  3456 |    24 | 1.00 | 1.00 |     259.7 |       273.4 |         274.7 |      210.2 
 abcijk-ejbc-ikea |   1728 |  6912 |    24 | 1.00 | 1.00 |     219.5 |       218.5 |         214.3 |      234.1 
 abcijk-ekab-ijec |   3456 |  3456 |    24 | 1.00 | 1.00 |     256.3 |       256.1 |         258.1 |      220.4 
 abcijk-ekac-ijeb |   3456 |  3456 |    24 | 1.00 | 1.00 |     270.0 |       273.1 |         279.9 |      170.9 
 abcijk-ekbc-ijea |   1728 |  6912 |    24 | 1.00 | 1.00 |     226.3 |       226.7 |         217.9 |      233.6 
       abc-bk-akc |    144 | 18432 |   128 | 1.00 | 1.00 |     340.3 |       367.8 |         364.0 |      258.3 

=== complex efficiency ratio (c64 GF/s over f64 GF/s; 1.0 = no penalty) ===
             case | plan c64/f64 | packed c64/f64 | upstream c64/f64 | tblis c64/f64 
------------------+--------------+----------------+------------------+---------------
         ij-ik-kj |        1.228 |          1.365 |            1.361 |         1.129 
       ij-ikl-ljk |        0.852 |          0.783 |            0.832 |         1.440 
       ij-kil-lkj |        0.907 |          0.904 |            0.922 |         1.473 
       ijk-ikl-lj |        1.130 |          1.182 |            1.273 |         1.387 
       ijk-il-jlk |        0.693 |          0.727 |            0.716 |         1.247 
       ijk-ilk-jl |        1.182 |          1.139 |            1.234 |         1.313 
       ijk-ilk-lj |        1.117 |          1.149 |            1.189 |         1.344 
     ijk-ilmk-mjl |        1.397 |          1.236 |            1.369 |         1.321 
   ijkl-imjn-lnkm |        1.048 |          1.045 |            1.052 |         1.073 
   ijkl-imjn-nlmk |        1.070 |          1.071 |            1.073 |         1.072 
   ijkl-imkn-jnlm |        1.044 |          1.043 |            1.043 |         1.079 
   ijkl-imkn-njml |        1.036 |          1.046 |            1.038 |         1.069 
   ijkl-imln-jnkm |        1.038 |          1.036 |            1.036 |         1.083 
   ijkl-imln-njmk |        1.037 |          1.042 |            1.039 |         1.072 
   ijkl-imnj-nlkm |        1.078 |          1.078 |            1.084 |         1.058 
   ijkl-imnk-njml |        1.050 |          1.056 |            1.046 |         1.065 
   ijkl-minj-nlmk |        1.076 |          1.077 |            1.086 |         1.094 
   ijkl-mink-jnlm |        1.050 |          1.043 |            1.038 |         1.073 
   ijkl-minl-njmk |        1.036 |          1.033 |            1.023 |         1.112 
     aqrs-pa-pqrs |        1.365 |          1.532 |            1.640 |         1.851 
     abrs-qb-aqrs |        1.445 |          1.461 |            1.545 |         1.385 
     abcs-rc-abrs |        1.715 |          1.687 |            1.750 |         1.824 
       abj-bka-kj |        1.505 |          1.696 |            1.618 |         1.618 
       ajb-kba-jk |        1.289 |          1.308 |            1.355 |         1.380 
     abjc-cbka-kj |        2.786 |          2.872 |            2.880 |         1.747 
     ajbc-ckba-jk |        0.501 |          0.497 |            0.508 |         1.620 
     abjc-kbac-jk |        1.416 |          1.406 |            1.470 |         1.732 
   abjcd-dkbac-jk |        1.990 |          1.988 |            2.090 |         1.915 
   adbjc-cbdka-kj |        2.281 |          2.306 |            2.516 |         2.613 
   ajbdc-ckbad-jk |        0.731 |          0.661 |            0.608 |         1.961 
 abcijk-ijma-mkbc |        1.447 |          1.437 |            1.416 |         1.590 
 abcijk-ijmb-mkac |        1.664 |          1.705 |            1.801 |         2.103 
 abcijk-ijmc-mkab |        1.657 |          1.589 |            1.681 |         2.122 
 abcijk-ikma-mjbc |        1.393 |          1.397 |            1.393 |         1.582 
 abcijk-ikmb-mjac |        1.724 |          1.728 |            1.835 |         1.746 
 abcijk-ikmc-mjab |        1.597 |          1.669 |            1.683 |         1.779 
 abcijk-jkma-mibc |        1.447 |          1.443 |            1.442 |         1.570 
 abcijk-jkmb-miac |        1.717 |          1.808 |            1.871 |         1.706 
 abcijk-jkmc-miab |        1.611 |          1.617 |            1.659 |         1.805 
 abcijk-eiab-jkec |        1.594 |          1.616 |            1.661 |         1.857 
 abcijk-eiac-jkeb |        1.736 |          1.798 |            1.727 |         1.734 
 abcijk-eibc-jkea |        1.433 |          1.450 |            1.410 |         1.567 
 abcijk-ejab-ikec |        1.629 |          1.674 |            1.698 |         1.755 
 abcijk-ejac-ikeb |        1.599 |          1.712 |            1.806 |         1.738 
 abcijk-ejbc-ikea |        1.405 |          1.402 |            1.405 |         1.588 
 abcijk-ekab-ijec |        1.608 |          1.636 |            1.704 |         2.047 
 abcijk-ekac-ijeb |        1.674 |          1.715 |            1.833 |         2.065 
 abcijk-ekbc-ijea |        1.448 |          1.454 |            1.413 |         1.580 
       abc-bk-akc |        1.145 |          1.185 |            1.221 |         1.317 
             MEAN |        1.360 |          1.378 |            1.410 |         1.539 

wrote /home/shinaoka/projects/tensor4all/tprims-rs/benchmarks/benchmarks/tcbench/results/scaling-baseline/A-16m-8t.pending.csv
