# threads: requested=1 pool=1 budget=1
host        : shinaoka-EVO-X1Pro
target      : x86_64 / linux
cpu features: avx2 fma avx512f avx512dq 
caches      : L1=48KiB/12-way/2sh L2=1024KiB/16-way/2sh L3=16384KiB/16-way/8sh (via sysfs), blocking=legacy
l3 domains  : t1=1
baselines   : tblis=true blas=false
tblis       : abi 2.x, 1 thread(s)

running 49 cases at 16 MiB nominal tensor size, 5 reps, stress=none


=== f64 ===
             case |      m |     n |     k | regA | regB | plan GF/s | packed GF/s | upstream GF/s | tblis GF/s 
------------------+--------+-------+-------+------+------+-----------+-------------+---------------+------------
         ij-ik-kj |   1464 |  1448 |  1464 | 0.00 | 0.00 |      36.4 |        48.0 |          47.7 |       45.5 
       ij-ikl-ljk |    144 |   128 | 18432 | 1.00 | 1.00 |      38.1 |        38.1 |          37.0 |       27.6 
       ij-kil-lkj |    144 |   128 | 20736 | 1.00 | 1.00 |      36.0 |        36.0 |          35.1 |       25.2 
       ijk-ikl-lj |  18432 |   128 |   144 | 1.00 | 1.00 |      42.9 |        42.9 |          41.5 |       34.9 
       ijk-il-jlk |    144 | 18432 |   128 | 1.00 | 1.00 |      38.7 |        38.7 |          35.2 |       36.1 
       ijk-ilk-jl |  18432 |   144 |   128 | 1.00 | 1.00 |      44.6 |        44.6 |          44.1 |       36.0 
       ijk-ilk-lj |  18432 |   128 |   144 | 1.00 | 1.00 |      44.4 |        44.3 |          44.0 |       33.8 
     ijk-ilmk-mjl |   1920 |    40 |  1920 | 1.00 | 1.00 |      40.0 |        40.0 |          39.7 |       21.9 
   ijkl-imjn-lnkm |   1920 |  1920 |  1600 | 1.00 | 1.00 |      46.6 |        46.5 |          46.2 |       46.5 
   ijkl-imjn-nlmk |   1920 |  1600 |  1920 | 1.00 | 1.00 |      46.7 |        46.7 |          45.9 |       44.8 
   ijkl-imkn-jnlm |   1920 |  1920 |  1600 | 1.00 | 1.00 |      46.7 |        46.7 |          46.1 |       46.3 
   ijkl-imkn-njml |   1920 |  1600 |  1920 | 1.00 | 1.00 |      46.6 |        46.6 |          46.3 |       45.2 
   ijkl-imln-jnkm |   1920 |  1920 |  1600 | 1.00 | 1.00 |      46.8 |        46.8 |          46.2 |       45.9 
   ijkl-imln-njmk |   1920 |  1600 |  1920 | 1.00 | 1.00 |      46.9 |        46.9 |          46.5 |       45.6 
   ijkl-imnj-nlkm |   1920 |  1600 |  1920 | 1.00 | 1.00 |      46.6 |        46.6 |          46.1 |       45.7 
   ijkl-imnk-njml |   1920 |  1600 |  1920 | 1.00 | 1.00 |      47.1 |        47.1 |          46.6 |       46.0 
   ijkl-minj-nlmk |   1920 |  1600 |  2304 | 1.00 | 1.00 |      46.0 |        46.1 |          45.7 |       45.1 
   ijkl-mink-jnlm |   1920 |  1920 |  1920 | 1.00 | 1.00 |      46.3 |        46.4 |          46.1 |       46.1 
   ijkl-minl-njmk |   1920 |  1600 |  2304 | 1.00 | 1.00 |      45.9 |        45.9 |          45.9 |       45.4 
     aqrs-pa-pqrs |     48 | 64000 |    48 | 0.00 | 0.00 |      39.6 |        33.1 |          30.2 |       19.0 
     abrs-qb-aqrs |     40 | 76800 |    48 | 1.00 | 1.00 |      34.9 |        35.2 |          34.6 |       21.6 
     abcs-rc-abrs |     40 | 76800 |    48 | 1.00 | 1.00 |      30.8 |        31.0 |          28.5 |       21.2 
       abj-bka-kj |  20736 |   128 |   144 | 1.00 | 1.00 |      38.8 |        38.7 |          38.6 |       26.0 
       ajb-kba-jk |  18432 |   144 |   144 | 1.00 | 1.00 |      43.1 |        43.1 |          42.3 |       37.0 
     abjc-cbka-kj |  92160 |    40 |    48 | 1.00 | 1.00 |      10.4 |        10.3 |          10.0 |       14.5 
     ajbc-ckba-jk |  92160 |    48 |    40 | 1.00 | 1.00 |      17.8 |        17.8 |          17.3 |       19.9 
     abjc-kbac-jk |  76800 |    48 |    48 | 1.00 | 1.00 |      29.1 |        29.1 |          29.1 |       19.4 
   abjcd-dkbac-jk | 230400 |    24 |    20 | 1.00 | 1.00 |      13.4 |        13.5 |          12.2 |        9.9 
   adbjc-cbdka-kj | 230400 |    20 |    24 | 1.00 | 1.00 |       5.4 |         5.4 |           5.1 |        7.9 
   ajbdc-ckbad-jk | 230400 |    24 |    20 | 1.00 | 1.00 |      13.0 |        13.0 |          11.8 |       10.5 
 abcijk-ijma-mkbc |   6912 |  1728 |    24 | 1.00 | 1.00 |      41.8 |        41.6 |          40.1 |       32.7 
 abcijk-ijmb-mkac |   3456 |  3456 |    24 | 1.00 | 0.67 |      40.5 |        41.1 |          38.2 |       23.8 
 abcijk-ijmc-mkab |   3456 |  3456 |    24 | 1.00 | 0.67 |      39.8 |        39.9 |          37.2 |       30.6 
 abcijk-ikma-mjbc |   6912 |  1728 |    24 | 1.00 | 1.00 |      41.3 |        41.4 |          39.1 |       32.6 
 abcijk-ikmb-mjac |   3456 |  3456 |    24 | 1.00 | 0.67 |      41.0 |        40.8 |          38.0 |       29.1 
 abcijk-ikmc-mjab |   3456 |  3456 |    24 | 1.00 | 0.67 |      39.7 |        39.7 |          37.4 |       25.0 
 abcijk-jkma-mibc |   6912 |  1728 |    24 | 1.00 | 1.00 |      42.2 |        42.0 |          40.4 |       32.6 
 abcijk-jkmb-miac |   3456 |  3456 |    24 | 1.00 | 0.67 |      40.9 |        40.7 |          38.1 |       16.0 
 abcijk-jkmc-miab |   3456 |  3456 |    24 | 1.00 | 0.67 |      40.1 |        40.0 |          37.7 |       21.5 
 abcijk-eiab-jkec |   3456 |  3456 |    24 | 1.00 | 0.67 |      40.1 |        40.1 |          37.6 |       21.8 
 abcijk-eiac-jkeb |   3456 |  3456 |    24 | 1.00 | 0.67 |      41.3 |        41.1 |          37.8 |       16.3 
 abcijk-eibc-jkea |   1728 |  6912 |    24 | 1.00 | 1.00 |      42.0 |        41.9 |          40.1 |       32.7 
 abcijk-ejab-ikec |   3456 |  3456 |    24 | 1.00 | 0.67 |      39.8 |        39.6 |          37.3 |       25.3 
 abcijk-ejac-ikeb |   3456 |  3456 |    24 | 1.00 | 0.67 |      41.0 |        40.6 |          38.2 |       29.1 
 abcijk-ejbc-ikea |   1728 |  6912 |    24 | 1.00 | 1.00 |      41.2 |        40.9 |          38.8 |       32.7 
 abcijk-ekab-ijec |   3456 |  3456 |    24 | 1.00 | 0.67 |      39.9 |        39.8 |          37.4 |       30.7 
 abcijk-ekac-ijeb |   3456 |  3456 |    24 | 1.00 | 0.67 |      41.4 |        40.7 |          38.2 |       23.5 
 abcijk-ekbc-ijea |   1728 |  6912 |    24 | 1.00 | 1.00 |      41.3 |        41.2 |          39.4 |       32.7 
       abc-bk-akc |    144 | 18432 |   128 | 1.00 | 1.00 |      44.4 |        44.4 |          43.1 |       35.4 

=== c64 ===
             case |      m |     n |     k | regA | regB | plan GF/s | packed GF/s | upstream GF/s | tblis GF/s 
------------------+--------+-------+-------+------+------+-----------+-------------+---------------+------------
         ij-ik-kj |   1464 |  1448 |  1464 | 1.00 | 1.00 |      48.1 |        48.0 |          48.1 |       46.7 
       ij-ikl-ljk |    144 |   128 | 18432 | 1.00 | 1.00 |      42.0 |        42.0 |          40.2 |       33.9 
       ij-kil-lkj |    144 |   128 | 20736 | 1.00 | 1.00 |      40.3 |        40.3 |          38.4 |       30.7 
       ijk-ikl-lj |  18432 |   128 |   144 | 1.00 | 1.00 |      46.4 |        46.4 |          46.0 |       36.3 
       ijk-il-jlk |    144 | 18432 |   128 | 1.00 | 1.00 |      44.6 |        44.6 |          43.8 |       41.9 
       ijk-ilk-jl |  18432 |   144 |   128 | 1.00 | 1.00 |      48.4 |        48.4 |          47.9 |       38.9 
       ijk-ilk-lj |  18432 |   128 |   144 | 1.00 | 1.00 |      47.2 |        47.2 |          46.6 |       37.9 
     ijk-ilmk-mjl |   1920 |    40 |  1920 | 1.00 | 1.00 |      41.6 |        41.7 |          40.3 |       28.2 
   ijkl-imjn-lnkm |   1920 |  1920 |  1600 | 1.00 | 0.90 |      47.9 |        47.7 |          47.8 |       45.1 
   ijkl-imjn-nlmk |   1920 |  1600 |  1920 | 1.00 | 0.90 |      47.7 |        47.8 |          47.6 |       45.1 
   ijkl-imkn-jnlm |   1920 |  1920 |  1600 | 1.00 | 1.00 |      48.0 |        48.0 |          47.8 |       45.0 
   ijkl-imkn-njml |   1920 |  1600 |  1920 | 1.00 | 0.90 |      48.0 |        48.1 |          47.9 |       45.0 
   ijkl-imln-jnkm |   1920 |  1920 |  1600 | 1.00 | 1.00 |      48.2 |        48.2 |          48.0 |       45.0 
   ijkl-imln-njmk |   1920 |  1600 |  1920 | 1.00 | 0.90 |      48.3 |        48.3 |          47.9 |       45.0 
   ijkl-imnj-nlkm |   1920 |  1600 |  1920 | 1.00 | 0.90 |      47.7 |        47.7 |          47.6 |       45.3 
   ijkl-imnk-njml |   1920 |  1600 |  1920 | 1.00 | 0.90 |      48.1 |        48.1 |          47.9 |       45.2 
   ijkl-minj-nlmk |   1920 |  1600 |  2304 | 1.00 | 0.90 |      47.0 |        47.0 |          46.8 |       45.4 
   ijkl-mink-jnlm |   1920 |  1920 |  1920 | 1.00 | 1.00 |      47.5 |        47.5 |          47.2 |       45.2 
   ijkl-minl-njmk |   1920 |  1600 |  2304 | 1.00 | 0.90 |      47.6 |        47.5 |          47.2 |       45.3 
     aqrs-pa-pqrs |     48 | 64000 |    48 | 1.00 | 1.00 |      38.5 |        38.5 |          37.6 |       28.7 
     abrs-qb-aqrs |     40 | 76800 |    48 | 1.00 | 1.00 |      39.1 |        39.1 |          39.0 |       28.8 
     abcs-rc-abrs |     40 | 76800 |    48 | 1.00 | 1.00 |      39.0 |        39.0 |          38.2 |       28.9 
       abj-bka-kj |  20736 |   128 |   144 | 1.00 | 1.00 |      41.0 |        41.0 |          40.7 |       30.6 
       ajb-kba-jk |  18432 |   144 |   144 | 1.00 | 1.00 |      48.6 |        48.5 |          48.2 |       40.4 
     abjc-cbka-kj |  92160 |    40 |    48 | 1.00 | 1.00 |      19.0 |        19.0 |          18.8 |       22.9 
     ajbc-ckba-jk |  92160 |    48 |    40 | 1.00 | 1.00 |      25.6 |        25.6 |          25.0 |       32.5 
     abjc-kbac-jk |  76800 |    48 |    48 | 1.00 | 1.00 |      39.6 |        39.5 |          39.2 |       26.5 
   abjcd-dkbac-jk | 230400 |    24 |    20 | 0.67 | 1.00 |      21.0 |        21.0 |          19.8 |       19.0 
   adbjc-cbdka-kj | 230400 |    20 |    24 | 0.67 | 1.00 |      11.6 |        11.6 |          11.2 |       17.2 
   ajbdc-ckbad-jk | 230400 |    24 |    20 | 1.00 | 1.00 |      20.4 |        20.4 |          19.4 |       19.6 
 abcijk-ijma-mkbc |   6912 |  1728 |    24 | 1.00 | 1.00 |      43.5 |        43.5 |          42.5 |       36.1 
 abcijk-ijmb-mkac |   3456 |  3456 |    24 | 1.00 | 1.00 |      44.8 |        44.8 |          43.9 |       32.3 
 abcijk-ijmc-mkab |   3456 |  3456 |    24 | 1.00 | 1.00 |      44.1 |        44.1 |          43.1 |       38.2 
 abcijk-ikma-mjbc |   6912 |  1728 |    24 | 1.00 | 1.00 |      43.4 |        43.4 |          42.4 |       36.1 
 abcijk-ikmb-mjac |   3456 |  3456 |    24 | 1.00 | 1.00 |      44.8 |        44.8 |          43.9 |       34.6 
 abcijk-ikmc-mjab |   3456 |  3456 |    24 | 1.00 | 1.00 |      44.1 |        44.1 |          43.1 |       34.8 
 abcijk-jkma-mibc |   6912 |  1728 |    24 | 1.00 | 1.00 |      43.6 |        43.6 |          42.6 |       36.1 
 abcijk-jkmb-miac |   3456 |  3456 |    24 | 1.00 | 1.00 |      44.6 |        44.6 |          43.5 |       27.3 
 abcijk-jkmc-miab |   3456 |  3456 |    24 | 1.00 | 1.00 |      44.2 |        44.2 |          42.9 |       33.7 
 abcijk-eiab-jkec |   3456 |  3456 |    24 | 1.00 | 1.00 |      44.2 |        44.2 |          43.0 |       33.2 
 abcijk-eiac-jkeb |   3456 |  3456 |    24 | 1.00 | 1.00 |      44.6 |        44.6 |          43.5 |       27.2 
 abcijk-eibc-jkea |   1728 |  6912 |    24 | 1.00 | 1.00 |      43.7 |        43.6 |          42.6 |       36.2 
 abcijk-ejab-ikec |   3456 |  3456 |    24 | 1.00 | 1.00 |      44.1 |        44.1 |          43.2 |       34.4 
 abcijk-ejac-ikeb |   3456 |  3456 |    24 | 1.00 | 1.00 |      44.9 |        44.9 |          44.0 |       34.6 
 abcijk-ejbc-ikea |   1728 |  6912 |    24 | 1.00 | 1.00 |      43.4 |        43.4 |          42.2 |       36.2 
 abcijk-ekab-ijec |   3456 |  3456 |    24 | 1.00 | 1.00 |      44.0 |        44.0 |          43.2 |       38.2 
 abcijk-ekac-ijeb |   3456 |  3456 |    24 | 1.00 | 1.00 |      44.8 |        44.8 |          43.9 |       32.3 
 abcijk-ekbc-ijea |   1728 |  6912 |    24 | 1.00 | 1.00 |      43.6 |        43.6 |          42.7 |       36.1 
       abc-bk-akc |    144 | 18432 |   128 | 1.00 | 1.00 |      48.5 |        48.5 |          48.1 |       38.8 

=== complex efficiency ratio (c64 GF/s over f64 GF/s; 1.0 = no penalty) ===
             case | plan c64/f64 | packed c64/f64 | upstream c64/f64 | tblis c64/f64 
------------------+--------------+----------------+------------------+---------------
         ij-ik-kj |        1.322 |          0.999 |            1.009 |         1.026 
       ij-ikl-ljk |        1.103 |          1.102 |            1.089 |         1.229 
       ij-kil-lkj |        1.121 |          1.121 |            1.094 |         1.221 
       ijk-ikl-lj |        1.082 |          1.083 |            1.108 |         1.042 
       ijk-il-jlk |        1.153 |          1.154 |            1.243 |         1.161 
       ijk-ilk-jl |        1.084 |          1.085 |            1.086 |         1.082 
       ijk-ilk-lj |        1.064 |          1.064 |            1.059 |         1.120 
     ijk-ilmk-mjl |        1.040 |          1.041 |            1.015 |         1.286 
   ijkl-imjn-lnkm |        1.028 |          1.026 |            1.033 |         0.969 
   ijkl-imjn-nlmk |        1.021 |          1.022 |            1.037 |         1.007 
   ijkl-imkn-jnlm |        1.027 |          1.028 |            1.037 |         0.974 
   ijkl-imkn-njml |        1.030 |          1.030 |            1.033 |         0.995 
   ijkl-imln-jnkm |        1.029 |          1.029 |            1.038 |         0.979 
   ijkl-imln-njmk |        1.028 |          1.029 |            1.031 |         0.988 
   ijkl-imnj-nlkm |        1.024 |          1.024 |            1.034 |         0.993 
   ijkl-imnk-njml |        1.022 |          1.022 |            1.029 |         0.981 
   ijkl-minj-nlmk |        1.022 |          1.021 |            1.024 |         1.006 
   ijkl-mink-jnlm |        1.025 |          1.024 |            1.023 |         0.979 
   ijkl-minl-njmk |        1.035 |          1.035 |            1.027 |         0.999 
     aqrs-pa-pqrs |        0.972 |          1.166 |            1.242 |         1.505 
     abrs-qb-aqrs |        1.118 |          1.112 |            1.127 |         1.334 
     abcs-rc-abrs |        1.265 |          1.258 |            1.340 |         1.361 
       abj-bka-kj |        1.055 |          1.058 |            1.052 |         1.177 
       ajb-kba-jk |        1.128 |          1.127 |            1.140 |         1.091 
     abjc-cbka-kj |        1.831 |          1.837 |            1.875 |         1.579 
     ajbc-ckba-jk |        1.435 |          1.434 |            1.449 |         1.628 
     abjc-kbac-jk |        1.362 |          1.356 |            1.349 |         1.368 
   abjcd-dkbac-jk |        1.563 |          1.562 |            1.633 |         1.912 
   adbjc-cbdka-kj |        2.146 |          2.149 |            2.194 |         2.169 
   ajbdc-ckbad-jk |        1.571 |          1.565 |            1.638 |         1.869 
 abcijk-ijma-mkbc |        1.041 |          1.046 |            1.061 |         1.103 
 abcijk-ijmb-mkac |        1.107 |          1.092 |            1.148 |         1.360 
 abcijk-ijmc-mkab |        1.108 |          1.103 |            1.159 |         1.248 
 abcijk-ikma-mjbc |        1.053 |          1.049 |            1.083 |         1.108 
 abcijk-ikmb-mjac |        1.092 |          1.096 |            1.155 |         1.189 
 abcijk-ikmc-mjab |        1.110 |          1.109 |            1.153 |         1.391 
 abcijk-jkma-mibc |        1.033 |          1.040 |            1.054 |         1.109 
 abcijk-jkmb-miac |        1.091 |          1.096 |            1.141 |         1.707 
 abcijk-jkmc-miab |        1.104 |          1.106 |            1.138 |         1.569 
 abcijk-eiab-jkec |        1.102 |          1.104 |            1.142 |         1.527 
 abcijk-eiac-jkeb |        1.082 |          1.086 |            1.151 |         1.669 
 abcijk-eibc-jkea |        1.040 |          1.040 |            1.064 |         1.107 
 abcijk-ejab-ikec |        1.109 |          1.114 |            1.160 |         1.364 
 abcijk-ejac-ikeb |        1.094 |          1.106 |            1.151 |         1.191 
 abcijk-ejbc-ikea |        1.055 |          1.063 |            1.085 |         1.107 
 abcijk-ekab-ijec |        1.105 |          1.107 |            1.154 |         1.244 
 abcijk-ekac-ijeb |        1.082 |          1.102 |            1.150 |         1.375 
 abcijk-ekbc-ijea |        1.054 |          1.056 |            1.083 |         1.102 
       abc-bk-akc |        1.092 |          1.091 |            1.116 |         1.097 
             MEAN |        1.148 |          1.146 |            1.172 |         1.257 

wrote /home/shinaoka/projects/tensor4all/tprims-rs/benchmarks/benchmarks/tcbench/results/scaling-baseline/A-16m-1t.pending.csv
