# threads: requested=4 pool=4 budget=4
host        : shinaoka-EVO-X1Pro
target      : x86_64 / linux
cpu features: avx2 fma avx512f avx512dq 
caches      : L1=48KiB/12-way/2sh L2=1024KiB/16-way/2sh L3=16384KiB/16-way/8sh (via sysfs), blocking=legacy
l3 domains  : t1=1 t4=1 t8=2
baselines   : tblis=true blas=false
tblis       : abi 2.x, 4 thread(s)

running 49 cases at 1 MiB nominal tensor size, 5 reps, stress=none


=== f64 ===
             case |     m |    n |    k | regA | regB | plan GF/s | packed GF/s | upstream GF/s | tblis GF/s 
------------------+-------+------+------+------+------+-----------+-------------+---------------+------------
         ij-ik-kj |   384 |  364 |  384 | 0.00 | 0.00 |     144.9 |       133.9 |         121.4 |      105.2 
       ij-ikl-ljk |    72 |   52 | 3744 | 1.00 | 1.00 |      62.1 |        64.1 |          53.8 |       38.2 
       ij-kil-lkj |    72 |   52 | 5184 | 1.00 | 1.00 |      62.2 |        62.6 |          53.4 |       38.2 
       ijk-ikl-lj |  3744 |   52 |   72 | 1.00 | 1.00 |     113.4 |       114.6 |          90.4 |       70.2 
       ijk-il-jlk |    72 | 3744 |   52 | 1.00 | 1.00 |      40.9 |       113.7 |          93.8 |       76.3 
       ijk-ilk-jl |  3744 |   72 |   52 | 1.00 | 1.00 |     122.6 |       126.0 |          93.4 |       81.2 
       ijk-ilk-lj |  3744 |   52 |   72 | 1.00 | 1.00 |     128.8 |       132.7 |          98.2 |       81.4 
     ijk-ilmk-mjl |   480 |   20 |  480 | 1.00 | 1.00 |     113.6 |       114.1 |          66.3 |       51.0 
   ijkl-imjn-lnkm |   480 |  480 |  400 | 1.00 | 0.80 |     186.2 |       185.7 |         171.7 |      143.8 
   ijkl-imjn-nlmk |   480 |  400 |  480 | 1.00 | 0.80 |     190.9 |       191.3 |         178.5 |      150.8 
   ijkl-imkn-jnlm |   480 |  480 |  400 | 1.00 | 1.00 |     189.7 |       192.3 |         176.1 |      154.2 
   ijkl-imkn-njml |   480 |  400 |  480 | 1.00 | 0.80 |     193.4 |       194.1 |         175.6 |      150.2 
   ijkl-imln-jnkm |   480 |  480 |  400 | 1.00 | 1.00 |     191.7 |       193.3 |         176.7 |      154.9 
   ijkl-imln-njmk |   480 |  400 |  480 | 1.00 | 0.80 |     193.5 |       194.4 |         178.1 |      152.3 
   ijkl-imnj-nlkm |   480 |  400 |  480 | 1.00 | 0.80 |     190.3 |       191.8 |         173.3 |      152.0 
   ijkl-imnk-njml |   480 |  400 |  480 | 1.00 | 0.80 |     193.2 |       194.6 |         180.0 |      152.2 
   ijkl-minj-nlmk |   480 |  400 |  576 | 1.00 | 0.80 |     185.3 |       187.8 |         173.2 |      148.7 
   ijkl-mink-jnlm |   480 |  480 |  480 | 1.00 | 1.00 |     191.6 |       192.1 |         178.6 |      149.8 
   ijkl-minl-njmk |   480 |  400 |  576 | 1.00 | 0.80 |     186.4 |       190.0 |         174.1 |      151.3 
     aqrs-pa-pqrs |    24 | 8000 |   24 | 0.00 | 0.00 |     111.6 |        71.9 |          52.5 |       42.7 
     abrs-qb-aqrs |    20 | 9600 |   24 | 1.00 | 1.00 |     101.0 |       106.6 |          67.2 |       40.1 
     abcs-rc-abrs |    20 | 9600 |   24 | 1.00 | 1.00 |     105.1 |       105.5 |          68.0 |       40.0 
       abj-bka-kj |  5184 |   52 |   72 | 1.00 | 1.00 |     130.0 |       131.1 |         108.6 |       84.9 
       ajb-kba-jk |  3744 |   72 |   72 | 1.00 | 1.00 |     164.0 |       165.9 |         131.1 |      114.2 
     abjc-cbka-kj | 11520 |   20 |   24 | 1.00 | 1.00 |      49.6 |        54.2 |          37.8 |       38.3 
     ajbc-ckba-jk | 11520 |   24 |   20 | 1.00 | 1.00 |      76.9 |        76.9 |          54.8 |       44.3 
     abjc-kbac-jk |  9600 |   24 |   24 | 1.00 | 1.00 |     113.6 |       114.4 |          68.6 |       47.9 
   abjcd-dkbac-jk | 82944 |   24 |   12 | 1.00 | 1.00 |      36.8 |        41.2 |          35.1 |       23.1 
   adbjc-cbdka-kj | 82944 |   12 |   24 | 1.00 | 1.00 |       9.6 |         9.6 |           8.4 |       19.0 
   ajbdc-ckbad-jk | 82944 |   24 |   12 | 1.00 | 1.00 |      38.0 |        38.6 |          34.7 |       24.5 
 abcijk-ijma-mkbc |  4608 |  512 |   24 | 1.00 | 1.00 |     134.2 |       136.0 |         117.5 |       98.9 
 abcijk-ijmb-mkac |  1536 | 1536 |   24 | 1.00 | 1.00 |     111.2 |       148.9 |         130.8 |       61.6 
 abcijk-ijmc-mkab |  1536 | 1536 |   24 | 1.00 | 1.00 |     135.3 |       142.0 |         125.0 |       96.5 
 abcijk-ikma-mjbc |  4608 |  512 |   24 | 1.00 | 1.00 |     131.6 |       133.6 |         121.6 |       97.9 
 abcijk-ikmb-mjac |  1536 | 1536 |   24 | 1.00 | 1.00 |     136.9 |       148.2 |         130.6 |       91.7 
 abcijk-ikmc-mjab |  1536 | 1536 |   24 | 1.00 | 1.00 |     139.4 |       140.0 |         119.8 |       86.9 
 abcijk-jkma-mibc |  4608 |  512 |   24 | 1.00 | 1.00 |     123.8 |       138.3 |         123.6 |      110.5 
 abcijk-jkmb-miac |  1536 | 1536 |   24 | 1.00 | 1.00 |     141.0 |       150.7 |         126.4 |       61.8 
 abcijk-jkmc-miab |  1536 | 1536 |   24 | 1.00 | 1.00 |     137.9 |       141.5 |         120.3 |       78.8 
 abcijk-eiab-jkec |  1536 | 1536 |   24 | 1.00 | 1.00 |     136.6 |       145.7 |         125.0 |       79.9 
 abcijk-eiac-jkeb |  1536 | 1536 |   24 | 1.00 | 1.00 |     137.3 |       143.0 |         123.5 |       59.1 
 abcijk-eibc-jkea |   512 | 4608 |   24 | 1.00 | 1.00 |     134.3 |       140.6 |         116.4 |      110.6 
 abcijk-ejab-ikec |  1536 | 1536 |   24 | 1.00 | 1.00 |     119.4 |        91.9 |         121.5 |       82.2 
 abcijk-ejac-ikeb |  1536 | 1536 |   24 | 1.00 | 1.00 |     142.5 |       143.9 |         127.8 |       93.5 
 abcijk-ejbc-ikea |   512 | 4608 |   24 | 1.00 | 1.00 |     101.5 |       128.7 |         112.7 |       98.8 
 abcijk-ekab-ijec |  1536 | 1536 |   24 | 1.00 | 1.00 |     133.2 |       129.4 |         120.0 |       92.9 
 abcijk-ekac-ijeb |  1536 | 1536 |   24 | 1.00 | 1.00 |     136.3 |       151.7 |         127.2 |       63.6 
 abcijk-ekbc-ijea |   512 | 4608 |   24 | 1.00 | 1.00 |     131.5 |       137.2 |         115.2 |       98.0 
       abc-bk-akc |    72 | 3744 |   52 | 1.00 | 1.00 |     157.2 |       170.3 |         127.0 |      110.2 

=== c64 ===
             case |     m |    n |    k | regA | regB | plan GF/s | packed GF/s | upstream GF/s | tblis GF/s 
------------------+-------+------+------+------+------+-----------+-------------+---------------+------------
         ij-ik-kj |   384 |  364 |  384 | 1.00 | 1.00 |     138.1 |       138.7 |         132.4 |      125.4 
       ij-ikl-ljk |    72 |   52 | 3744 | 1.00 | 1.00 |      64.5 |        65.1 |          61.1 |       76.7 
       ij-kil-lkj |    72 |   52 | 5184 | 1.00 | 1.00 |      60.2 |        58.7 |          56.8 |       74.9 
       ijk-ikl-lj |  3744 |   52 |   72 | 1.00 | 1.00 |     123.8 |       125.3 |         113.0 |       92.0 
       ijk-il-jlk |    72 | 3744 |   52 | 1.00 | 1.00 |      70.9 |        71.7 |          68.0 |      108.0 
       ijk-ilk-jl |  3744 |   72 |   52 | 0.89 | 1.00 |     135.2 |       136.8 |         127.1 |      115.8 
       ijk-ilk-lj |  3744 |   52 |   72 | 0.89 | 1.00 |     146.7 |       150.1 |         136.6 |      118.7 
     ijk-ilmk-mjl |   480 |   20 |  480 | 0.67 | 1.00 |     124.3 |       125.2 |         104.6 |      108.2 
   ijkl-imjn-lnkm |   480 |  480 |  400 | 0.67 | 0.80 |     172.1 |       173.7 |         168.2 |      165.4 
   ijkl-imjn-nlmk |   480 |  400 |  480 | 0.67 | 0.81 |     174.4 |       174.8 |         171.5 |      165.6 
   ijkl-imkn-jnlm |   480 |  480 |  400 | 0.67 | 1.00 |     114.4 |       167.5 |         168.5 |      166.1 
   ijkl-imkn-njml |   480 |  400 |  480 | 0.67 | 0.81 |     121.2 |       175.4 |         171.9 |      166.5 
   ijkl-imln-jnkm |   480 |  480 |  400 | 0.67 | 1.00 |     176.0 |       174.0 |         169.5 |      166.9 
   ijkl-imln-njmk |   480 |  400 |  480 | 0.67 | 0.81 |     174.9 |       176.1 |         172.4 |      169.5 
   ijkl-imnj-nlkm |   480 |  400 |  480 | 0.67 | 0.81 |     173.9 |       174.5 |         172.3 |      170.2 
   ijkl-imnk-njml |   480 |  400 |  480 | 0.67 | 0.81 |     174.6 |       163.3 |         171.7 |      170.6 
   ijkl-minj-nlmk |   480 |  400 |  576 | 0.67 | 0.81 |     166.6 |       168.8 |         163.6 |      161.7 
   ijkl-mink-jnlm |   480 |  480 |  480 | 0.67 | 1.00 |     172.6 |       172.5 |         169.1 |      167.7 
   ijkl-minl-njmk |   480 |  400 |  576 | 0.67 | 0.81 |     170.7 |       171.4 |         165.4 |      166.2 
     aqrs-pa-pqrs |    24 | 8000 |   24 | 1.00 | 1.00 |     100.9 |       103.3 |          86.6 |       89.6 
     abrs-qb-aqrs |    20 | 9600 |   24 | 1.00 | 1.00 |     150.0 |       149.7 |         121.0 |       76.7 
     abcs-rc-abrs |    20 | 9600 |   24 | 1.00 | 1.00 |     131.0 |       132.4 |         105.3 |       78.1 
       abj-bka-kj |  5184 |   52 |   72 | 0.89 | 1.00 |     155.1 |       151.8 |         144.2 |       96.4 
       ajb-kba-jk |  3744 |   72 |   72 | 0.89 | 1.00 |     170.9 |       168.6 |         158.0 |      128.0 
     abjc-cbka-kj | 11520 |   20 |   24 | 0.67 | 1.00 |      93.9 |        93.7 |          78.4 |       70.5 
     ajbc-ckba-jk | 11520 |   24 |   20 | 1.00 | 1.00 |     115.8 |       104.0 |          88.7 |       67.8 
     abjc-kbac-jk |  9600 |   24 |   24 | 0.67 | 1.00 |     148.8 |       148.5 |         115.5 |       86.0 
   abjcd-dkbac-jk | 82944 |   24 |   12 | 0.67 | 1.00 |      61.1 |        61.2 |          57.9 |       46.3 
   adbjc-cbdka-kj | 82944 |   12 |   24 | 0.67 | 1.00 |      29.9 |        29.8 |          28.8 |       32.8 
   ajbdc-ckbad-jk | 82944 |   24 |   12 | 1.00 | 1.00 |      61.3 |        60.8 |          54.4 |       48.6 
 abcijk-ijma-mkbc |  4608 |  512 |   24 | 1.00 | 0.97 |     154.1 |       154.4 |         149.7 |      121.2 
 abcijk-ijmb-mkac |  1536 | 1536 |   24 | 1.00 | 0.75 |     169.5 |       165.4 |         160.7 |      113.8 
 abcijk-ijmc-mkab |  1536 | 1536 |   24 | 1.00 | 0.50 |     162.4 |       161.2 |         159.5 |      131.3 
 abcijk-ikma-mjbc |  4608 |  512 |   24 | 1.00 | 0.97 |     155.6 |       156.2 |         148.3 |      122.9 
 abcijk-ikmb-mjac |  1536 | 1536 |   24 | 1.00 | 0.75 |     170.0 |       167.4 |         160.5 |      122.2 
 abcijk-ikmc-mjab |  1536 | 1536 |   24 | 1.00 | 0.50 |     162.7 |       163.9 |         162.0 |      124.6 
 abcijk-jkma-mibc |  4608 |  512 |   24 | 1.00 | 0.97 |     155.5 |       156.5 |         149.3 |      134.7 
 abcijk-jkmb-miac |  1536 | 1536 |   24 | 1.00 | 0.75 |     167.3 |       168.7 |         160.6 |      104.2 
 abcijk-jkmc-miab |  1536 | 1536 |   24 | 1.00 | 0.50 |     161.1 |       160.7 |         155.8 |      121.0 
 abcijk-eiab-jkec |  1536 | 1536 |   24 | 1.00 | 0.50 |     160.9 |       161.2 |         155.3 |      122.3 
 abcijk-eiac-jkeb |  1536 | 1536 |   24 | 1.00 | 0.75 |     144.9 |       167.2 |         159.2 |      105.8 
 abcijk-eibc-jkea |   512 | 4608 |   24 | 1.00 | 0.97 |     141.4 |       156.7 |         148.1 |      135.6 
 abcijk-ejab-ikec |  1536 | 1536 |   24 | 1.00 | 0.50 |     163.6 |       163.5 |         158.6 |      128.2 
 abcijk-ejac-ikeb |  1536 | 1536 |   24 | 1.00 | 0.75 |     168.1 |       167.2 |         159.1 |      123.6 
 abcijk-ejbc-ikea |   512 | 4608 |   24 | 1.00 | 0.97 |     156.7 |       156.3 |         151.3 |      122.7 
 abcijk-ekab-ijec |  1536 | 1536 |   24 | 1.00 | 0.50 |     163.2 |       162.6 |         159.3 |      135.6 
 abcijk-ekac-ijeb |  1536 | 1536 |   24 | 1.00 | 0.75 |     167.1 |       169.2 |         159.6 |      110.9 
 abcijk-ekbc-ijea |   512 | 4608 |   24 | 1.00 | 0.97 |     158.2 |       158.1 |         148.7 |      123.3 
       abc-bk-akc |    72 | 3744 |   52 | 0.89 | 1.00 |     178.2 |       179.1 |         165.2 |      143.4 

=== complex efficiency ratio (c64 GF/s over f64 GF/s; 1.0 = no penalty) ===
             case | plan c64/f64 | packed c64/f64 | upstream c64/f64 | tblis c64/f64 
------------------+--------------+----------------+------------------+---------------
         ij-ik-kj |        0.953 |          1.036 |            1.091 |         1.192 
       ij-ikl-ljk |        1.038 |          1.016 |            1.137 |         2.009 
       ij-kil-lkj |        0.968 |          0.936 |            1.064 |         1.961 
       ijk-ikl-lj |        1.091 |          1.094 |            1.250 |         1.310 
       ijk-il-jlk |        1.732 |          0.631 |            0.724 |         1.415 
       ijk-ilk-jl |        1.104 |          1.086 |            1.361 |         1.427 
       ijk-ilk-lj |        1.138 |          1.131 |            1.390 |         1.457 
     ijk-ilmk-mjl |        1.093 |          1.098 |            1.578 |         2.124 
   ijkl-imjn-lnkm |        0.924 |          0.936 |            0.980 |         1.150 
   ijkl-imjn-nlmk |        0.914 |          0.914 |            0.961 |         1.098 
   ijkl-imkn-jnlm |        0.603 |          0.871 |            0.957 |         1.077 
   ijkl-imkn-njml |        0.627 |          0.904 |            0.979 |         1.109 
   ijkl-imln-jnkm |        0.918 |          0.900 |            0.959 |         1.078 
   ijkl-imln-njmk |        0.904 |          0.906 |            0.968 |         1.113 
   ijkl-imnj-nlkm |        0.914 |          0.910 |            0.994 |         1.119 
   ijkl-imnk-njml |        0.904 |          0.839 |            0.954 |         1.121 
   ijkl-minj-nlmk |        0.899 |          0.899 |            0.945 |         1.088 
   ijkl-mink-jnlm |        0.901 |          0.898 |            0.946 |         1.120 
   ijkl-minl-njmk |        0.915 |          0.902 |            0.950 |         1.099 
     aqrs-pa-pqrs |        0.904 |          1.438 |            1.649 |         2.099 
     abrs-qb-aqrs |        1.485 |          1.405 |            1.800 |         1.915 
     abcs-rc-abrs |        1.246 |          1.255 |            1.549 |         1.953 
       abj-bka-kj |        1.193 |          1.158 |            1.327 |         1.135 
       ajb-kba-jk |        1.042 |          1.016 |            1.205 |         1.121 
     abjc-cbka-kj |        1.894 |          1.728 |            2.073 |         1.841 
     ajbc-ckba-jk |        1.507 |          1.351 |            1.618 |         1.531 
     abjc-kbac-jk |        1.310 |          1.298 |            1.684 |         1.794 
   abjcd-dkbac-jk |        1.661 |          1.485 |            1.649 |         2.004 
   adbjc-cbdka-kj |        3.109 |          3.103 |            3.416 |         1.724 
   ajbdc-ckbad-jk |        1.614 |          1.576 |            1.571 |         1.986 
 abcijk-ijma-mkbc |        1.148 |          1.135 |            1.274 |         1.226 
 abcijk-ijmb-mkac |        1.524 |          1.111 |            1.229 |         1.848 
 abcijk-ijmc-mkab |        1.200 |          1.135 |            1.276 |         1.360 
 abcijk-ikma-mjbc |        1.182 |          1.170 |            1.220 |         1.255 
 abcijk-ikmb-mjac |        1.242 |          1.130 |            1.229 |         1.332 
 abcijk-ikmc-mjab |        1.167 |          1.171 |            1.353 |         1.435 
 abcijk-jkma-mibc |        1.256 |          1.132 |            1.208 |         1.219 
 abcijk-jkmb-miac |        1.187 |          1.119 |            1.270 |         1.685 
 abcijk-jkmc-miab |        1.168 |          1.135 |            1.295 |         1.536 
 abcijk-eiab-jkec |        1.178 |          1.106 |            1.242 |         1.531 
 abcijk-eiac-jkeb |        1.055 |          1.169 |            1.289 |         1.791 
 abcijk-eibc-jkea |        1.053 |          1.114 |            1.272 |         1.226 
 abcijk-ejab-ikec |        1.370 |          1.778 |            1.306 |         1.559 
 abcijk-ejac-ikeb |        1.180 |          1.161 |            1.245 |         1.321 
 abcijk-ejbc-ikea |        1.545 |          1.214 |            1.343 |         1.242 
 abcijk-ekab-ijec |        1.225 |          1.256 |            1.328 |         1.459 
 abcijk-ekac-ijeb |        1.226 |          1.115 |            1.255 |         1.745 
 abcijk-ekbc-ijea |        1.203 |          1.152 |            1.291 |         1.258 
       abc-bk-akc |        1.134 |          1.052 |            1.300 |         1.302 
             MEAN |        1.199 |          1.165 |            1.305 |         1.459 

wrote /home/shinaoka/projects/tensor4all/tprims-rs/benchmarks/benchmarks/tcbench/results/scaling-baseline/A-1m-4t.pending.csv
