# threads: requested=1 pool=1 budget=1
host        : shinaoka-EVO-X1Pro
target      : x86_64 / linux
cpu features: avx2 fma avx512f avx512dq 
caches      : L1=48KiB/12-way/2sh L2=1024KiB/16-way/2sh L3=16384KiB/16-way/8sh (via sysfs), blocking=legacy
l3 domains  : t1=1
baselines   : tblis=true blas=false
tblis       : abi 2.x, 1 thread(s)

running 49 cases at 1 MiB nominal tensor size, 5 reps, stress=none


=== f64 ===
             case |     m |    n |    k | regA | regB | plan GF/s | packed GF/s | upstream GF/s | tblis GF/s 
------------------+-------+------+------+------+------+-----------+-------------+---------------+------------
         ij-ik-kj |   384 |  364 |  384 | 0.00 | 0.00 |      37.2 |        34.7 |          34.2 |       29.2 
       ij-ikl-ljk |    72 |   52 | 3744 | 1.00 | 1.00 |      37.5 |        38.0 |          37.1 |       21.8 
       ij-kil-lkj |    72 |   52 | 5184 | 1.00 | 1.00 |      35.5 |        35.7 |          34.6 |       21.4 
       ijk-ikl-lj |  3744 |   52 |   72 | 1.00 | 1.00 |      42.3 |        42.5 |          41.3 |       26.6 
       ijk-il-jlk |    72 | 3744 |   52 | 1.00 | 1.00 |      43.5 |        43.6 |          41.4 |       29.4 
       ijk-ilk-jl |  3744 |   72 |   52 | 1.00 | 1.00 |      45.4 |        45.5 |          44.2 |       31.1 
       ijk-ilk-lj |  3744 |   52 |   72 | 1.00 | 1.00 |      42.3 |        42.5 |          41.2 |       27.2 
     ijk-ilmk-mjl |   480 |   20 |  480 | 1.00 | 1.00 |      35.5 |        35.6 |          34.7 |       16.1 
   ijkl-imjn-lnkm |   480 |  480 |  400 | 1.00 | 0.80 |      47.9 |        47.8 |          47.5 |       40.0 
   ijkl-imjn-nlmk |   480 |  400 |  480 | 1.00 | 0.80 |      48.7 |        48.6 |          48.3 |       40.4 
   ijkl-imkn-jnlm |   480 |  480 |  400 | 1.00 | 1.00 |      48.7 |        48.8 |          48.3 |       41.4 
   ijkl-imkn-njml |   480 |  400 |  480 | 1.00 | 0.80 |      48.8 |        48.8 |          48.2 |       40.8 
   ijkl-imln-jnkm |   480 |  480 |  400 | 1.00 | 1.00 |      48.7 |        49.0 |          48.4 |       41.5 
   ijkl-imln-njmk |   480 |  400 |  480 | 1.00 | 0.80 |      48.7 |        48.9 |          48.5 |       40.8 
   ijkl-imnj-nlkm |   480 |  400 |  480 | 1.00 | 0.80 |      48.7 |        48.8 |          48.4 |       41.9 
   ijkl-imnk-njml |   480 |  400 |  480 | 1.00 | 0.80 |      48.8 |        49.0 |          48.3 |       41.8 
   ijkl-minj-nlmk |   480 |  400 |  576 | 1.00 | 0.80 |      47.9 |        47.7 |          47.1 |       41.2 
   ijkl-mink-jnlm |   480 |  480 |  480 | 1.00 | 1.00 |      48.7 |        48.5 |          47.7 |       41.4 
   ijkl-minl-njmk |   480 |  400 |  576 | 1.00 | 0.80 |      47.9 |        48.0 |          47.5 |       41.5 
     aqrs-pa-pqrs |    24 | 8000 |   24 | 0.00 | 0.00 |      48.7 |        32.3 |          30.9 |       14.0 
     abrs-qb-aqrs |    20 | 9600 |   24 | 1.00 | 1.00 |      31.9 |        31.9 |          29.9 |       13.4 
     abcs-rc-abrs |    20 | 9600 |   24 | 1.00 | 1.00 |      31.0 |        31.1 |          29.4 |       13.2 
       abj-bka-kj |  5184 |   52 |   72 | 1.00 | 1.00 |      34.7 |        34.9 |          33.4 |       23.2 
       ajb-kba-jk |  3744 |   72 |   72 | 1.00 | 1.00 |      43.7 |        44.1 |          42.7 |       30.6 
     abjc-cbka-kj | 11520 |   20 |   24 | 1.00 | 1.00 |      18.0 |        18.6 |          16.8 |       13.1 
     ajbc-ckba-jk | 11520 |   24 |   20 | 1.00 | 1.00 |      25.2 |        24.4 |          23.1 |       15.0 
     abjc-kbac-jk |  9600 |   24 |   24 | 1.00 | 1.00 |      33.5 |        34.1 |          32.2 |       16.1 
   abjcd-dkbac-jk | 82944 |   24 |   12 | 1.00 | 1.00 |      16.0 |        16.6 |          14.5 |        8.2 
   adbjc-cbdka-kj | 82944 |   12 |   24 | 1.00 | 1.00 |       5.3 |         5.2 |           5.0 |        6.8 
   ajbdc-ckbad-jk | 82944 |   24 |   12 | 1.00 | 1.00 |      15.9 |        16.2 |          14.9 |        8.9 
 abcijk-ijma-mkbc |  4608 |  512 |   24 | 1.00 | 1.00 |      40.3 |        40.1 |          38.3 |       28.6 
 abcijk-ijmb-mkac |  1536 | 1536 |   24 | 1.00 | 1.00 |      41.5 |        42.1 |          40.4 |       27.0 
 abcijk-ijmc-mkab |  1536 | 1536 |   24 | 1.00 | 1.00 |      41.2 |        41.7 |          39.9 |       31.4 
 abcijk-ikma-mjbc |  4608 |  512 |   24 | 1.00 | 1.00 |      40.2 |        40.3 |          38.0 |       28.5 
 abcijk-ikmb-mjac |  1536 | 1536 |   24 | 1.00 | 1.00 |      41.6 |        42.1 |          40.3 |       26.9 
 abcijk-ikmc-mjab |  1536 | 1536 |   24 | 1.00 | 1.00 |      41.3 |        41.7 |          39.9 |       28.6 
 abcijk-jkma-mibc |  4608 |  512 |   24 | 1.00 | 1.00 |      40.5 |        40.6 |          38.2 |       32.3 
 abcijk-jkmb-miac |  1536 | 1536 |   24 | 1.00 | 1.00 |      41.9 |        42.5 |          40.6 |       21.9 
 abcijk-jkmc-miab |  1536 | 1536 |   24 | 1.00 | 1.00 |      41.6 |        41.8 |          40.1 |       27.2 
 abcijk-eiab-jkec |  1536 | 1536 |   24 | 1.00 | 1.00 |      41.6 |        41.9 |          40.2 |       26.8 
 abcijk-eiac-jkeb |  1536 | 1536 |   24 | 1.00 | 1.00 |      41.9 |        41.9 |          40.6 |       22.1 
 abcijk-eibc-jkea |   512 | 4608 |   24 | 1.00 | 1.00 |      40.5 |        40.4 |          38.2 |       31.9 
 abcijk-ejab-ikec |  1536 | 1536 |   24 | 1.00 | 1.00 |      41.4 |        41.9 |          40.2 |       26.8 
 abcijk-ejac-ikeb |  1536 | 1536 |   24 | 1.00 | 1.00 |      41.8 |        42.1 |          40.4 |       26.9 
 abcijk-ejbc-ikea |   512 | 4608 |   24 | 1.00 | 1.00 |      40.0 |        40.3 |          38.0 |       28.5 
 abcijk-ekab-ijec |  1536 | 1536 |   24 | 1.00 | 1.00 |      40.9 |        41.9 |          40.2 |       31.8 
 abcijk-ekac-ijeb |  1536 | 1536 |   24 | 1.00 | 1.00 |      41.7 |        42.0 |          40.5 |       27.5 
 abcijk-ekbc-ijea |   512 | 4608 |   24 | 1.00 | 1.00 |      40.3 |        40.4 |          38.0 |       28.4 
       abc-bk-akc |    72 | 3744 |   52 | 1.00 | 1.00 |      45.4 |        45.6 |          44.2 |       31.2 

=== c64 ===
             case |     m |    n |    k | regA | regB | plan GF/s | packed GF/s | upstream GF/s | tblis GF/s 
------------------+-------+------+------+------+------+-----------+-------------+---------------+------------
         ij-ik-kj |   384 |  364 |  384 | 1.00 | 1.00 |      35.0 |        35.0 |          34.5 |       40.4 
       ij-ikl-ljk |    72 |   52 | 3744 | 1.00 | 1.00 |      37.4 |        37.5 |          36.4 |       31.0 
       ij-kil-lkj |    72 |   52 | 5184 | 1.00 | 1.00 |      32.6 |        32.7 |          31.7 |       28.8 
       ijk-ikl-lj |  3744 |   52 |   72 | 1.00 | 1.00 |      43.7 |        43.6 |          42.8 |       30.7 
       ijk-il-jlk |    72 | 3744 |   52 | 1.00 | 1.00 |      40.7 |        39.6 |          39.1 |       37.7 
       ijk-ilk-jl |  3744 |   72 |   52 | 0.89 | 1.00 |      46.3 |        45.9 |          45.2 |       36.2 
       ijk-ilk-lj |  3744 |   52 |   72 | 0.89 | 1.00 |      43.6 |        43.6 |          43.0 |       32.3 
     ijk-ilmk-mjl |   480 |   20 |  480 | 0.67 | 1.00 |      36.9 |        36.8 |          36.2 |       28.8 
   ijkl-imjn-lnkm |   480 |  480 |  400 | 0.67 | 0.80 |      47.7 |        47.7 |          47.4 |       45.2 
   ijkl-imjn-nlmk |   480 |  400 |  480 | 0.67 | 0.81 |      47.9 |        47.8 |          47.7 |       43.8 
   ijkl-imkn-jnlm |   480 |  480 |  400 | 0.67 | 1.00 |      47.6 |        47.6 |          47.3 |       45.7 
   ijkl-imkn-njml |   480 |  400 |  480 | 0.67 | 0.81 |      47.7 |        47.6 |          47.5 |       44.0 
   ijkl-imln-jnkm |   480 |  480 |  400 | 0.67 | 1.00 |      47.8 |        47.8 |          47.5 |       45.3 
   ijkl-imln-njmk |   480 |  400 |  480 | 0.67 | 0.81 |      47.7 |        47.8 |          47.7 |       44.6 
   ijkl-imnj-nlkm |   480 |  400 |  480 | 0.67 | 0.81 |      47.9 |        47.9 |          47.5 |       44.6 
   ijkl-imnk-njml |   480 |  400 |  480 | 0.67 | 0.81 |      47.5 |        47.6 |          47.4 |       44.6 
   ijkl-minj-nlmk |   480 |  400 |  576 | 0.67 | 0.81 |      46.5 |        46.4 |          46.2 |       42.9 
   ijkl-mink-jnlm |   480 |  480 |  480 | 0.67 | 1.00 |      47.2 |        47.3 |          47.0 |       44.6 
   ijkl-minl-njmk |   480 |  400 |  576 | 0.67 | 0.81 |      46.6 |        46.6 |          46.1 |       44.1 
     aqrs-pa-pqrs |    24 | 8000 |   24 | 1.00 | 1.00 |      29.9 |        29.8 |          27.2 |       25.7 
     abrs-qb-aqrs |    20 | 9600 |   24 | 1.00 | 1.00 |      39.2 |        38.9 |          37.5 |       23.6 
     abcs-rc-abrs |    20 | 9600 |   24 | 1.00 | 1.00 |      33.5 |        33.5 |          32.4 |       24.5 
       abj-bka-kj |  5184 |   52 |   72 | 0.89 | 1.00 |      40.9 |        40.8 |          40.3 |       27.5 
       ajb-kba-jk |  3744 |   72 |   72 | 0.89 | 1.00 |      45.4 |        43.9 |          42.4 |       31.4 
     abjc-cbka-kj | 11520 |   20 |   24 | 0.67 | 1.00 |      24.4 |        24.2 |          23.3 |       22.3 
     ajbc-ckba-jk | 11520 |   24 |   20 | 1.00 | 1.00 |      27.6 |        26.8 |          25.4 |       22.5 
     abjc-kbac-jk |  9600 |   24 |   24 | 0.67 | 1.00 |      37.9 |        37.9 |          35.8 |       24.2 
   abjcd-dkbac-jk | 82944 |   24 |   12 | 0.67 | 1.00 |      21.8 |        21.9 |          20.5 |       15.8 
   adbjc-cbdka-kj | 82944 |   12 |   24 | 0.67 | 1.00 |      10.3 |        10.2 |          10.0 |       13.9 
   ajbdc-ckbad-jk | 82944 |   24 |   12 | 1.00 | 1.00 |      25.6 |        25.9 |          23.4 |       15.6 
 abcijk-ijma-mkbc |  4608 |  512 |   24 | 1.00 | 0.97 |      42.1 |        42.1 |          40.7 |       32.6 
 abcijk-ijmb-mkac |  1536 | 1536 |   24 | 1.00 | 0.75 |      44.0 |        44.5 |          43.3 |       32.9 
 abcijk-ijmc-mkab |  1536 | 1536 |   24 | 1.00 | 0.50 |      42.9 |        43.0 |          43.1 |       38.0 
 abcijk-ikma-mjbc |  4608 |  512 |   24 | 1.00 | 0.97 |      41.9 |        42.0 |          40.8 |       32.6 
 abcijk-ikmb-mjac |  1536 | 1536 |   24 | 1.00 | 0.75 |      44.2 |        44.3 |          43.3 |       33.6 
 abcijk-ikmc-mjab |  1536 | 1536 |   24 | 1.00 | 0.50 |      42.9 |        42.9 |          42.8 |       35.2 
 abcijk-jkma-mibc |  4608 |  512 |   24 | 1.00 | 0.97 |      42.3 |        42.1 |          41.0 |       35.7 
 abcijk-jkmb-miac |  1536 | 1536 |   24 | 1.00 | 0.75 |      44.3 |        44.4 |          43.2 |       29.4 
 abcijk-jkmc-miab |  1536 | 1536 |   24 | 1.00 | 0.50 |      42.9 |        42.9 |          42.6 |       37.1 
 abcijk-eiab-jkec |  1536 | 1536 |   24 | 1.00 | 0.50 |      42.8 |        42.8 |          42.6 |       36.2 
 abcijk-eiac-jkeb |  1536 | 1536 |   24 | 1.00 | 0.75 |      44.6 |        44.5 |          43.3 |       29.6 
 abcijk-eibc-jkea |   512 | 4608 |   24 | 1.00 | 0.97 |      42.1 |        42.2 |          40.9 |       35.5 
 abcijk-ejab-ikec |  1536 | 1536 |   24 | 1.00 | 0.50 |      42.9 |        42.9 |          42.7 |       35.4 
 abcijk-ejac-ikeb |  1536 | 1536 |   24 | 1.00 | 0.75 |      44.1 |        44.3 |          43.0 |       34.0 
 abcijk-ejbc-ikea |   512 | 4608 |   24 | 1.00 | 0.97 |      42.0 |        42.2 |          41.0 |       32.7 
 abcijk-ekab-ijec |  1536 | 1536 |   24 | 1.00 | 0.50 |      42.9 |        42.9 |          42.8 |       37.6 
 abcijk-ekac-ijeb |  1536 | 1536 |   24 | 1.00 | 0.75 |      44.2 |        44.4 |          43.1 |       32.8 
 abcijk-ekbc-ijea |   512 | 4608 |   24 | 1.00 | 0.97 |      42.0 |        42.1 |          40.7 |       32.7 
       abc-bk-akc |    72 | 3744 |   52 | 0.89 | 1.00 |      46.3 |        45.6 |          44.7 |       35.8 

=== complex efficiency ratio (c64 GF/s over f64 GF/s; 1.0 = no penalty) ===
             case | plan c64/f64 | packed c64/f64 | upstream c64/f64 | tblis c64/f64 
------------------+--------------+----------------+------------------+---------------
         ij-ik-kj |        0.939 |          1.008 |            1.008 |         1.382 
       ij-ikl-ljk |        0.998 |          0.989 |            0.980 |         1.422 
       ij-kil-lkj |        0.917 |          0.916 |            0.916 |         1.348 
       ijk-ikl-lj |        1.033 |          1.027 |            1.037 |         1.154 
       ijk-il-jlk |        0.936 |          0.908 |            0.944 |         1.284 
       ijk-ilk-jl |        1.021 |          1.010 |            1.022 |         1.164 
       ijk-ilk-lj |        1.032 |          1.026 |            1.044 |         1.188 
     ijk-ilmk-mjl |        1.038 |          1.034 |            1.041 |         1.788 
   ijkl-imjn-lnkm |        0.996 |          0.998 |            0.998 |         1.132 
   ijkl-imjn-nlmk |        0.983 |          0.982 |            0.986 |         1.083 
   ijkl-imkn-jnlm |        0.978 |          0.975 |            0.979 |         1.105 
   ijkl-imkn-njml |        0.977 |          0.975 |            0.985 |         1.079 
   ijkl-imln-jnkm |        0.981 |          0.976 |            0.981 |         1.093 
   ijkl-imln-njmk |        0.978 |          0.976 |            0.983 |         1.093 
   ijkl-imnj-nlkm |        0.985 |          0.981 |            0.983 |         1.065 
   ijkl-imnk-njml |        0.974 |          0.971 |            0.982 |         1.068 
   ijkl-minj-nlmk |        0.970 |          0.973 |            0.981 |         1.041 
   ijkl-mink-jnlm |        0.970 |          0.975 |            0.984 |         1.076 
   ijkl-minl-njmk |        0.974 |          0.970 |            0.971 |         1.063 
     aqrs-pa-pqrs |        0.614 |          0.925 |            0.881 |         1.836 
     abrs-qb-aqrs |        1.228 |          1.219 |            1.253 |         1.765 
     abcs-rc-abrs |        1.081 |          1.078 |            1.102 |         1.861 
       abj-bka-kj |        1.177 |          1.169 |            1.207 |         1.185 
       ajb-kba-jk |        1.039 |          0.997 |            0.991 |         1.024 
     abjc-cbka-kj |        1.359 |          1.303 |            1.386 |         1.707 
     ajbc-ckba-jk |        1.097 |          1.096 |            1.097 |         1.506 
     abjc-kbac-jk |        1.133 |          1.110 |            1.111 |         1.502 
   abjcd-dkbac-jk |        1.362 |          1.319 |            1.407 |         1.934 
   adbjc-cbdka-kj |        1.949 |          1.958 |            1.988 |         2.055 
   ajbdc-ckbad-jk |        1.607 |          1.595 |            1.575 |         1.753 
 abcijk-ijma-mkbc |        1.044 |          1.049 |            1.062 |         1.140 
 abcijk-ijmb-mkac |        1.061 |          1.055 |            1.071 |         1.218 
 abcijk-ijmc-mkab |        1.041 |          1.032 |            1.079 |         1.212 
 abcijk-ikma-mjbc |        1.043 |          1.040 |            1.074 |         1.142 
 abcijk-ikmb-mjac |        1.063 |          1.052 |            1.074 |         1.249 
 abcijk-ikmc-mjab |        1.040 |          1.028 |            1.074 |         1.231 
 abcijk-jkma-mibc |        1.045 |          1.038 |            1.073 |         1.105 
 abcijk-jkmb-miac |        1.057 |          1.044 |            1.063 |         1.340 
 abcijk-jkmc-miab |        1.031 |          1.025 |            1.063 |         1.362 
 abcijk-eiab-jkec |        1.027 |          1.022 |            1.059 |         1.350 
 abcijk-eiac-jkeb |        1.063 |          1.061 |            1.065 |         1.341 
 abcijk-eibc-jkea |        1.040 |          1.043 |            1.070 |         1.115 
 abcijk-ejab-ikec |        1.036 |          1.023 |            1.063 |         1.320 
 abcijk-ejac-ikeb |        1.055 |          1.054 |            1.063 |         1.263 
 abcijk-ejbc-ikea |        1.050 |          1.046 |            1.079 |         1.146 
 abcijk-ekab-ijec |        1.048 |          1.024 |            1.063 |         1.185 
 abcijk-ekac-ijeb |        1.058 |          1.056 |            1.065 |         1.193 
 abcijk-ekbc-ijea |        1.043 |          1.042 |            1.071 |         1.151 
       abc-bk-akc |        1.020 |          1.000 |            1.013 |         1.146 
             MEAN |        1.065 |          1.065 |            1.083 |         1.305 

wrote /home/shinaoka/projects/tensor4all/tprims-rs/benchmarks/benchmarks/tcbench/results/scaling-baseline/A-1m-1t.pending.csv
