# threads: requested=8 pool=8 budget=8
host        : shinaoka-EVO-X1Pro
target      : x86_64 / linux
cpu features: avx2 fma avx512f avx512dq 
caches      : L1=48KiB/12-way/2sh L2=1024KiB/16-way/2sh L3=16384KiB/16-way/8sh (via sysfs), blocking=legacy
l3 domains  : t1=1 t4=1 t8=2 t16=4
baselines   : tblis=true blas=false
tblis       : abi 2.x, 8 thread(s)

running 49 cases at 1 MiB nominal tensor size, 5 reps, stress=none


=== f64 ===
             case |     m |    n |    k | regA | regB | plan GF/s | packed GF/s | upstream GF/s | tblis GF/s 
------------------+-------+------+------+------+------+-----------+-------------+---------------+------------
         ij-ik-kj |   384 |  364 |  384 | 0.00 | 0.00 |     222.4 |       256.5 |         181.6 |      176.6 
       ij-ikl-ljk |    72 |   52 | 3744 | 1.00 | 1.00 |      91.4 |        90.9 |          68.9 |       48.3 
       ij-kil-lkj |    72 |   52 | 5184 | 1.00 | 1.00 |      89.7 |        89.3 |          70.6 |       48.5 
       ijk-ikl-lj |  3744 |   52 |   72 | 1.00 | 1.00 |     201.0 |       204.4 |         112.9 |      119.7 
       ijk-il-jlk |    72 | 3744 |   52 | 1.00 | 1.00 |     197.3 |       218.0 |         121.6 |      129.0 
       ijk-ilk-jl |  3744 |   72 |   52 | 1.00 | 1.00 |      65.2 |       112.5 |          78.9 |      132.8 
       ijk-ilk-lj |  3744 |   52 |   72 | 1.00 | 1.00 |     200.7 |       201.1 |         108.4 |      119.0 
     ijk-ilmk-mjl |   480 |   20 |  480 | 1.00 | 1.00 |     115.3 |       122.9 |          48.9 |       58.8 
   ijkl-imjn-lnkm |   480 |  480 |  400 | 1.00 | 0.80 |     217.7 |       216.4 |         186.8 |      184.7 
   ijkl-imjn-nlmk |   480 |  400 |  480 | 1.00 | 0.80 |     235.8 |       242.1 |         207.3 |      212.7 
   ijkl-imkn-jnlm |   480 |  480 |  400 | 1.00 | 1.00 |     299.1 |       305.1 |         258.1 |      264.9 
   ijkl-imkn-njml |   480 |  400 |  480 | 1.00 | 0.80 |     310.4 |       315.2 |         267.7 |      263.4 
   ijkl-imln-jnkm |   480 |  480 |  400 | 1.00 | 1.00 |     306.5 |       309.5 |         257.8 |      263.6 
   ijkl-imln-njmk |   480 |  400 |  480 | 1.00 | 0.80 |     305.4 |       313.3 |         268.2 |      264.8 
   ijkl-imnj-nlkm |   480 |  400 |  480 | 1.00 | 0.80 |     298.4 |       311.3 |         259.4 |      263.4 
   ijkl-imnk-njml |   480 |  400 |  480 | 1.00 | 0.80 |     306.3 |       315.1 |         265.5 |      262.2 
   ijkl-minj-nlmk |   480 |  400 |  576 | 1.00 | 0.80 |     293.1 |       302.9 |         256.6 |      257.2 
   ijkl-mink-jnlm |   480 |  480 |  480 | 1.00 | 1.00 |     309.2 |       308.8 |         271.2 |      261.7 
   ijkl-minl-njmk |   480 |  400 |  576 | 1.00 | 0.80 |     304.7 |       309.0 |         261.4 |      261.1 
     aqrs-pa-pqrs |    24 | 8000 |   24 | 0.00 | 0.00 |      56.8 |        30.4 |          68.5 |       61.5 
     abrs-qb-aqrs |    20 | 9600 |   24 | 1.00 | 1.00 |     164.8 |       169.4 |          56.5 |       57.7 
     abcs-rc-abrs |    20 | 9600 |   24 | 1.00 | 1.00 |     166.3 |       164.6 |          53.2 |       57.4 
       abj-bka-kj |  5184 |   52 |   72 | 1.00 | 1.00 |     241.4 |       245.4 |         136.8 |      150.6 
       ajb-kba-jk |  3744 |   72 |   72 | 1.00 | 1.00 |     303.3 |       306.8 |         157.8 |      198.1 
     abjc-cbka-kj | 11520 |   20 |   24 | 1.00 | 1.00 |      69.4 |        70.7 |          45.9 |       57.0 
     ajbc-ckba-jk | 11520 |   24 |   20 | 1.00 | 1.00 |     125.2 |       124.0 |          47.3 |       62.4 
     abjc-kbac-jk |  9600 |   24 |   24 | 1.00 | 1.00 |     177.0 |       187.1 |          63.7 |       67.7 
   abjcd-dkbac-jk | 82944 |   24 |   12 | 1.00 | 1.00 |      44.6 |        51.2 |          40.9 |       31.2 
   adbjc-cbdka-kj | 82944 |   12 |   24 | 1.00 | 1.00 |      15.4 |        16.2 |          14.3 |       22.3 
   ajbdc-ckbad-jk | 82944 |   24 |   12 | 1.00 | 1.00 |      48.6 |        48.2 |          39.9 |       33.1 
 abcijk-ijma-mkbc |  4608 |  512 |   24 | 1.00 | 1.00 |     149.7 |       169.2 |         136.6 |      171.3 
 abcijk-ijmb-mkac |  1536 | 1536 |   24 | 1.00 | 1.00 |     206.3 |       226.5 |         172.1 |      101.1 
 abcijk-ijmc-mkab |  1536 | 1536 |   24 | 1.00 | 1.00 |     204.4 |       206.2 |         173.1 |      147.9 
 abcijk-ikma-mjbc |  4608 |  512 |   24 | 1.00 | 1.00 |     145.3 |       157.4 |         141.7 |      162.2 
 abcijk-ikmb-mjac |  1536 | 1536 |   24 | 1.00 | 1.00 |     198.5 |       220.2 |         171.8 |      148.4 
 abcijk-ikmc-mjab |  1536 | 1536 |   24 | 1.00 | 1.00 |     209.0 |       212.6 |         168.4 |      118.1 
 abcijk-jkma-mibc |  4608 |  512 |   24 | 1.00 | 1.00 |     126.5 |       148.0 |         139.0 |      171.0 
 abcijk-jkmb-miac |  1536 | 1536 |   24 | 1.00 | 1.00 |     192.6 |       206.2 |         165.5 |      106.7 
 abcijk-jkmc-miab |  1536 | 1536 |   24 | 1.00 | 1.00 |     193.7 |       212.4 |         180.5 |      114.9 
 abcijk-eiab-jkec |  1536 | 1536 |   24 | 1.00 | 1.00 |     188.6 |       209.1 |         168.1 |      125.4 
 abcijk-eiac-jkeb |  1536 | 1536 |   24 | 1.00 | 1.00 |     206.4 |       212.1 |         164.5 |      104.1 
 abcijk-eibc-jkea |   512 | 4608 |   24 | 1.00 | 1.00 |     152.7 |       152.8 |         137.1 |      172.3 
 abcijk-ejab-ikec |  1536 | 1536 |   24 | 1.00 | 1.00 |     203.8 |       200.5 |         171.0 |      109.7 
 abcijk-ejac-ikeb |  1536 | 1536 |   24 | 1.00 | 1.00 |     204.9 |       217.8 |         172.2 |      141.5 
 abcijk-ejbc-ikea |   512 | 4608 |   24 | 1.00 | 1.00 |     145.7 |       160.2 |         141.1 |      164.5 
 abcijk-ekab-ijec |  1536 | 1536 |   24 | 1.00 | 1.00 |     194.5 |       198.7 |         162.0 |      135.3 
 abcijk-ekac-ijeb |  1536 | 1536 |   24 | 1.00 | 1.00 |     202.2 |       208.5 |         172.8 |       99.8 
 abcijk-ekbc-ijea |   512 | 4608 |   24 | 1.00 | 1.00 |     150.3 |       155.4 |         129.8 |      155.4 
       abc-bk-akc |    72 | 3744 |   52 | 1.00 | 1.00 |     111.9 |       156.6 |         107.9 |      181.3 

=== c64 ===
             case |     m |    n |    k | regA | regB | plan GF/s | packed GF/s | upstream GF/s | tblis GF/s 
------------------+-------+------+------+------+------+-----------+-------------+---------------+------------
         ij-ik-kj |   384 |  364 |  384 | 1.00 | 1.00 |     267.1 |       271.4 |         239.1 |      236.4 
       ij-ikl-ljk |    72 |   52 | 3744 | 1.00 | 1.00 |     117.1 |       116.6 |         104.2 |      116.7 
       ij-kil-lkj |    72 |   52 | 5184 | 1.00 | 1.00 |     104.4 |       100.5 |          91.4 |      111.2 
       ijk-ikl-lj |  3744 |   52 |   72 | 1.00 | 1.00 |     229.0 |       238.1 |         189.2 |      182.9 
       ijk-il-jlk |    72 | 3744 |   52 | 1.00 | 1.00 |     208.4 |       224.1 |         181.4 |      205.2 
       ijk-ilk-jl |  3744 |   72 |   52 | 0.89 | 1.00 |     161.0 |       162.0 |         137.0 |      202.6 
       ijk-ilk-lj |  3744 |   52 |   72 | 0.89 | 1.00 |     241.0 |       239.5 |         183.9 |      188.2 
     ijk-ilmk-mjl |   480 |   20 |  480 | 0.67 | 1.00 |     168.9 |       172.6 |         111.7 |      139.6 
   ijkl-imjn-lnkm |   480 |  480 |  400 | 0.67 | 0.80 |     239.9 |       244.6 |         229.0 |      223.4 
   ijkl-imjn-nlmk |   480 |  400 |  480 | 0.67 | 0.81 |     293.1 |       301.9 |         282.7 |      306.7 
   ijkl-imkn-jnlm |   480 |  480 |  400 | 0.67 | 1.00 |     340.9 |       339.2 |         312.6 |      297.0 
   ijkl-imkn-njml |   480 |  400 |  480 | 0.67 | 0.81 |     336.1 |       341.1 |         320.8 |      313.5 
   ijkl-imln-jnkm |   480 |  480 |  400 | 0.67 | 1.00 |     340.2 |       341.3 |         314.0 |      297.6 
   ijkl-imln-njmk |   480 |  400 |  480 | 0.67 | 0.81 |     343.7 |       341.2 |         320.8 |      316.3 
   ijkl-imnj-nlkm |   480 |  400 |  480 | 0.67 | 0.81 |     340.4 |       342.3 |         316.8 |      315.5 
   ijkl-imnk-njml |   480 |  400 |  480 | 0.67 | 0.81 |     342.0 |       342.6 |         319.3 |      318.5 
   ijkl-minj-nlmk |   480 |  400 |  576 | 0.67 | 0.81 |     332.2 |       331.9 |         304.9 |      299.1 
   ijkl-mink-jnlm |   480 |  480 |  480 | 0.67 | 1.00 |     340.5 |       341.3 |         315.6 |      296.0 
   ijkl-minl-njmk |   480 |  400 |  576 | 0.67 | 0.81 |     334.8 |       334.8 |         314.9 |      310.9 
     aqrs-pa-pqrs |    24 | 8000 |   24 | 1.00 | 1.00 |     134.4 |       175.5 |         118.1 |      150.6 
     abrs-qb-aqrs |    20 | 9600 |   24 | 1.00 | 1.00 |     274.2 |       268.3 |         159.5 |      142.6 
     abcs-rc-abrs |    20 | 9600 |   24 | 1.00 | 1.00 |     244.1 |       243.9 |         131.1 |      142.2 
       abj-bka-kj |  5184 |   52 |   72 | 0.89 | 1.00 |     298.8 |       295.6 |         236.2 |      191.9 
       ajb-kba-jk |  3744 |   72 |   72 | 0.89 | 1.00 |     335.7 |       346.7 |         275.5 |      268.1 
     abjc-cbka-kj | 11520 |   20 |   24 | 0.67 | 1.00 |     168.2 |       173.9 |         110.8 |      126.5 
     ajbc-ckba-jk | 11520 |   24 |   20 | 1.00 | 1.00 |      40.0 |        40.4 |          32.7 |      128.6 
     abjc-kbac-jk |  9600 |   24 |   24 | 0.67 | 1.00 |     274.9 |       276.2 |         150.0 |      162.4 
   abjcd-dkbac-jk | 82944 |   24 |   12 | 0.67 | 1.00 |      84.7 |        84.2 |          77.9 |       64.3 
   adbjc-cbdka-kj | 82944 |   12 |   24 | 0.67 | 1.00 |      50.2 |        50.9 |          49.6 |       42.3 
   ajbdc-ckbad-jk | 82944 |   24 |   12 | 1.00 | 1.00 |      48.4 |        50.9 |          47.7 |       68.7 
 abcijk-ijma-mkbc |  4608 |  512 |   24 | 1.00 | 0.97 |     161.9 |       161.8 |         141.8 |      210.2 
 abcijk-ijmb-mkac |  1536 | 1536 |   24 | 1.00 | 0.75 |     261.2 |       255.5 |         236.4 |      167.6 
 abcijk-ijmc-mkab |  1536 | 1536 |   24 | 1.00 | 0.50 |     275.8 |       256.5 |         241.5 |      225.7 
 abcijk-ikma-mjbc |  4608 |  512 |   24 | 1.00 | 0.97 |     152.2 |       152.4 |         153.4 |      206.5 
 abcijk-ikmb-mjac |  1536 | 1536 |   24 | 1.00 | 0.75 |     264.4 |       260.5 |         239.7 |      188.9 
 abcijk-ikmc-mjab |  1536 | 1536 |   24 | 1.00 | 0.50 |     275.1 |       253.8 |         249.2 |      178.9 
 abcijk-jkma-mibc |  4608 |  512 |   24 | 1.00 | 0.97 |     159.6 |       160.3 |         160.8 |      212.9 
 abcijk-jkmb-miac |  1536 | 1536 |   24 | 1.00 | 0.75 |     255.7 |       262.3 |         239.3 |      156.0 
 abcijk-jkmc-miab |  1536 | 1536 |   24 | 1.00 | 0.50 |     260.7 |       249.4 |         238.9 |      191.4 
 abcijk-eiab-jkec |  1536 | 1536 |   24 | 1.00 | 0.50 |     260.7 |       265.4 |         248.8 |      199.4 
 abcijk-eiac-jkeb |  1536 | 1536 |   24 | 1.00 | 0.75 |     256.6 |       252.5 |         239.8 |      156.3 
 abcijk-eibc-jkea |   512 | 4608 |   24 | 1.00 | 0.97 |     159.9 |       156.6 |         150.8 |      220.2 
 abcijk-ejab-ikec |  1536 | 1536 |   24 | 1.00 | 0.50 |     265.0 |       253.3 |         236.4 |      177.6 
 abcijk-ejac-ikeb |  1536 | 1536 |   24 | 1.00 | 0.75 |     253.6 |       250.2 |         234.9 |      183.4 
 abcijk-ejbc-ikea |   512 | 4608 |   24 | 1.00 | 0.97 |     155.9 |       149.4 |         153.8 |      198.4 
 abcijk-ekab-ijec |  1536 | 1536 |   24 | 1.00 | 0.50 |     260.6 |       250.8 |         243.1 |      215.4 
 abcijk-ekac-ijeb |  1536 | 1536 |   24 | 1.00 | 0.75 |     255.4 |       254.3 |         233.2 |      169.9 
 abcijk-ekbc-ijea |   512 | 4608 |   24 | 1.00 | 0.97 |     156.7 |       158.0 |         162.5 |      209.2 
       abc-bk-akc |    72 | 3744 |   52 | 0.89 | 1.00 |     223.1 |       227.4 |         182.5 |      279.2 

=== complex efficiency ratio (c64 GF/s over f64 GF/s; 1.0 = no penalty) ===
             case | plan c64/f64 | packed c64/f64 | upstream c64/f64 | tblis c64/f64 
------------------+--------------+----------------+------------------+---------------
         ij-ik-kj |        1.201 |          1.058 |            1.317 |         1.338 
       ij-ikl-ljk |        1.281 |          1.282 |            1.512 |         2.418 
       ij-kil-lkj |        1.163 |          1.125 |            1.294 |         2.290 
       ijk-ikl-lj |        1.139 |          1.165 |            1.676 |         1.528 
       ijk-il-jlk |        1.057 |          1.028 |            1.492 |         1.590 
       ijk-ilk-jl |        2.470 |          1.440 |            1.737 |         1.526 
       ijk-ilk-lj |        1.201 |          1.191 |            1.697 |         1.581 
     ijk-ilmk-mjl |        1.465 |          1.404 |            2.284 |         2.373 
   ijkl-imjn-lnkm |        1.102 |          1.130 |            1.226 |         1.209 
   ijkl-imjn-nlmk |        1.243 |          1.247 |            1.364 |         1.442 
   ijkl-imkn-jnlm |        1.140 |          1.112 |            1.211 |         1.121 
   ijkl-imkn-njml |        1.083 |          1.082 |            1.198 |         1.190 
   ijkl-imln-jnkm |        1.110 |          1.103 |            1.218 |         1.129 
   ijkl-imln-njmk |        1.125 |          1.089 |            1.196 |         1.194 
   ijkl-imnj-nlkm |        1.141 |          1.100 |            1.221 |         1.198 
   ijkl-imnk-njml |        1.116 |          1.087 |            1.203 |         1.215 
   ijkl-minj-nlmk |        1.133 |          1.095 |            1.188 |         1.163 
   ijkl-mink-jnlm |        1.101 |          1.105 |            1.164 |         1.131 
   ijkl-minl-njmk |        1.099 |          1.083 |            1.205 |         1.191 
     aqrs-pa-pqrs |        2.366 |          5.782 |            1.722 |         2.451 
     abrs-qb-aqrs |        1.663 |          1.583 |            2.825 |         2.473 
     abcs-rc-abrs |        1.468 |          1.481 |            2.466 |         2.477 
       abj-bka-kj |        1.238 |          1.205 |            1.726 |         1.274 
       ajb-kba-jk |        1.107 |          1.130 |            1.746 |         1.354 
     abjc-cbka-kj |        2.424 |          2.460 |            2.412 |         2.219 
     ajbc-ckba-jk |        0.320 |          0.326 |            0.691 |         2.060 
     abjc-kbac-jk |        1.553 |          1.476 |            2.355 |         2.399 
   abjcd-dkbac-jk |        1.897 |          1.643 |            1.906 |         2.060 
   adbjc-cbdka-kj |        3.250 |          3.148 |            3.471 |         1.901 
   ajbdc-ckbad-jk |        0.997 |          1.057 |            1.194 |         2.076 
 abcijk-ijma-mkbc |        1.082 |          0.956 |            1.038 |         1.227 
 abcijk-ijmb-mkac |        1.266 |          1.128 |            1.374 |         1.658 
 abcijk-ijmc-mkab |        1.349 |          1.244 |            1.395 |         1.526 
 abcijk-ikma-mjbc |        1.047 |          0.968 |            1.083 |         1.273 
 abcijk-ikmb-mjac |        1.332 |          1.183 |            1.395 |         1.273 
 abcijk-ikmc-mjab |        1.316 |          1.194 |            1.480 |         1.515 
 abcijk-jkma-mibc |        1.261 |          1.083 |            1.157 |         1.245 
 abcijk-jkmb-miac |        1.328 |          1.273 |            1.446 |         1.462 
 abcijk-jkmc-miab |        1.346 |          1.174 |            1.323 |         1.665 
 abcijk-eiab-jkec |        1.382 |          1.269 |            1.480 |         1.590 
 abcijk-eiac-jkeb |        1.243 |          1.190 |            1.458 |         1.501 
 abcijk-eibc-jkea |        1.047 |          1.025 |            1.100 |         1.278 
 abcijk-ejab-ikec |        1.300 |          1.263 |            1.382 |         1.619 
 abcijk-ejac-ikeb |        1.238 |          1.149 |            1.364 |         1.296 
 abcijk-ejbc-ikea |        1.070 |          0.933 |            1.090 |         1.206 
 abcijk-ekab-ijec |        1.340 |          1.262 |            1.501 |         1.592 
 abcijk-ekac-ijeb |        1.263 |          1.220 |            1.349 |         1.703 
 abcijk-ekbc-ijea |        1.043 |          1.017 |            1.252 |         1.346 
       abc-bk-akc |        1.994 |          1.452 |            1.692 |         1.540 
             MEAN |        1.345 |          1.331 |            1.516 |         1.594 

wrote /home/shinaoka/projects/tensor4all/tprims-rs/benchmarks/benchmarks/tcbench/results/scaling-baseline/A-1m-8t.pending.csv
