# threads: requested=12 pool=12 budget=12
host        : shinaoka-EVO-X1Pro
target      : x86_64 / linux
cpu features: avx2 fma avx512f avx512dq 
caches      : L1=48KiB/12-way/2sh L2=1024KiB/16-way/2sh L3=16384KiB/16-way/8sh (via sysfs), blocking=legacy
l3 domains  : t1=1 t4=1 t8=2 t16=4
baselines   : tblis=true blas=false
tblis       : abi 2.x, 12 thread(s)

running 49 cases at 1 MiB nominal tensor size, 5 reps, stress=none


=== f64 ===
             case |     m |    n |    k | regA | regB | plan GF/s | packed GF/s | upstream GF/s | tblis GF/s 
------------------+-------+------+------+------+------+-----------+-------------+---------------+------------
         ij-ik-kj |   384 |  364 |  384 | 0.00 | 0.00 |      42.0 |       193.8 |         112.9 |      240.8 
       ij-ikl-ljk |    72 |   52 | 3744 | 1.00 | 1.00 |      81.1 |        93.4 |          54.9 |       63.1 
       ij-kil-lkj |    72 |   52 | 5184 | 1.00 | 1.00 |      99.0 |       101.1 |          55.4 |       75.6 
       ijk-ikl-lj |  3744 |   52 |   72 | 1.00 | 1.00 |     265.5 |       312.0 |          90.9 |      188.0 
       ijk-il-jlk |    72 | 3744 |   52 | 1.00 | 1.00 |     172.6 |       244.2 |          96.7 |      209.0 
       ijk-ilk-jl |  3744 |   72 |   52 | 1.00 | 1.00 |     273.8 |       307.9 |          93.1 |      216.4 
       ijk-ilk-lj |  3744 |   52 |   72 | 1.00 | 1.00 |     276.0 |       192.7 |          93.0 |      198.5 
     ijk-ilmk-mjl |   480 |   20 |  480 | 1.00 | 1.00 |     124.6 |       126.3 |          37.7 |       87.9 
   ijkl-imjn-lnkm |   480 |  480 |  400 | 1.00 | 0.80 |     215.3 |       213.5 |         157.5 |      298.0 
   ijkl-imjn-nlmk |   480 |  400 |  480 | 1.00 | 0.80 |     194.4 |       218.5 |         135.3 |       65.4 
   ijkl-imkn-jnlm |   480 |  480 |  400 | 1.00 | 1.00 |     213.4 |       199.2 |         184.7 |      358.1 
   ijkl-imkn-njml |   480 |  400 |  480 | 1.00 | 0.80 |     274.2 |       320.4 |         171.3 |      357.0 
   ijkl-imln-jnkm |   480 |  480 |  400 | 1.00 | 1.00 |     310.2 |       357.1 |         197.8 |      322.2 
   ijkl-imln-njmk |   480 |  400 |  480 | 1.00 | 0.80 |     329.8 |       329.2 |         174.4 |      354.2 
   ijkl-imnj-nlkm |   480 |  400 |  480 | 1.00 | 0.80 |     203.4 |       326.8 |         192.6 |      323.0 
   ijkl-imnk-njml |   480 |  400 |  480 | 1.00 | 0.80 |     333.4 |       278.9 |         208.2 |      345.5 
   ijkl-minj-nlmk |   480 |  400 |  576 | 1.00 | 0.80 |     193.6 |       208.6 |         183.8 |      326.2 
   ijkl-mink-jnlm |   480 |  480 |  480 | 1.00 | 1.00 |     201.2 |       221.5 |         184.0 |      365.4 
   ijkl-minl-njmk |   480 |  400 |  576 | 1.00 | 0.80 |     316.2 |       339.1 |         203.7 |      360.0 
     aqrs-pa-pqrs |    24 | 8000 |   24 | 0.00 | 0.00 |       9.7 |       138.3 |          58.0 |       71.9 
     abrs-qb-aqrs |    20 | 9600 |   24 | 1.00 | 1.00 |      57.9 |       136.4 |          42.5 |       40.6 
     abcs-rc-abrs |    20 | 9600 |   24 | 1.00 | 1.00 |      65.5 |       124.2 |          40.6 |       44.4 
       abj-bka-kj |  5184 |   52 |   72 | 1.00 | 1.00 |     267.1 |       276.3 |          91.0 |        5.3 
       ajb-kba-jk |  3744 |   72 |   72 | 1.00 | 1.00 |     129.7 |       167.5 |          94.2 |      167.1 
     abjc-cbka-kj | 11520 |   20 |   24 | 1.00 | 1.00 |      22.7 |        58.1 |          23.5 |        0.4 
     ajbc-ckba-jk | 11520 |   24 |   20 | 1.00 | 1.00 |      26.1 |        57.4 |          29.4 |       44.5 
     abjc-kbac-jk |  9600 |   24 |   24 | 1.00 | 1.00 |      90.5 |       109.1 |          36.6 |       60.9 
   abjcd-dkbac-jk | 82944 |   24 |   12 | 1.00 | 1.00 |      61.4 |        50.0 |          43.7 |       28.0 
   adbjc-cbdka-kj | 82944 |   12 |   24 | 1.00 | 1.00 |      19.2 |        19.4 |          18.0 |       27.7 
   ajbdc-ckbad-jk | 82944 |   24 |   12 | 1.00 | 1.00 |      67.5 |        69.6 |          37.9 |       33.5 
 abcijk-ijma-mkbc |  4608 |  512 |   24 | 1.00 | 1.00 |     165.2 |       181.4 |         146.4 |        5.9 
 abcijk-ijmb-mkac |  1536 | 1536 |   24 | 1.00 | 1.00 |     236.6 |       230.1 |         238.3 |      149.9 
 abcijk-ijmc-mkab |  1536 | 1536 |   24 | 1.00 | 1.00 |     194.2 |       188.1 |         230.8 |      211.1 
 abcijk-ikma-mjbc |  4608 |  512 |   24 | 1.00 | 1.00 |     177.3 |       178.1 |         149.2 |      189.8 
 abcijk-ikmb-mjac |  1536 | 1536 |   24 | 1.00 | 1.00 |     264.9 |       304.4 |         253.9 |      222.9 
 abcijk-ikmc-mjab |  1536 | 1536 |   24 | 1.00 | 1.00 |     320.6 |       313.7 |         237.0 |      170.3 
 abcijk-jkma-mibc |  4608 |  512 |   24 | 1.00 | 1.00 |     185.5 |       177.8 |         146.5 |      238.6 
 abcijk-jkmb-miac |  1536 | 1536 |   24 | 1.00 | 1.00 |     312.7 |       330.2 |         242.1 |      176.4 
 abcijk-jkmc-miab |  1536 | 1536 |   24 | 1.00 | 1.00 |     225.4 |       226.3 |         288.6 |      280.9 
 abcijk-eiab-jkec |  1536 | 1536 |   24 | 1.00 | 1.00 |     248.5 |       235.2 |         279.1 |      240.9 
 abcijk-eiac-jkeb |  1536 | 1536 |   24 | 1.00 | 1.00 |     369.5 |       402.5 |         310.0 |      177.0 
 abcijk-eibc-jkea |   512 | 4608 |   24 | 1.00 | 1.00 |     202.8 |       214.2 |         182.1 |      294.9 
 abcijk-ejab-ikec |  1536 | 1536 |   24 | 1.00 | 1.00 |     245.9 |       338.1 |         233.0 |      183.6 
 abcijk-ejac-ikeb |  1536 | 1536 |   24 | 1.00 | 1.00 |     215.2 |       200.9 |         261.8 |      239.7 
 abcijk-ejbc-ikea |   512 | 4608 |   24 | 1.00 | 1.00 |     129.8 |       111.8 |         190.4 |      146.6 
 abcijk-ekab-ijec |  1536 | 1536 |   24 | 1.00 | 1.00 |     331.7 |       321.2 |         226.4 |      228.3 
 abcijk-ekac-ijeb |  1536 | 1536 |   24 | 1.00 | 1.00 |     241.0 |       274.8 |         199.3 |      147.1 
 abcijk-ekbc-ijea |   512 | 4608 |   24 | 1.00 | 1.00 |     184.7 |       193.1 |         168.1 |      232.2 
       abc-bk-akc |    72 | 3744 |   52 | 1.00 | 1.00 |     209.0 |       214.8 |          75.8 |      140.9 

=== c64 ===
             case |     m |    n |    k | regA | regB | plan GF/s | packed GF/s | upstream GF/s | tblis GF/s 
------------------+-------+------+------+------+------+-----------+-------------+---------------+------------
         ij-ik-kj |   384 |  364 |  384 | 1.00 | 1.00 |     334.0 |       337.9 |         169.5 |      319.1 
       ij-ikl-ljk |    72 |   52 | 3744 | 1.00 | 1.00 |     174.3 |       159.7 |         119.2 |      138.6 
       ij-kil-lkj |    72 |   52 | 5184 | 1.00 | 1.00 |     149.4 |       156.9 |         144.2 |      176.0 
       ijk-ikl-lj |  3744 |   52 |   72 | 1.00 | 1.00 |     440.2 |       437.3 |         179.6 |      362.9 
       ijk-il-jlk |    72 | 3744 |   52 | 1.00 | 1.00 |     360.3 |       360.1 |         305.1 |      392.1 
       ijk-ilk-jl |  3744 |   72 |   52 | 0.89 | 1.00 |     291.2 |       356.0 |         255.4 |      385.0 
       ijk-ilk-lj |  3744 |   52 |   72 | 0.89 | 1.00 |     232.3 |       418.8 |         177.6 |      355.5 
     ijk-ilmk-mjl |   480 |   20 |  480 | 0.67 | 1.00 |     212.6 |       215.8 |          96.2 |      208.7 
   ijkl-imjn-lnkm |   480 |  480 |  400 | 0.67 | 0.80 |     227.7 |       222.3 |         256.3 |       36.8 
   ijkl-imjn-nlmk |   480 |  400 |  480 | 0.67 | 0.81 |     221.3 |       244.1 |         233.7 |      430.7 
   ijkl-imkn-jnlm |   480 |  480 |  400 | 0.67 | 1.00 |     250.0 |       248.7 |         220.9 |      445.1 
   ijkl-imkn-njml |   480 |  400 |  480 | 0.67 | 0.81 |     325.5 |       414.0 |         224.4 |      427.4 
   ijkl-imln-jnkm |   480 |  480 |  400 | 0.67 | 1.00 |     406.5 |       362.9 |         234.1 |      186.7 
   ijkl-imln-njmk |   480 |  400 |  480 | 0.67 | 0.81 |     331.5 |       323.0 |         244.5 |       49.3 
   ijkl-imnj-nlkm |   480 |  400 |  480 | 0.67 | 0.81 |     410.2 |       404.0 |         252.7 |      415.0 
   ijkl-imnk-njml |   480 |  400 |  480 | 0.67 | 0.81 |     217.2 |       223.5 |         221.1 |       41.1 
   ijkl-minj-nlmk |   480 |  400 |  576 | 0.67 | 0.81 |     191.7 |       204.7 |         326.7 |      436.2 
   ijkl-mink-jnlm |   480 |  480 |  480 | 0.67 | 1.00 |     203.9 |       287.2 |         226.8 |      404.5 
   ijkl-minl-njmk |   480 |  400 |  576 | 0.67 | 0.81 |     385.3 |       381.2 |         237.6 |      425.2 
     aqrs-pa-pqrs |    24 | 8000 |   24 | 1.00 | 1.00 |     106.1 |       117.2 |          94.1 |      161.7 
     abrs-qb-aqrs |    20 | 9600 |   24 | 1.00 | 1.00 |     151.1 |       228.8 |         108.5 |      114.0 
     abcs-rc-abrs |    20 | 9600 |   24 | 1.00 | 1.00 |     143.2 |       151.2 |         101.6 |      137.3 
       abj-bka-kj |  5184 |   52 |   72 | 0.89 | 1.00 |     347.2 |       340.0 |         154.1 |      219.2 
       ajb-kba-jk |  3744 |   72 |   72 | 0.89 | 1.00 |     177.2 |       338.7 |         144.7 |      293.7 
     abjc-cbka-kj | 11520 |   20 |   24 | 0.67 | 1.00 |     131.3 |       146.6 |          63.6 |      112.3 
     ajbc-ckba-jk | 11520 |   24 |   20 | 1.00 | 1.00 |      91.4 |       101.4 |          67.0 |      106.5 
     abjc-kbac-jk |  9600 |   24 |   24 | 0.67 | 1.00 |     233.8 |       243.6 |          87.3 |      154.2 
   abjcd-dkbac-jk | 82944 |   24 |   12 | 0.67 | 1.00 |     107.8 |       101.5 |          87.8 |       65.6 
   adbjc-cbdka-kj | 82944 |   12 |   24 | 0.67 | 1.00 |      62.5 |        63.3 |          37.7 |       50.9 
   ajbdc-ckbad-jk | 82944 |   24 |   12 | 1.00 | 1.00 |     100.2 |        97.1 |          62.3 |       69.9 
 abcijk-ijma-mkbc |  4608 |  512 |   24 | 1.00 | 0.97 |     178.9 |       167.5 |         163.5 |      257.2 
 abcijk-ijmb-mkac |  1536 | 1536 |   24 | 1.00 | 0.75 |     201.7 |       223.9 |         286.6 |      200.2 
 abcijk-ijmc-mkab |  1536 | 1536 |   24 | 1.00 | 0.50 |     309.5 |       304.2 |         289.4 |      262.5 
 abcijk-ikma-mjbc |  4608 |  512 |   24 | 1.00 | 0.97 |     178.1 |       179.5 |         163.3 |      250.8 
 abcijk-ikmb-mjac |  1536 | 1536 |   24 | 1.00 | 0.75 |     307.5 |       305.2 |         283.6 |      230.8 
 abcijk-ikmc-mjab |  1536 | 1536 |   24 | 1.00 | 0.50 |     321.0 |       315.3 |         292.9 |      210.0 
 abcijk-jkma-mibc |  4608 |  512 |   24 | 1.00 | 0.97 |     179.0 |       165.8 |         154.2 |      273.1 
 abcijk-jkmb-miac |  1536 | 1536 |   24 | 1.00 | 0.75 |     312.3 |       229.0 |         293.5 |      216.9 
 abcijk-jkmc-miab |  1536 | 1536 |   24 | 1.00 | 0.50 |     326.3 |       336.2 |         311.5 |      262.8 
 abcijk-eiab-jkec |  1536 | 1536 |   24 | 1.00 | 0.50 |     352.8 |       342.6 |         323.2 |      274.7 
 abcijk-eiac-jkeb |  1536 | 1536 |   24 | 1.00 | 0.75 |     286.5 |       323.3 |         316.0 |      199.4 
 abcijk-eibc-jkea |   512 | 4608 |   24 | 1.00 | 0.97 |     147.2 |       142.1 |         169.1 |      279.9 
 abcijk-ejab-ikec |  1536 | 1536 |   24 | 1.00 | 0.50 |     336.1 |       310.9 |         307.9 |      215.4 
 abcijk-ejac-ikeb |  1536 | 1536 |   24 | 1.00 | 0.75 |     224.9 |       229.4 |         295.4 |      259.4 
 abcijk-ejbc-ikea |   512 | 4608 |   24 | 1.00 | 0.97 |     160.0 |       154.5 |         155.6 |      254.4 
 abcijk-ekab-ijec |  1536 | 1536 |   24 | 1.00 | 0.50 |     256.7 |       257.3 |         290.1 |      255.1 
 abcijk-ekac-ijeb |  1536 | 1536 |   24 | 1.00 | 0.75 |     300.8 |       302.0 |         287.0 |      210.1 
 abcijk-ekbc-ijea |   512 | 4608 |   24 | 1.00 | 0.97 |     184.1 |       181.5 |         171.3 |      260.1 
       abc-bk-akc |    72 | 3744 |   52 | 0.89 | 1.00 |     198.3 |       253.6 |         195.4 |      290.9 

=== complex efficiency ratio (c64 GF/s over f64 GF/s; 1.0 = no penalty) ===
             case | plan c64/f64 | packed c64/f64 | upstream c64/f64 | tblis c64/f64 
------------------+--------------+----------------+------------------+---------------
         ij-ik-kj |        7.944 |          1.744 |            1.501 |         1.326 
       ij-ikl-ljk |        2.150 |          1.710 |            2.170 |         2.197 
       ij-kil-lkj |        1.509 |          1.552 |            2.603 |         2.330 
       ijk-ikl-lj |        1.658 |          1.402 |            1.976 |         1.931 
       ijk-il-jlk |        2.088 |          1.475 |            3.153 |         1.876 
       ijk-ilk-jl |        1.064 |          1.156 |            2.742 |         1.779 
       ijk-ilk-lj |        0.842 |          2.174 |            1.909 |         1.791 
     ijk-ilmk-mjl |        1.706 |          1.709 |            2.554 |         2.375 
   ijkl-imjn-lnkm |        1.058 |          1.041 |            1.628 |         0.124 
   ijkl-imjn-nlmk |        1.138 |          1.117 |            1.727 |         6.583 
   ijkl-imkn-jnlm |        1.171 |          1.249 |            1.196 |         1.243 
   ijkl-imkn-njml |        1.187 |          1.292 |            1.310 |         1.197 
   ijkl-imln-jnkm |        1.310 |          1.016 |            1.184 |         0.579 
   ijkl-imln-njmk |        1.005 |          0.981 |            1.402 |         0.139 
   ijkl-imnj-nlkm |        2.016 |          1.236 |            1.312 |         1.285 
   ijkl-imnk-njml |        0.652 |          0.801 |            1.062 |         0.119 
   ijkl-minj-nlmk |        0.990 |          0.981 |            1.777 |         1.337 
   ijkl-mink-jnlm |        1.014 |          1.297 |            1.232 |         1.107 
   ijkl-minl-njmk |        1.219 |          1.124 |            1.167 |         1.181 
     aqrs-pa-pqrs |       10.906 |          0.847 |            1.624 |         2.251 
     abrs-qb-aqrs |        2.610 |          1.678 |            2.555 |         2.812 
     abcs-rc-abrs |        2.186 |          1.217 |            2.505 |         3.096 
       abj-bka-kj |        1.300 |          1.231 |            1.693 |        41.760 
       ajb-kba-jk |        1.366 |          2.022 |            1.536 |         1.757 
     abjc-cbka-kj |        5.773 |          2.525 |            2.706 |       274.107 
     ajbc-ckba-jk |        3.507 |          1.766 |            2.276 |         2.391 
     abjc-kbac-jk |        2.584 |          2.234 |            2.384 |         2.530 
   abjcd-dkbac-jk |        1.757 |          2.029 |            2.008 |         2.339 
   adbjc-cbdka-kj |        3.250 |          3.268 |            2.091 |         1.835 
   ajbdc-ckbad-jk |        1.485 |          1.394 |            1.644 |         2.086 
 abcijk-ijma-mkbc |        1.083 |          0.924 |            1.117 |        43.250 
 abcijk-ijmb-mkac |        0.853 |          0.973 |            1.203 |         1.335 
 abcijk-ijmc-mkab |        1.593 |          1.617 |            1.254 |         1.243 
 abcijk-ikma-mjbc |        1.005 |          1.008 |            1.095 |         1.321 
 abcijk-ikmb-mjac |        1.161 |          1.003 |            1.117 |         1.035 
 abcijk-ikmc-mjab |        1.001 |          1.005 |            1.236 |         1.233 
 abcijk-jkma-mibc |        0.965 |          0.932 |            1.053 |         1.144 
 abcijk-jkmb-miac |        0.999 |          0.693 |            1.212 |         1.229 
 abcijk-jkmc-miab |        1.447 |          1.486 |            1.079 |         0.936 
 abcijk-eiab-jkec |        1.420 |          1.457 |            1.158 |         1.140 
 abcijk-eiac-jkeb |        0.775 |          0.803 |            1.019 |         1.126 
 abcijk-eibc-jkea |        0.726 |          0.663 |            0.928 |         0.949 
 abcijk-ejab-ikec |        1.367 |          0.920 |            1.321 |         1.173 
 abcijk-ejac-ikeb |        1.045 |          1.142 |            1.129 |         1.082 
 abcijk-ejbc-ikea |        1.233 |          1.382 |            0.817 |         1.735 
 abcijk-ekab-ijec |        0.774 |          0.801 |            1.281 |         1.118 
 abcijk-ekac-ijeb |        1.248 |          1.099 |            1.440 |         1.429 
 abcijk-ekbc-ijea |        0.997 |          0.940 |            1.019 |         1.120 
       abc-bk-akc |        0.949 |          1.181 |            2.579 |         2.064 
             MEAN |        1.818 |          1.333 |            1.626 |         8.839 

wrote /home/shinaoka/projects/tensor4all/tprims-rs/benchmarks/benchmarks/tcbench/results/scaling-baseline/A-1m-12t.pending.csv
