# threads: requested=1 pool=1 budget=1
host        : shinaoka-EVO-X1Pro
target      : x86_64 / linux
cpu features: avx2 fma avx512f avx512dq 
caches      : L1=48KiB/12-way/2sh L2=1024KiB/16-way/2sh L3=8192KiB/16-way/16sh (via sysfs), blocking=legacy
l3 domains  : t1=1
baselines   : tblis=true blas=false
tblis       : abi 2.x, 1 thread(s)

running 49 cases at 16 MiB nominal tensor size, 5 reps, stress=none


=== f64 ===
             case |      m |     n |     k | regA | regB | plan GF/s | packed GF/s | upstream GF/s | tblis GF/s 
------------------+--------+-------+-------+------+------+-----------+-------------+---------------+------------
         ij-ik-kj |   1464 |  1448 |  1464 | 0.00 | 0.00 |      36.1 |        48.7 |          47.7 |       46.6 
       ij-ikl-ljk |    144 |   128 | 18432 | 1.00 | 1.00 |      38.1 |        38.1 |          36.7 |       28.1 
       ij-kil-lkj |    144 |   128 | 20736 | 1.00 | 1.00 |      35.6 |        35.7 |          35.0 |       25.4 
       ijk-ikl-lj |  18432 |   128 |   144 | 1.00 | 1.00 |      44.1 |        44.2 |          43.8 |       33.3 
       ijk-il-jlk |    144 | 18432 |   128 | 1.00 | 1.00 |      38.1 |        38.4 |          35.9 |       36.8 
       ijk-ilk-jl |  18432 |   144 |   128 | 1.00 | 1.00 |      44.8 |        44.8 |          44.6 |       36.4 
       ijk-ilk-lj |  18432 |   128 |   144 | 1.00 | 1.00 |      44.4 |        44.4 |          44.4 |       34.2 
     ijk-ilmk-mjl |   1920 |    40 |  1920 | 1.00 | 1.00 |      39.2 |        39.4 |          39.1 |       22.3 
   ijkl-imjn-lnkm |   1920 |  1920 |  1600 | 1.00 | 1.00 |      47.4 |        47.3 |          46.8 |       47.1 
   ijkl-imjn-nlmk |   1920 |  1600 |  1920 | 1.00 | 1.00 |      47.2 |        47.3 |          46.7 |       45.8 
   ijkl-imkn-jnlm |   1920 |  1920 |  1600 | 1.00 | 1.00 |      47.2 |        47.3 |          46.2 |       46.7 
   ijkl-imkn-njml |   1920 |  1600 |  1920 | 1.00 | 1.00 |      47.5 |        47.4 |          46.6 |       44.9 
   ijkl-imln-jnkm |   1920 |  1920 |  1600 | 1.00 | 1.00 |      47.2 |        47.3 |          46.3 |       47.1 
   ijkl-imln-njmk |   1920 |  1600 |  1920 | 1.00 | 1.00 |      47.6 |        47.6 |          46.6 |       46.3 
   ijkl-imnj-nlkm |   1920 |  1600 |  1920 | 1.00 | 1.00 |      47.3 |        47.3 |          46.8 |       46.0 
   ijkl-imnk-njml |   1920 |  1600 |  1920 | 1.00 | 1.00 |      47.7 |        47.6 |          46.8 |       46.7 
   ijkl-minj-nlmk |   1920 |  1600 |  2304 | 1.00 | 1.00 |      46.4 |        46.4 |          46.0 |       45.4 
   ijkl-mink-jnlm |   1920 |  1920 |  1920 | 1.00 | 1.00 |      46.7 |        46.5 |          45.9 |       47.1 
   ijkl-minl-njmk |   1920 |  1600 |  2304 | 1.00 | 1.00 |      46.4 |        46.6 |          46.0 |       45.1 
     aqrs-pa-pqrs |     48 | 64000 |    48 | 0.00 | 0.00 |      38.1 |        32.8 |          29.4 |       18.5 
     abrs-qb-aqrs |     40 | 76800 |    48 | 1.00 | 1.00 |      34.8 |        34.7 |          34.3 |       18.0 
     abcs-rc-abrs |     40 | 76800 |    48 | 1.00 | 1.00 |      31.9 |        31.9 |          30.6 |       20.2 
       abj-bka-kj |  20736 |   128 |   144 | 1.00 | 1.00 |      39.3 |        38.2 |          38.8 |       26.4 
       ajb-kba-jk |  18432 |   144 |   144 | 1.00 | 1.00 |      43.3 |        43.3 |          42.8 |       37.4 
     abjc-cbka-kj |  92160 |    40 |    48 | 1.00 | 1.00 |       9.6 |         9.6 |           9.5 |       13.5 
     ajbc-ckba-jk |  92160 |    48 |    40 | 1.00 | 1.00 |      18.6 |        18.6 |          17.4 |       19.9 
     abjc-kbac-jk |  76800 |    48 |    48 | 1.00 | 1.00 |      29.3 |        29.5 |          28.8 |       18.2 
   abjcd-dkbac-jk | 230400 |    24 |    20 | 1.00 | 1.00 |      13.1 |        13.0 |          11.8 |       10.1 
   adbjc-cbdka-kj | 230400 |    20 |    24 | 1.00 | 1.00 |       5.4 |         5.4 |           5.1 |        7.6 
   ajbdc-ckbad-jk | 230400 |    24 |    20 | 1.00 | 1.00 |      13.4 |        13.3 |          12.1 |       10.6 
 abcijk-ijma-mkbc |   6912 |  1728 |    24 | 1.00 | 1.00 |      41.2 |        41.1 |          39.2 |       33.6 
 abcijk-ijmb-mkac |   3456 |  3456 |    24 | 1.00 | 0.67 |      40.8 |        40.5 |          39.3 |       24.2 
 abcijk-ijmc-mkab |   3456 |  3456 |    24 | 1.00 | 0.67 |      39.5 |        39.6 |          37.6 |       31.9 
 abcijk-ikma-mjbc |   6912 |  1728 |    24 | 1.00 | 1.00 |      41.1 |        40.8 |          39.0 |       33.5 
 abcijk-ikmb-mjac |   3456 |  3456 |    24 | 1.00 | 0.67 |      41.1 |        40.9 |          38.5 |       29.7 
 abcijk-ikmc-mjab |   3456 |  3456 |    24 | 1.00 | 0.67 |      40.1 |        40.0 |          37.7 |       26.4 
 abcijk-jkma-mibc |   6912 |  1728 |    24 | 1.00 | 1.00 |      42.0 |        41.7 |          40.1 |       33.5 
 abcijk-jkmb-miac |   3456 |  3456 |    24 | 1.00 | 0.67 |      41.7 |        41.2 |          38.7 |       16.2 
 abcijk-jkmc-miab |   3456 |  3456 |    24 | 1.00 | 0.67 |      40.4 |        40.4 |          38.2 |       22.0 
 abcijk-eiab-jkec |   3456 |  3456 |    24 | 1.00 | 0.67 |      40.3 |        40.4 |          38.1 |       22.0 
 abcijk-eiac-jkeb |   3456 |  3456 |    24 | 1.00 | 0.67 |      41.3 |        41.3 |          38.8 |       16.3 
 abcijk-eibc-jkea |   1728 |  6912 |    24 | 1.00 | 1.00 |      41.8 |        41.8 |          39.8 |       33.6 
 abcijk-ejab-ikec |   3456 |  3456 |    24 | 1.00 | 0.67 |      40.0 |        39.9 |          37.6 |       26.5 
 abcijk-ejac-ikeb |   3456 |  3456 |    24 | 1.00 | 0.67 |      41.4 |        40.9 |          38.8 |       29.6 
 abcijk-ejbc-ikea |   1728 |  6912 |    24 | 1.00 | 1.00 |      41.3 |        40.8 |          39.0 |       33.5 
 abcijk-ekab-ijec |   3456 |  3456 |    24 | 1.00 | 0.67 |      40.3 |        40.2 |          37.8 |       31.4 
 abcijk-ekac-ijeb |   3456 |  3456 |    24 | 1.00 | 0.67 |      41.2 |        41.2 |          39.2 |       24.3 
 abcijk-ekbc-ijea |   1728 |  6912 |    24 | 1.00 | 1.00 |      41.7 |        41.1 |          39.4 |       33.6 
       abc-bk-akc |    144 | 18432 |   128 | 1.00 | 1.00 |      44.3 |        44.3 |          43.6 |       35.7 

=== c64 ===
             case |      m |     n |     k | regA | regB | plan GF/s | packed GF/s | upstream GF/s | tblis GF/s 
------------------+--------+-------+-------+------+------+-----------+-------------+---------------+------------
         ij-ik-kj |   1464 |  1448 |  1464 | 1.00 | 1.00 |      48.4 |        48.4 |          48.3 |       47.0 
       ij-ikl-ljk |    144 |   128 | 18432 | 1.00 | 1.00 |      42.2 |        42.2 |          40.3 |       33.7 
       ij-kil-lkj |    144 |   128 | 20736 | 1.00 | 1.00 |      40.4 |        40.4 |          38.4 |       30.7 
       ijk-ikl-lj |  18432 |   128 |   144 | 1.00 | 1.00 |      46.6 |        46.5 |          46.0 |       36.5 
       ijk-il-jlk |    144 | 18432 |   128 | 1.00 | 1.00 |      46.0 |        46.1 |          45.5 |       42.9 
       ijk-ilk-jl |  18432 |   144 |   128 | 1.00 | 1.00 |      48.6 |        48.6 |          48.2 |       39.3 
       ijk-ilk-lj |  18432 |   128 |   144 | 1.00 | 1.00 |      47.2 |        47.2 |          46.7 |       38.0 
     ijk-ilmk-mjl |   1920 |    40 |  1920 | 1.00 | 1.00 |      41.6 |        41.7 |          41.0 |       28.0 
   ijkl-imjn-lnkm |   1920 |  1920 |  1600 | 1.00 | 0.90 |      48.1 |        48.1 |          48.0 |       45.3 
   ijkl-imjn-nlmk |   1920 |  1600 |  1920 | 1.00 | 0.90 |      48.1 |        48.1 |          48.0 |       45.2 
   ijkl-imkn-jnlm |   1920 |  1920 |  1600 | 1.00 | 1.00 |      48.3 |        48.3 |          47.9 |       45.1 
   ijkl-imkn-njml |   1920 |  1600 |  1920 | 1.00 | 0.90 |      48.3 |        48.4 |          47.9 |       44.8 
   ijkl-imln-jnkm |   1920 |  1920 |  1600 | 1.00 | 1.00 |      48.4 |        48.4 |          48.0 |       45.9 
   ijkl-imln-njmk |   1920 |  1600 |  1920 | 1.00 | 0.90 |      48.6 |        48.6 |          48.0 |       45.0 
   ijkl-imnj-nlkm |   1920 |  1600 |  1920 | 1.00 | 0.90 |      48.0 |        48.0 |          48.1 |       45.5 
   ijkl-imnk-njml |   1920 |  1600 |  1920 | 1.00 | 0.90 |      48.4 |        48.3 |          48.0 |       45.8 
   ijkl-minj-nlmk |   1920 |  1600 |  2304 | 1.00 | 0.90 |      47.3 |        47.3 |          47.0 |       45.6 
   ijkl-mink-jnlm |   1920 |  1920 |  1920 | 1.00 | 1.00 |      47.7 |        47.7 |          47.2 |       45.5 
   ijkl-minl-njmk |   1920 |  1600 |  2304 | 1.00 | 0.90 |      47.8 |        47.7 |          47.2 |       45.4 
     aqrs-pa-pqrs |     48 | 64000 |    48 | 1.00 | 1.00 |      38.8 |        38.9 |          37.6 |       28.0 
     abrs-qb-aqrs |     40 | 76800 |    48 | 1.00 | 1.00 |      39.6 |        39.6 |          39.1 |       29.2 
     abcs-rc-abrs |     40 | 76800 |    48 | 1.00 | 1.00 |      39.2 |        39.2 |          38.1 |       29.5 
       abj-bka-kj |  20736 |   128 |   144 | 1.00 | 1.00 |      41.1 |        41.1 |          40.6 |       30.7 
       ajb-kba-jk |  18432 |   144 |   144 | 1.00 | 1.00 |      48.7 |        48.7 |          48.2 |       40.6 
     abjc-cbka-kj |  92160 |    40 |    48 | 1.00 | 1.00 |      19.2 |        19.2 |          18.9 |       22.7 
     ajbc-ckba-jk |  92160 |    48 |    40 | 1.00 | 1.00 |      25.7 |        25.7 |          25.1 |       33.1 
     abjc-kbac-jk |  76800 |    48 |    48 | 1.00 | 1.00 |      40.2 |        40.1 |          39.1 |       26.4 
   abjcd-dkbac-jk | 230400 |    24 |    20 | 0.67 | 1.00 |      21.1 |        21.1 |          19.9 |       19.2 
   adbjc-cbdka-kj | 230400 |    20 |    24 | 0.67 | 1.00 |      11.6 |        11.6 |          11.4 |       17.9 
   ajbdc-ckbad-jk | 230400 |    24 |    20 | 1.00 | 1.00 |      20.3 |        20.4 |          19.5 |       19.6 
 abcijk-ijma-mkbc |   6912 |  1728 |    24 | 1.00 | 1.00 |      44.6 |        44.6 |          43.3 |       37.4 
 abcijk-ijmb-mkac |   3456 |  3456 |    24 | 1.00 | 1.00 |      45.1 |        45.1 |          44.1 |       33.3 
 abcijk-ijmc-mkab |   3456 |  3456 |    24 | 1.00 | 1.00 |      44.4 |        44.4 |          43.3 |       39.6 
 abcijk-ikma-mjbc |   6912 |  1728 |    24 | 1.00 | 1.00 |      44.6 |        44.5 |          43.1 |       37.5 
 abcijk-ikmb-mjac |   3456 |  3456 |    24 | 1.00 | 1.00 |      45.2 |        45.2 |          44.1 |       34.9 
 abcijk-ikmc-mjab |   3456 |  3456 |    24 | 1.00 | 1.00 |      44.4 |        44.4 |          43.5 |       35.4 
 abcijk-jkma-mibc |   6912 |  1728 |    24 | 1.00 | 1.00 |      44.7 |        44.6 |          43.5 |       37.5 
 abcijk-jkmb-miac |   3456 |  3456 |    24 | 1.00 | 1.00 |      45.0 |        45.0 |          43.6 |       28.1 
 abcijk-jkmc-miab |   3456 |  3456 |    24 | 1.00 | 1.00 |      44.3 |        44.3 |          43.1 |       35.2 
 abcijk-eiab-jkec |   3456 |  3456 |    24 | 1.00 | 1.00 |      44.3 |        44.4 |          43.0 |       35.1 
 abcijk-eiac-jkeb |   3456 |  3456 |    24 | 1.00 | 1.00 |      45.0 |        44.9 |          43.6 |       28.2 
 abcijk-eibc-jkea |   1728 |  6912 |    24 | 1.00 | 1.00 |      44.7 |        44.6 |          43.5 |       37.6 
 abcijk-ejab-ikec |   3456 |  3456 |    24 | 1.00 | 1.00 |      44.5 |        44.4 |          43.3 |       35.5 
 abcijk-ejac-ikeb |   3456 |  3456 |    24 | 1.00 | 1.00 |      45.2 |        45.2 |          44.1 |       35.4 
 abcijk-ejbc-ikea |   1728 |  6912 |    24 | 1.00 | 1.00 |      44.5 |        44.5 |          43.1 |       37.5 
 abcijk-ekab-ijec |   3456 |  3456 |    24 | 1.00 | 1.00 |      44.4 |        44.5 |          43.2 |       39.5 
 abcijk-ekac-ijeb |   3456 |  3456 |    24 | 1.00 | 1.00 |      45.2 |        45.2 |          44.2 |       33.2 
 abcijk-ekbc-ijea |   1728 |  6912 |    24 | 1.00 | 1.00 |      44.6 |        44.6 |          43.4 |       37.5 
       abc-bk-akc |    144 | 18432 |   128 | 1.00 | 1.00 |      48.6 |        48.6 |          48.2 |       39.2 

=== complex efficiency ratio (c64 GF/s over f64 GF/s; 1.0 = no penalty) ===
             case | plan c64/f64 | packed c64/f64 | upstream c64/f64 | tblis c64/f64 
------------------+--------------+----------------+------------------+---------------
         ij-ik-kj |        1.340 |          0.994 |            1.013 |         1.009 
       ij-ikl-ljk |        1.107 |          1.109 |            1.096 |         1.200 
       ij-kil-lkj |        1.133 |          1.129 |            1.097 |         1.207 
       ijk-ikl-lj |        1.056 |          1.052 |            1.052 |         1.099 
       ijk-il-jlk |        1.209 |          1.200 |            1.267 |         1.165 
       ijk-ilk-jl |        1.085 |          1.085 |            1.082 |         1.080 
       ijk-ilk-lj |        1.061 |          1.062 |            1.052 |         1.112 
     ijk-ilmk-mjl |        1.062 |          1.058 |            1.049 |         1.253 
   ijkl-imjn-lnkm |        1.013 |          1.015 |            1.024 |         0.961 
   ijkl-imjn-nlmk |        1.018 |          1.017 |            1.028 |         0.986 
   ijkl-imkn-jnlm |        1.022 |          1.022 |            1.036 |         0.968 
   ijkl-imkn-njml |        1.018 |          1.021 |            1.028 |         0.999 
   ijkl-imln-jnkm |        1.025 |          1.023 |            1.036 |         0.973 
   ijkl-imln-njmk |        1.021 |          1.021 |            1.030 |         0.973 
   ijkl-imnj-nlkm |        1.015 |          1.015 |            1.027 |         0.988 
   ijkl-imnk-njml |        1.014 |          1.015 |            1.025 |         0.981 
   ijkl-minj-nlmk |        1.018 |          1.019 |            1.023 |         1.005 
   ijkl-mink-jnlm |        1.022 |          1.028 |            1.028 |         0.966 
   ijkl-minl-njmk |        1.029 |          1.024 |            1.024 |         1.006 
     aqrs-pa-pqrs |        1.020 |          1.184 |            1.279 |         1.512 
     abrs-qb-aqrs |        1.136 |          1.141 |            1.139 |         1.628 
     abcs-rc-abrs |        1.231 |          1.227 |            1.245 |         1.458 
       abj-bka-kj |        1.044 |          1.074 |            1.046 |         1.163 
       ajb-kba-jk |        1.126 |          1.126 |            1.127 |         1.084 
     abjc-cbka-kj |        2.004 |          2.007 |            1.995 |         1.677 
     ajbc-ckba-jk |        1.384 |          1.383 |            1.444 |         1.667 
     abjc-kbac-jk |        1.375 |          1.362 |            1.357 |         1.451 
   abjcd-dkbac-jk |        1.613 |          1.626 |            1.680 |         1.902 
   adbjc-cbdka-kj |        2.149 |          2.149 |            2.211 |         2.370 
   ajbdc-ckbad-jk |        1.520 |          1.530 |            1.606 |         1.843 
 abcijk-ijma-mkbc |        1.082 |          1.086 |            1.105 |         1.114 
 abcijk-ijmb-mkac |        1.105 |          1.115 |            1.121 |         1.376 
 abcijk-ijmc-mkab |        1.123 |          1.121 |            1.150 |         1.242 
 abcijk-ikma-mjbc |        1.083 |          1.090 |            1.107 |         1.119 
 abcijk-ikmb-mjac |        1.099 |          1.106 |            1.146 |         1.174 
 abcijk-ikmc-mjab |        1.107 |          1.110 |            1.153 |         1.343 
 abcijk-jkma-mibc |        1.063 |          1.069 |            1.085 |         1.121 
 abcijk-jkmb-miac |        1.079 |          1.093 |            1.128 |         1.739 
 abcijk-jkmc-miab |        1.096 |          1.098 |            1.127 |         1.600 
 abcijk-eiab-jkec |        1.099 |          1.098 |            1.128 |         1.598 
 abcijk-eiac-jkeb |        1.088 |          1.087 |            1.126 |         1.723 
 abcijk-eibc-jkea |        1.069 |          1.069 |            1.091 |         1.119 
 abcijk-ejab-ikec |        1.111 |          1.113 |            1.151 |         1.340 
 abcijk-ejac-ikeb |        1.092 |          1.105 |            1.139 |         1.195 
 abcijk-ejbc-ikea |        1.078 |          1.090 |            1.105 |         1.121 
 abcijk-ekab-ijec |        1.103 |          1.107 |            1.144 |         1.256 
 abcijk-ekac-ijeb |        1.096 |          1.096 |            1.128 |         1.370 
 abcijk-ekbc-ijea |        1.070 |          1.084 |            1.102 |         1.116 
       abc-bk-akc |        1.098 |          1.096 |            1.105 |         1.099 
             MEAN |        1.155 |          1.154 |            1.173 |         1.275 

wrote /home/shinaoka/projects/tensor4all/tprims-rs/benchmarks/benchmarks/tcbench/results/scaling-layout/candidate/A-16m-1t.pending.csv
