# threads: requested=4 pool=4 budget=4
host        : shinaoka-EVO-X1Pro
target      : x86_64 / linux
cpu features: avx2 fma avx512f avx512dq 
caches      : L1=48KiB/12-way/2sh L2=1024KiB/16-way/2sh L3=8192KiB/16-way/16sh (via sysfs), blocking=legacy
l3 domains  : t1=1 t4=1 t8=1
baselines   : tblis=true blas=false
tblis       : abi 2.x, 4 thread(s)

running 49 cases at 16 MiB nominal tensor size, 5 reps, stress=none


=== f64 ===
             case |      m |     n |     k | regA | regB | plan GF/s | packed GF/s | upstream GF/s | tblis GF/s 
------------------+--------+-------+-------+------+------+-----------+-------------+---------------+------------
         ij-ik-kj |   1464 |  1448 |  1464 | 0.00 | 0.00 |     144.8 |       129.7 |         127.1 |      173.2 
       ij-ikl-ljk |    144 |   128 | 18432 | 1.00 | 1.00 |     102.0 |       101.9 |          98.2 |       88.3 
       ij-kil-lkj |    144 |   128 | 20736 | 1.00 | 1.00 |      97.8 |        97.6 |          95.8 |       79.4 
       ijk-ikl-lj |  18432 |   128 |   144 | 1.00 | 1.00 |     165.0 |       164.8 |         157.0 |      105.5 
       ijk-il-jlk |    144 | 18432 |   128 | 1.00 | 1.00 |     126.2 |       127.4 |         120.8 |      142.6 
       ijk-ilk-jl |  18432 |   144 |   128 | 1.00 | 1.00 |     157.1 |       174.1 |         167.2 |      126.1 
       ijk-ilk-lj |  18432 |   128 |   144 | 1.00 | 1.00 |     165.9 |       166.6 |         168.1 |      119.2 
     ijk-ilmk-mjl |   1920 |    40 |  1920 | 1.00 | 1.00 |     122.8 |       126.5 |         132.2 |       83.5 
   ijkl-imjn-lnkm |   1920 |  1920 |  1600 | 1.00 | 1.00 |     178.9 |       178.7 |         176.9 |      177.7 
   ijkl-imjn-nlmk |   1920 |  1600 |  1920 | 1.00 | 1.00 |     179.4 |       179.5 |         178.7 |      174.6 
   ijkl-imkn-jnlm |   1920 |  1920 |  1600 | 1.00 | 1.00 |     180.2 |       181.4 |         175.6 |      176.0 
   ijkl-imkn-njml |   1920 |  1600 |  1920 | 1.00 | 1.00 |     181.9 |       181.9 |         177.7 |      173.4 
   ijkl-imln-jnkm |   1920 |  1920 |  1600 | 1.00 | 1.00 |     181.2 |       181.6 |         175.6 |      174.6 
   ijkl-imln-njmk |   1920 |  1600 |  1920 | 1.00 | 1.00 |     182.0 |       181.8 |         179.2 |      173.1 
   ijkl-imnj-nlkm |   1920 |  1600 |  1920 | 1.00 | 1.00 |     178.9 |       178.9 |         177.9 |      175.6 
   ijkl-imnk-njml |   1920 |  1600 |  1920 | 1.00 | 1.00 |     181.9 |       181.7 |         178.9 |      175.5 
   ijkl-minj-nlmk |   1920 |  1600 |  2304 | 1.00 | 1.00 |     177.8 |       177.6 |         177.0 |      173.0 
   ijkl-mink-jnlm |   1920 |  1920 |  1920 | 1.00 | 1.00 |     179.3 |       178.5 |         174.4 |      175.6 
   ijkl-minl-njmk |   1920 |  1600 |  2304 | 1.00 | 1.00 |     177.1 |       176.4 |         173.8 |      170.5 
     aqrs-pa-pqrs |     48 | 64000 |    48 | 0.00 | 0.00 |     136.4 |       111.2 |         103.3 |       62.1 
     abrs-qb-aqrs |     40 | 76800 |    48 | 1.00 | 1.00 |     130.6 |       130.0 |         125.2 |       73.5 
     abcs-rc-abrs |     40 | 76800 |    48 | 1.00 | 1.00 |     104.6 |       105.5 |         100.1 |       59.4 
       abj-bka-kj |  20736 |   128 |   144 | 1.00 | 1.00 |     134.8 |       135.8 |         132.5 |       80.4 
       ajb-kba-jk |  18432 |   144 |   144 | 1.00 | 1.00 |     157.1 |       154.6 |         151.0 |      126.7 
     abjc-cbka-kj |  92160 |    40 |    48 | 1.00 | 1.00 |      27.6 |        28.7 |          27.5 |       38.2 
     ajbc-ckba-jk |  92160 |    48 |    40 | 1.00 | 1.00 |      46.7 |        46.8 |          44.9 |       63.0 
     abjc-kbac-jk |  76800 |    48 |    48 | 1.00 | 1.00 |      99.1 |       101.3 |          93.8 |       54.5 
   abjcd-dkbac-jk | 230400 |    24 |    20 | 1.00 | 1.00 |      31.4 |        31.3 |          29.8 |       30.0 
   adbjc-cbdka-kj | 230400 |    20 |    24 | 1.00 | 1.00 |      16.6 |        16.5 |          16.0 |       18.8 
   ajbdc-ckbad-jk | 230400 |    24 |    20 | 1.00 | 1.00 |      31.5 |        31.6 |          29.6 |       32.6 
 abcijk-ijma-mkbc |   6912 |  1728 |    24 | 1.00 | 1.00 |     129.5 |       129.9 |         122.1 |      109.2 
 abcijk-ijmb-mkac |   3456 |  3456 |    24 | 1.00 | 0.67 |     124.0 |       124.0 |         117.3 |       64.6 
 abcijk-ijmc-mkab |   3456 |  3456 |    24 | 1.00 | 0.67 |     118.6 |       119.5 |         112.9 |       83.2 
 abcijk-ikma-mjbc |   6912 |  1728 |    24 | 1.00 | 1.00 |     129.5 |       131.3 |         123.0 |      109.3 
 abcijk-ikmb-mjac |   3456 |  3456 |    24 | 1.00 | 0.67 |     124.0 |       123.7 |         116.3 |       89.8 
 abcijk-ikmc-mjab |   3456 |  3456 |    24 | 1.00 | 0.67 |     120.5 |       120.4 |         113.2 |       76.1 
 abcijk-jkma-mibc |   6912 |  1728 |    24 | 1.00 | 1.00 |     131.9 |       131.6 |         124.2 |      111.4 
 abcijk-jkmb-miac |   3456 |  3456 |    24 | 1.00 | 0.67 |     123.1 |       123.6 |         116.6 |       49.2 
 abcijk-jkmc-miab |   3456 |  3456 |    24 | 1.00 | 0.67 |     117.9 |       119.0 |         113.6 |       61.0 
 abcijk-eiab-jkec |   3456 |  3456 |    24 | 1.00 | 0.67 |     120.5 |       118.8 |         114.5 |       59.4 
 abcijk-eiac-jkeb |   3456 |  3456 |    24 | 1.00 | 0.67 |     123.5 |       123.3 |         115.4 |       47.7 
 abcijk-eibc-jkea |   1728 |  6912 |    24 | 1.00 | 1.00 |     132.6 |       133.7 |         123.9 |      111.1 
 abcijk-ejab-ikec |   3456 |  3456 |    24 | 1.00 | 0.67 |     119.2 |       119.4 |         112.1 |       77.0 
 abcijk-ejac-ikeb |   3456 |  3456 |    24 | 1.00 | 0.67 |     123.7 |       124.2 |         116.9 |       89.7 
 abcijk-ejbc-ikea |   1728 |  6912 |    24 | 1.00 | 1.00 |     128.7 |       127.5 |         120.4 |      109.7 
 abcijk-ekab-ijec |   3456 |  3456 |    24 | 1.00 | 0.67 |     120.9 |       120.8 |         112.3 |       84.6 
 abcijk-ekac-ijeb |   3456 |  3456 |    24 | 1.00 | 0.67 |     123.8 |       124.2 |         117.1 |       68.0 
 abcijk-ekbc-ijea |   1728 |  6912 |    24 | 1.00 | 1.00 |     130.6 |       130.5 |         122.6 |      109.8 
       abc-bk-akc |    144 | 18432 |   128 | 1.00 | 1.00 |     171.3 |       171.5 |         168.1 |      126.0 

=== c64 ===
             case |      m |     n |     k | regA | regB | plan GF/s | packed GF/s | upstream GF/s | tblis GF/s 
------------------+--------+-------+-------+------+------+-----------+-------------+---------------+------------
         ij-ik-kj |   1464 |  1448 |  1464 | 1.00 | 1.00 |     191.0 |       190.9 |         190.2 |      185.0 
       ij-ikl-ljk |    144 |   128 | 18432 | 1.00 | 1.00 |     120.1 |       120.1 |         115.1 |      117.3 
       ij-kil-lkj |    144 |   128 | 20736 | 1.00 | 1.00 |     116.7 |       116.1 |         110.9 |      108.0 
       ijk-ikl-lj |  18432 |   128 |   144 | 1.00 | 1.00 |     181.4 |       181.0 |         177.8 |      135.8 
       ijk-il-jlk |    144 | 18432 |   128 | 1.00 | 1.00 |     135.4 |       137.6 |         136.9 |      169.0 
       ijk-ilk-jl |  18432 |   144 |   128 | 1.00 | 1.00 |     190.3 |       189.1 |         187.5 |      145.9 
       ijk-ilk-lj |  18432 |   128 |   144 | 1.00 | 1.00 |     184.2 |       185.0 |         182.7 |      142.6 
     ijk-ilmk-mjl |   1920 |    40 |  1920 | 1.00 | 1.00 |     147.9 |       148.0 |         145.3 |      108.3 
   ijkl-imjn-lnkm |   1920 |  1920 |  1600 | 1.00 | 0.90 |     187.4 |       187.3 |         185.6 |      181.1 
   ijkl-imjn-nlmk |   1920 |  1600 |  1920 | 1.00 | 0.90 |     188.1 |       188.2 |         187.5 |      180.2 
   ijkl-imkn-jnlm |   1920 |  1920 |  1600 | 1.00 | 1.00 |     190.1 |       190.1 |         187.9 |      177.9 
   ijkl-imkn-njml |   1920 |  1600 |  1920 | 1.00 | 0.90 |     189.7 |       189.7 |         187.9 |      179.2 
   ijkl-imln-jnkm |   1920 |  1920 |  1600 | 1.00 | 1.00 |     190.6 |       190.6 |         188.3 |      179.0 
   ijkl-imln-njmk |   1920 |  1600 |  1920 | 1.00 | 0.90 |     190.2 |       190.3 |         188.0 |      180.0 
   ijkl-imnj-nlkm |   1920 |  1600 |  1920 | 1.00 | 0.90 |     188.1 |       188.0 |         187.4 |      181.1 
   ijkl-imnk-njml |   1920 |  1600 |  1920 | 1.00 | 0.90 |     189.8 |       189.7 |         187.9 |      180.0 
   ijkl-minj-nlmk |   1920 |  1600 |  2304 | 1.00 | 0.90 |     185.2 |       185.3 |         184.5 |      179.8 
   ijkl-mink-jnlm |   1920 |  1920 |  1920 | 1.00 | 1.00 |     188.3 |       188.3 |         185.6 |      180.1 
   ijkl-minl-njmk |   1920 |  1600 |  2304 | 1.00 | 0.90 |     187.8 |       187.7 |         185.6 |      178.1 
     aqrs-pa-pqrs |     48 | 64000 |    48 | 1.00 | 1.00 |     147.9 |       149.0 |         143.8 |      113.7 
     abrs-qb-aqrs |     40 | 76800 |    48 | 1.00 | 1.00 |     156.2 |       155.2 |         151.9 |      100.5 
     abcs-rc-abrs |     40 | 76800 |    48 | 1.00 | 1.00 |     149.6 |       149.3 |         145.7 |       95.9 
       abj-bka-kj |  20736 |   128 |   144 | 1.00 | 1.00 |     156.8 |       156.7 |         153.7 |      114.6 
       ajb-kba-jk |  18432 |   144 |   144 | 1.00 | 1.00 |     190.0 |       190.5 |         187.5 |      152.9 
     abjc-cbka-kj |  92160 |    40 |    48 | 1.00 | 1.00 |      70.8 |        70.5 |          69.9 |       75.0 
     ajbc-ckba-jk |  92160 |    48 |    40 | 1.00 | 1.00 |      95.3 |        97.2 |          94.6 |      103.8 
     abjc-kbac-jk |  76800 |    48 |    48 | 1.00 | 1.00 |     161.5 |       156.8 |         151.8 |       78.5 
   abjcd-dkbac-jk | 230400 |    24 |    20 | 0.67 | 1.00 |      68.0 |        68.1 |          65.0 |       61.1 
   adbjc-cbdka-kj | 230400 |    20 |    24 | 0.67 | 1.00 |      39.4 |        39.9 |          36.6 |       47.3 
   ajbdc-ckbad-jk | 230400 |    24 |    20 | 1.00 | 1.00 |      58.4 |        57.9 |          55.8 |       67.7 
 abcijk-ijma-mkbc |   6912 |  1728 |    24 | 1.00 | 1.00 |     166.5 |       165.9 |         161.4 |      142.5 
 abcijk-ijmb-mkac |   3456 |  3456 |    24 | 1.00 | 1.00 |     171.4 |       171.7 |         166.8 |      108.5 
 abcijk-ijmc-mkab |   3456 |  3456 |    24 | 1.00 | 1.00 |     168.8 |       168.0 |         165.2 |      140.3 
 abcijk-ikma-mjbc |   6912 |  1728 |    24 | 1.00 | 1.00 |     154.8 |       165.0 |         159.6 |      142.1 
 abcijk-ikmb-mjac |   3456 |  3456 |    24 | 1.00 | 1.00 |     171.0 |       171.4 |         166.5 |      128.7 
 abcijk-ikmc-mjab |   3456 |  3456 |    24 | 1.00 | 1.00 |     168.9 |       168.7 |         165.7 |      125.6 
 abcijk-jkma-mibc |   6912 |  1728 |    24 | 1.00 | 1.00 |     166.6 |       166.5 |         162.2 |      142.7 
 abcijk-jkmb-miac |   3456 |  3456 |    24 | 1.00 | 1.00 |     170.5 |       171.1 |         166.4 |       84.4 
 abcijk-jkmc-miab |   3456 |  3456 |    24 | 1.00 | 1.00 |     134.4 |       167.0 |         163.4 |       99.6 
 abcijk-eiab-jkec |   3456 |  3456 |    24 | 1.00 | 1.00 |     167.1 |       165.5 |         163.2 |      100.0 
 abcijk-eiac-jkeb |   3456 |  3456 |    24 | 1.00 | 1.00 |     170.6 |       170.8 |         166.2 |       86.3 
 abcijk-eibc-jkea |   1728 |  6912 |    24 | 1.00 | 1.00 |     167.1 |       167.3 |         160.4 |      142.9 
 abcijk-ejab-ikec |   3456 |  3456 |    24 | 1.00 | 1.00 |     168.5 |       168.5 |         165.5 |      124.8 
 abcijk-ejac-ikeb |   3456 |  3456 |    24 | 1.00 | 1.00 |     171.3 |       170.8 |         166.8 |      128.0 
 abcijk-ejbc-ikea |   1728 |  6912 |    24 | 1.00 | 1.00 |     163.5 |       165.7 |         161.6 |      142.6 
 abcijk-ekab-ijec |   3456 |  3456 |    24 | 1.00 | 1.00 |     169.0 |       168.5 |         166.5 |      138.9 
 abcijk-ekac-ijeb |   3456 |  3456 |    24 | 1.00 | 1.00 |     171.2 |       171.1 |         166.7 |      108.1 
 abcijk-ekbc-ijea |   1728 |  6912 |    24 | 1.00 | 1.00 |     164.5 |       166.7 |         161.4 |      142.3 
       abc-bk-akc |    144 | 18432 |   128 | 1.00 | 1.00 |     189.8 |       190.6 |         183.3 |      147.2 

=== complex efficiency ratio (c64 GF/s over f64 GF/s; 1.0 = no penalty) ===
             case | plan c64/f64 | packed c64/f64 | upstream c64/f64 | tblis c64/f64 
------------------+--------------+----------------+------------------+---------------
         ij-ik-kj |        1.319 |          1.472 |            1.497 |         1.068 
       ij-ikl-ljk |        1.177 |          1.178 |            1.172 |         1.328 
       ij-kil-lkj |        1.192 |          1.190 |            1.157 |         1.360 
       ijk-ikl-lj |        1.099 |          1.098 |            1.132 |         1.287 
       ijk-il-jlk |        1.073 |          1.080 |            1.133 |         1.185 
       ijk-ilk-jl |        1.212 |          1.086 |            1.121 |         1.157 
       ijk-ilk-lj |        1.111 |          1.110 |            1.087 |         1.197 
     ijk-ilmk-mjl |        1.204 |          1.170 |            1.099 |         1.296 
   ijkl-imjn-lnkm |        1.047 |          1.048 |            1.049 |         1.019 
   ijkl-imjn-nlmk |        1.048 |          1.048 |            1.049 |         1.032 
   ijkl-imkn-jnlm |        1.055 |          1.048 |            1.070 |         1.011 
   ijkl-imkn-njml |        1.043 |          1.043 |            1.057 |         1.034 
   ijkl-imln-jnkm |        1.052 |          1.050 |            1.072 |         1.025 
   ijkl-imln-njmk |        1.045 |          1.047 |            1.050 |         1.040 
   ijkl-imnj-nlkm |        1.051 |          1.051 |            1.054 |         1.031 
   ijkl-imnk-njml |        1.043 |          1.044 |            1.050 |         1.025 
   ijkl-minj-nlmk |        1.042 |          1.044 |            1.042 |         1.039 
   ijkl-mink-jnlm |        1.050 |          1.055 |            1.064 |         1.025 
   ijkl-minl-njmk |        1.060 |          1.064 |            1.068 |         1.044 
     aqrs-pa-pqrs |        1.084 |          1.340 |            1.392 |         1.832 
     abrs-qb-aqrs |        1.196 |          1.194 |            1.213 |         1.367 
     abcs-rc-abrs |        1.431 |          1.415 |            1.456 |         1.615 
       abj-bka-kj |        1.163 |          1.154 |            1.160 |         1.424 
       ajb-kba-jk |        1.209 |          1.232 |            1.242 |         1.207 
     abjc-cbka-kj |        2.566 |          2.453 |            2.538 |         1.964 
     ajbc-ckba-jk |        2.042 |          2.076 |            2.108 |         1.646 
     abjc-kbac-jk |        1.630 |          1.548 |            1.618 |         1.440 
   abjcd-dkbac-jk |        2.167 |          2.173 |            2.182 |         2.036 
   adbjc-cbdka-kj |        2.378 |          2.409 |            2.284 |         2.517 
   ajbdc-ckbad-jk |        1.855 |          1.830 |            1.882 |         2.076 
 abcijk-ijma-mkbc |        1.285 |          1.277 |            1.322 |         1.305 
 abcijk-ijmb-mkac |        1.382 |          1.385 |            1.422 |         1.679 
 abcijk-ijmc-mkab |        1.423 |          1.405 |            1.463 |         1.686 
 abcijk-ikma-mjbc |        1.195 |          1.256 |            1.298 |         1.299 
 abcijk-ikmb-mjac |        1.379 |          1.385 |            1.432 |         1.433 
 abcijk-ikmc-mjab |        1.401 |          1.402 |            1.465 |         1.651 
 abcijk-jkma-mibc |        1.263 |          1.265 |            1.306 |         1.281 
 abcijk-jkmb-miac |        1.385 |          1.384 |            1.427 |         1.715 
 abcijk-jkmc-miab |        1.139 |          1.403 |            1.438 |         1.633 
 abcijk-eiab-jkec |        1.387 |          1.393 |            1.426 |         1.684 
 abcijk-eiac-jkeb |        1.382 |          1.385 |            1.440 |         1.808 
 abcijk-eibc-jkea |        1.260 |          1.251 |            1.295 |         1.287 
 abcijk-ejab-ikec |        1.414 |          1.412 |            1.476 |         1.620 
 abcijk-ejac-ikeb |        1.385 |          1.375 |            1.427 |         1.427 
 abcijk-ejbc-ikea |        1.270 |          1.299 |            1.342 |         1.300 
 abcijk-ekab-ijec |        1.398 |          1.395 |            1.482 |         1.642 
 abcijk-ekac-ijeb |        1.383 |          1.378 |            1.424 |         1.590 
 abcijk-ekbc-ijea |        1.260 |          1.278 |            1.317 |         1.297 
       abc-bk-akc |        1.108 |          1.111 |            1.090 |         1.168 
             MEAN |        1.321 |          1.330 |            1.355 |         1.405 

wrote /home/shinaoka/projects/tensor4all/tprims-rs/benchmarks/benchmarks/tcbench/results/scaling-layout/candidate/A-16m-4t.pending.csv
