# threads: requested=8 pool=8 budget=8
host        : shinaoka-EVO-X1Pro
target      : x86_64 / linux
cpu features: avx2 fma avx512f avx512dq 
caches      : L1=48KiB/12-way/2sh L2=1024KiB/16-way/2sh L3=8192KiB/16-way/16sh (via sysfs), blocking=legacy
l3 domains  : t1=1 t4=1 t8=1 t16=2
baselines   : tblis=true blas=false
tblis       : abi 2.x, 8 thread(s)

running 49 cases at 16 MiB nominal tensor size, 5 reps, stress=none


=== f64 ===
             case |      m |     n |     k | regA | regB | plan GF/s | packed GF/s | upstream GF/s | tblis GF/s 
------------------+--------+-------+-------+------+------+-----------+-------------+---------------+------------
         ij-ik-kj |   1464 |  1448 |  1464 | 0.00 | 0.00 |     282.9 |       253.7 |         247.2 |      321.0 
       ij-ikl-ljk |    144 |   128 | 18432 | 1.00 | 1.00 |     192.0 |       213.2 |         195.2 |      134.4 
       ij-kil-lkj |    144 |   128 | 20736 | 1.00 | 1.00 |     176.0 |       177.3 |         169.9 |      118.8 
       ijk-ikl-lj |  18432 |   128 |   144 | 1.00 | 1.00 |     276.6 |       282.8 |         265.0 |      168.5 
       ijk-il-jlk |    144 | 18432 |   128 | 1.00 | 1.00 |     286.8 |       291.3 |         266.2 |      262.8 
       ijk-ilk-jl |  18432 |   144 |   128 | 1.00 | 1.00 |     304.9 |       312.5 |         287.8 |      199.7 
       ijk-ilk-lj |  18432 |   128 |   144 | 1.00 | 1.00 |     300.0 |       306.2 |         285.6 |      189.1 
     ijk-ilmk-mjl |   1920 |    40 |  1920 | 1.00 | 1.00 |     171.1 |       219.0 |         186.1 |      149.1 
   ijkl-imjn-lnkm |   1920 |  1920 |  1600 | 1.00 | 1.00 |     331.9 |       331.6 |         322.4 |      331.3 
   ijkl-imjn-nlmk |   1920 |  1600 |  1920 | 1.00 | 1.00 |     327.3 |       327.9 |         320.3 |      327.4 
   ijkl-imkn-jnlm |   1920 |  1920 |  1600 | 1.00 | 1.00 |     348.1 |       349.9 |         345.7 |      326.8 
   ijkl-imkn-njml |   1920 |  1600 |  1920 | 1.00 | 1.00 |     342.0 |       345.9 |         340.6 |      324.3 
   ijkl-imln-jnkm |   1920 |  1920 |  1600 | 1.00 | 1.00 |     349.9 |       350.5 |         344.1 |      324.3 
   ijkl-imln-njmk |   1920 |  1600 |  1920 | 1.00 | 1.00 |     347.0 |       345.2 |         343.0 |      324.2 
   ijkl-imnj-nlkm |   1920 |  1600 |  1920 | 1.00 | 1.00 |     325.1 |       325.5 |         317.3 |      331.5 
   ijkl-imnk-njml |   1920 |  1600 |  1920 | 1.00 | 1.00 |     343.7 |       344.5 |         337.3 |      329.8 
   ijkl-minj-nlmk |   1920 |  1600 |  2304 | 1.00 | 1.00 |     324.6 |       324.8 |         318.0 |      312.7 
   ijkl-mink-jnlm |   1920 |  1920 |  1920 | 1.00 | 1.00 |     349.4 |       350.0 |         345.6 |      328.7 
   ijkl-minl-njmk |   1920 |  1600 |  2304 | 1.00 | 1.00 |     336.7 |       336.9 |         327.8 |      312.8 
     aqrs-pa-pqrs |     48 | 64000 |    48 | 0.00 | 0.00 |     198.0 |       173.7 |         160.7 |      106.5 
     abrs-qb-aqrs |     40 | 76800 |    48 | 1.00 | 1.00 |     188.5 |       194.8 |         177.0 |      106.1 
     abcs-rc-abrs |     40 | 76800 |    48 | 1.00 | 1.00 |     150.2 |       152.3 |         137.8 |       70.6 
       abj-bka-kj |  20736 |   128 |   144 | 1.00 | 1.00 |     176.7 |       178.6 |         168.9 |      118.1 
       ajb-kba-jk |  18432 |   144 |   144 | 1.00 | 1.00 |     270.8 |       275.7 |         267.2 |      200.4 
     abjc-cbka-kj |  92160 |    40 |    48 | 1.00 | 1.00 |      42.8 |        42.8 |          41.7 |       59.2 
     ajbc-ckba-jk |  92160 |    48 |    40 | 1.00 | 1.00 |      69.3 |        69.1 |          66.4 |       85.8 
     abjc-kbac-jk |  76800 |    48 |    48 | 1.00 | 1.00 |     144.1 |       147.0 |         139.2 |       75.0 
   abjcd-dkbac-jk | 230400 |    24 |    20 | 1.00 | 1.00 |      48.5 |        48.8 |          46.4 |       42.7 
   adbjc-cbdka-kj | 230400 |    20 |    24 | 1.00 | 1.00 |      27.6 |        28.0 |          26.9 |       22.6 
   ajbdc-ckbad-jk | 230400 |    24 |    20 | 1.00 | 1.00 |      49.0 |        49.0 |          46.5 |       46.8 
 abcijk-ijma-mkbc |   6912 |  1728 |    24 | 1.00 | 1.00 |     155.3 |       159.6 |         154.5 |      146.8 
 abcijk-ijmb-mkac |   3456 |  3456 |    24 | 1.00 | 0.67 |     157.0 |       158.8 |         153.4 |       78.9 
 abcijk-ijmc-mkab |   3456 |  3456 |    24 | 1.00 | 0.67 |     158.0 |       154.7 |         151.0 |      107.5 
 abcijk-ikma-mjbc |   6912 |  1728 |    24 | 1.00 | 1.00 |     159.6 |       159.4 |         153.6 |      146.8 
 abcijk-ikmb-mjac |   3456 |  3456 |    24 | 1.00 | 0.67 |     158.4 |       158.7 |         151.1 |      120.8 
 abcijk-ikmc-mjab |   3456 |  3456 |    24 | 1.00 | 0.67 |     155.6 |       155.0 |         150.4 |      106.8 
 abcijk-jkma-mibc |   6912 |  1728 |    24 | 1.00 | 1.00 |     162.1 |       158.5 |         154.0 |      149.3 
 abcijk-jkmb-miac |   3456 |  3456 |    24 | 1.00 | 0.67 |     160.2 |       158.5 |         150.3 |       76.1 
 abcijk-jkmc-miab |   3456 |  3456 |    24 | 1.00 | 0.67 |     156.7 |       156.4 |         152.1 |       85.3 
 abcijk-eiab-jkec |   3456 |  3456 |    24 | 1.00 | 0.67 |     156.9 |       156.9 |         151.2 |       84.6 
 abcijk-eiac-jkeb |   3456 |  3456 |    24 | 1.00 | 0.67 |     158.7 |       159.3 |         149.6 |       76.9 
 abcijk-eibc-jkea |   1728 |  6912 |    24 | 1.00 | 1.00 |     154.0 |       158.4 |         154.3 |      152.6 
 abcijk-ejab-ikec |   3456 |  3456 |    24 | 1.00 | 0.67 |     159.1 |       155.9 |         151.8 |      107.2 
 abcijk-ejac-ikeb |   3456 |  3456 |    24 | 1.00 | 0.67 |     157.6 |       159.2 |         153.2 |      120.6 
 abcijk-ejbc-ikea |   1728 |  6912 |    24 | 1.00 | 1.00 |     160.6 |       159.4 |         153.6 |      147.5 
 abcijk-ekab-ijec |   3456 |  3456 |    24 | 1.00 | 0.67 |     157.1 |       157.2 |         152.7 |      105.0 
 abcijk-ekac-ijeb |   3456 |  3456 |    24 | 1.00 | 0.67 |     159.1 |       157.9 |         152.2 |       81.7 
 abcijk-ekbc-ijea |   1728 |  6912 |    24 | 1.00 | 1.00 |     161.3 |       158.8 |         155.2 |      146.5 
       abc-bk-akc |    144 | 18432 |   128 | 1.00 | 1.00 |     298.0 |       309.4 |         287.3 |      201.4 

=== c64 ===
             case |      m |     n |     k | regA | regB | plan GF/s | packed GF/s | upstream GF/s | tblis GF/s 
------------------+--------+-------+-------+------+------+-----------+-------------+---------------+------------
         ij-ik-kj |   1464 |  1448 |  1464 | 1.00 | 1.00 |     349.4 |       348.9 |         344.1 |      359.1 
       ij-ikl-ljk |    144 |   128 | 18432 | 1.00 | 1.00 |     168.5 |       169.1 |         160.4 |      192.2 
       ij-kil-lkj |    144 |   128 | 20736 | 1.00 | 1.00 |     166.9 |       164.2 |         155.7 |      172.0 
       ijk-ikl-lj |  18432 |   128 |   144 | 1.00 | 1.00 |     346.8 |       344.3 |         337.9 |      232.1 
       ijk-il-jlk |    144 | 18432 |   128 | 1.00 | 1.00 |     202.0 |       202.2 |         200.5 |      330.0 
       ijk-ilk-jl |  18432 |   144 |   128 | 1.00 | 1.00 |     366.6 |       367.5 |         361.3 |      258.4 
       ijk-ilk-lj |  18432 |   128 |   144 | 1.00 | 1.00 |     355.4 |       359.0 |         349.0 |      250.6 
     ijk-ilmk-mjl |   1920 |    40 |  1920 | 1.00 | 1.00 |     245.2 |       271.6 |         261.8 |      201.7 
   ijkl-imjn-lnkm |   1920 |  1920 |  1600 | 1.00 | 0.90 |     345.9 |       345.9 |         343.9 |      351.8 
   ijkl-imjn-nlmk |   1920 |  1600 |  1920 | 1.00 | 0.90 |     353.7 |       352.5 |         351.4 |      350.3 
   ijkl-imkn-jnlm |   1920 |  1920 |  1600 | 1.00 | 1.00 |     363.2 |       363.1 |         357.7 |      345.4 
   ijkl-imkn-njml |   1920 |  1600 |  1920 | 1.00 | 0.90 |     358.4 |       358.5 |         353.2 |      349.2 
   ijkl-imln-jnkm |   1920 |  1920 |  1600 | 1.00 | 1.00 |     364.7 |       364.6 |         358.7 |      347.0 
   ijkl-imln-njmk |   1920 |  1600 |  1920 | 1.00 | 0.90 |     359.8 |       360.0 |         354.1 |      353.4 
   ijkl-imnj-nlkm |   1920 |  1600 |  1920 | 1.00 | 0.90 |     354.9 |       354.2 |         352.1 |      351.1 
   ijkl-imnk-njml |   1920 |  1600 |  1920 | 1.00 | 0.90 |     360.0 |       360.0 |         354.2 |      350.2 
   ijkl-minj-nlmk |   1920 |  1600 |  2304 | 1.00 | 0.90 |     354.3 |       354.8 |         352.8 |      348.2 
   ijkl-mink-jnlm |   1920 |  1920 |  1920 | 1.00 | 1.00 |     364.9 |       364.4 |         359.6 |      348.5 
   ijkl-minl-njmk |   1920 |  1600 |  2304 | 1.00 | 0.90 |     360.3 |       360.6 |         354.9 |      349.7 
     aqrs-pa-pqrs |     48 | 64000 |    48 | 1.00 | 1.00 |     274.3 |       275.6 |         262.3 |      199.8 
     abrs-qb-aqrs |     40 | 76800 |    48 | 1.00 | 1.00 |     287.8 |       288.7 |         278.3 |      146.1 
     abcs-rc-abrs |     40 | 76800 |    48 | 1.00 | 1.00 |     254.4 |       258.9 |         241.9 |      128.4 
       abj-bka-kj |  20736 |   128 |   144 | 1.00 | 1.00 |     282.9 |       278.0 |         275.8 |      194.1 
       ajb-kba-jk |  18432 |   144 |   144 | 1.00 | 1.00 |     369.9 |       367.4 |         360.5 |      268.7 
     abjc-cbka-kj |  92160 |    40 |    48 | 1.00 | 1.00 |     119.1 |       120.0 |         112.7 |      110.6 
     ajbc-ckba-jk |  92160 |    48 |    40 | 1.00 | 1.00 |     164.5 |       157.7 |          34.3 |      146.6 
     abjc-kbac-jk |  76800 |    48 |    48 | 1.00 | 1.00 |     290.4 |       288.9 |         192.7 |      131.6 
   abjcd-dkbac-jk | 230400 |    24 |    20 | 0.67 | 1.00 |     100.7 |       100.4 |          96.8 |       83.1 
   adbjc-cbdka-kj | 230400 |    20 |    24 | 0.67 | 1.00 |      68.7 |        66.3 |          63.8 |       62.2 
   ajbdc-ckbad-jk | 230400 |    24 |    20 | 1.00 | 1.00 |      95.2 |        95.0 |          29.5 |       92.1 
 abcijk-ijma-mkbc |   6912 |  1728 |    24 | 1.00 | 1.00 |     271.6 |       269.4 |         218.1 |      231.9 
 abcijk-ijmb-mkac |   3456 |  3456 |    24 | 1.00 | 1.00 |     274.3 |       276.8 |         271.9 |      171.8 
 abcijk-ijmc-mkab |   3456 |  3456 |    24 | 1.00 | 1.00 |     260.6 |       261.1 |         257.0 |      221.6 
 abcijk-ikma-mjbc |   6912 |  1728 |    24 | 1.00 | 1.00 |     274.2 |       275.0 |         215.1 |      230.4 
 abcijk-ikmb-mjac |   3456 |  3456 |    24 | 1.00 | 1.00 |     276.7 |       275.1 |         275.9 |      203.9 
 abcijk-ikmc-mjab |   3456 |  3456 |    24 | 1.00 | 1.00 |     261.3 |       260.9 |         253.5 |      196.7 
 abcijk-jkma-mibc |   6912 |  1728 |    24 | 1.00 | 1.00 |     272.2 |       276.9 |         219.2 |      232.2 
 abcijk-jkmb-miac |   3456 |  3456 |    24 | 1.00 | 1.00 |     273.9 |       272.9 |         278.8 |      137.1 
 abcijk-jkmc-miab |   3456 |  3456 |    24 | 1.00 | 1.00 |     263.5 |       262.0 |         256.5 |      158.0 
 abcijk-eiab-jkec |   3456 |  3456 |    24 | 1.00 | 1.00 |     258.6 |       259.7 |         254.3 |      158.9 
 abcijk-eiac-jkeb |   3456 |  3456 |    24 | 1.00 | 1.00 |     274.9 |       275.4 |         280.3 |      136.0 
 abcijk-eibc-jkea |   1728 |  6912 |    24 | 1.00 | 1.00 |     276.5 |       275.2 |         223.5 |      232.0 
 abcijk-ejab-ikec |   3456 |  3456 |    24 | 1.00 | 1.00 |     259.6 |       259.3 |         255.1 |      196.6 
 abcijk-ejac-ikeb |   3456 |  3456 |    24 | 1.00 | 1.00 |     277.0 |       274.7 |         276.3 |      205.6 
 abcijk-ejbc-ikea |   1728 |  6912 |    24 | 1.00 | 1.00 |     270.7 |       261.7 |         218.0 |      230.5 
 abcijk-ekab-ijec |   3456 |  3456 |    24 | 1.00 | 1.00 |     258.6 |       256.8 |         251.7 |      221.6 
 abcijk-ekac-ijeb |   3456 |  3456 |    24 | 1.00 | 1.00 |     275.1 |       277.0 |         275.2 |      169.1 
 abcijk-ekbc-ijea |   1728 |  6912 |    24 | 1.00 | 1.00 |     272.7 |       271.9 |         218.7 |      230.7 
       abc-bk-akc |    144 | 18432 |   128 | 1.00 | 1.00 |     346.7 |       368.2 |         360.4 |      258.1 

=== complex efficiency ratio (c64 GF/s over f64 GF/s; 1.0 = no penalty) ===
             case | plan c64/f64 | packed c64/f64 | upstream c64/f64 | tblis c64/f64 
------------------+--------------+----------------+------------------+---------------
         ij-ik-kj |        1.235 |          1.375 |            1.392 |         1.119 
       ij-ikl-ljk |        0.878 |          0.793 |            0.822 |         1.430 
       ij-kil-lkj |        0.948 |          0.926 |            0.916 |         1.448 
       ijk-ikl-lj |        1.254 |          1.217 |            1.275 |         1.377 
       ijk-il-jlk |        0.704 |          0.694 |            0.753 |         1.256 
       ijk-ilk-jl |        1.202 |          1.176 |            1.256 |         1.294 
       ijk-ilk-lj |        1.184 |          1.173 |            1.222 |         1.326 
     ijk-ilmk-mjl |        1.433 |          1.240 |            1.407 |         1.353 
   ijkl-imjn-lnkm |        1.042 |          1.043 |            1.067 |         1.062 
   ijkl-imjn-nlmk |        1.081 |          1.075 |            1.097 |         1.070 
   ijkl-imkn-jnlm |        1.043 |          1.038 |            1.035 |         1.057 
   ijkl-imkn-njml |        1.048 |          1.036 |            1.037 |         1.077 
   ijkl-imln-jnkm |        1.042 |          1.040 |            1.042 |         1.070 
   ijkl-imln-njmk |        1.037 |          1.043 |            1.032 |         1.090 
   ijkl-imnj-nlkm |        1.092 |          1.088 |            1.110 |         1.059 
   ijkl-imnk-njml |        1.047 |          1.045 |            1.050 |         1.062 
   ijkl-minj-nlmk |        1.091 |          1.092 |            1.109 |         1.113 
   ijkl-mink-jnlm |        1.044 |          1.041 |            1.041 |         1.060 
   ijkl-minl-njmk |        1.070 |          1.070 |            1.083 |         1.118 
     aqrs-pa-pqrs |        1.385 |          1.586 |            1.633 |         1.875 
     abrs-qb-aqrs |        1.527 |          1.482 |            1.572 |         1.377 
     abcs-rc-abrs |        1.694 |          1.700 |            1.756 |         1.817 
       abj-bka-kj |        1.601 |          1.556 |            1.633 |         1.644 
       ajb-kba-jk |        1.366 |          1.333 |            1.349 |         1.340 
     abjc-cbka-kj |        2.784 |          2.807 |            2.704 |         1.868 
     ajbc-ckba-jk |        2.374 |          2.281 |            0.517 |         1.707 
     abjc-kbac-jk |        2.014 |          1.964 |            1.384 |         1.755 
   abjcd-dkbac-jk |        2.075 |          2.056 |            2.087 |         1.948 
   adbjc-cbdka-kj |        2.490 |          2.366 |            2.372 |         2.750 
   ajbdc-ckbad-jk |        1.943 |          1.940 |            0.635 |         1.968 
 abcijk-ijma-mkbc |        1.749 |          1.688 |            1.412 |         1.580 
 abcijk-ijmb-mkac |        1.747 |          1.742 |            1.772 |         2.178 
 abcijk-ijmc-mkab |        1.650 |          1.687 |            1.701 |         2.062 
 abcijk-ikma-mjbc |        1.718 |          1.725 |            1.400 |         1.570 
 abcijk-ikmb-mjac |        1.747 |          1.734 |            1.826 |         1.688 
 abcijk-ikmc-mjab |        1.679 |          1.683 |            1.685 |         1.842 
 abcijk-jkma-mibc |        1.679 |          1.747 |            1.423 |         1.556 
 abcijk-jkmb-miac |        1.710 |          1.722 |            1.855 |         1.801 
 abcijk-jkmc-miab |        1.682 |          1.675 |            1.687 |         1.852 
 abcijk-eiab-jkec |        1.648 |          1.655 |            1.682 |         1.880 
 abcijk-eiac-jkeb |        1.732 |          1.729 |            1.873 |         1.768 
 abcijk-eibc-jkea |        1.795 |          1.737 |            1.449 |         1.521 
 abcijk-ejab-ikec |        1.632 |          1.663 |            1.681 |         1.834 
 abcijk-ejac-ikeb |        1.758 |          1.726 |            1.804 |         1.705 
 abcijk-ejbc-ikea |        1.685 |          1.642 |            1.420 |         1.563 
 abcijk-ekab-ijec |        1.646 |          1.633 |            1.648 |         2.110 
 abcijk-ekac-ijeb |        1.729 |          1.754 |            1.808 |         2.070 
 abcijk-ekbc-ijea |        1.691 |          1.712 |            1.409 |         1.575 
       abc-bk-akc |        1.163 |          1.190 |            1.254 |         1.282 
             MEAN |        1.501 |          1.492 |            1.412 |         1.549 

wrote /home/shinaoka/projects/tensor4all/tprims-rs/benchmarks/benchmarks/tcbench/results/scaling-layout/candidate/A-16m-8t.pending.csv
