# threads: requested=8 pool=8 budget=8
host        : shinaoka-EVO-X1Pro
target      : x86_64 / linux
cpu features: avx2 fma avx512f avx512dq 
caches      : L1=48KiB/12-way/2sh L2=1024KiB/16-way/2sh L3=8192KiB/16-way/16sh (via sysfs), blocking=legacy
l3 domains  : t1=1 t4=1 t8=1 t16=2
baselines   : tblis=true blas=false
tblis       : abi 2.x, 8 thread(s)

running 49 cases at 1 MiB nominal tensor size, 5 reps, stress=none


=== f64 ===
             case |     m |    n |    k | regA | regB | plan GF/s | packed GF/s | upstream GF/s | tblis GF/s 
------------------+-------+------+------+------+------+-----------+-------------+---------------+------------
         ij-ik-kj |   384 |  364 |  384 | 0.00 | 0.00 |     261.9 |       255.6 |         175.0 |      177.2 
       ij-ikl-ljk |    72 |   52 | 3744 | 1.00 | 1.00 |      92.6 |        92.1 |          70.2 |       47.6 
       ij-kil-lkj |    72 |   52 | 5184 | 1.00 | 1.00 |      89.0 |        89.3 |          68.5 |       48.1 
       ijk-ikl-lj |  3744 |   52 |   72 | 1.00 | 1.00 |     195.0 |       205.2 |         109.0 |      118.5 
       ijk-il-jlk |    72 | 3744 |   52 | 1.00 | 1.00 |     205.4 |       219.0 |         123.5 |      129.4 
       ijk-ilk-jl |  3744 |   72 |   52 | 1.00 | 1.00 |     211.8 |       213.0 |          79.6 |      131.7 
       ijk-ilk-lj |  3744 |   52 |   72 | 1.00 | 1.00 |     199.2 |       203.5 |         112.3 |      119.9 
     ijk-ilmk-mjl |   480 |   20 |  480 | 1.00 | 1.00 |     116.8 |       123.6 |          40.0 |       58.8 
   ijkl-imjn-lnkm |   480 |  480 |  400 | 1.00 | 0.80 |     215.6 |       214.2 |         186.3 |      174.9 
   ijkl-imjn-nlmk |   480 |  400 |  480 | 1.00 | 0.80 |     235.0 |       236.0 |         204.7 |      211.1 
   ijkl-imkn-jnlm |   480 |  480 |  400 | 1.00 | 1.00 |     312.8 |       311.4 |         264.9 |      259.0 
   ijkl-imkn-njml |   480 |  400 |  480 | 1.00 | 0.80 |     301.4 |       304.9 |         266.8 |      264.9 
   ijkl-imln-jnkm |   480 |  480 |  400 | 1.00 | 1.00 |     310.3 |       312.8 |         266.4 |      260.2 
   ijkl-imln-njmk |   480 |  400 |  480 | 1.00 | 0.80 |     310.2 |       312.4 |         267.4 |      264.3 
   ijkl-imnj-nlkm |   480 |  400 |  480 | 1.00 | 0.80 |     309.3 |       310.0 |         261.5 |      263.8 
   ijkl-imnk-njml |   480 |  400 |  480 | 1.00 | 0.80 |     306.0 |       314.9 |         269.3 |      263.3 
   ijkl-minj-nlmk |   480 |  400 |  576 | 1.00 | 0.80 |     302.0 |       302.1 |         260.5 |      258.5 
   ijkl-mink-jnlm |   480 |  480 |  480 | 1.00 | 1.00 |     309.0 |       313.1 |         273.3 |      262.5 
   ijkl-minl-njmk |   480 |  400 |  576 | 1.00 | 0.80 |     304.7 |       307.8 |         266.0 |      263.4 
     aqrs-pa-pqrs |    24 | 8000 |   24 | 0.00 | 0.00 |     232.2 |       178.1 |          79.5 |       62.8 
     abrs-qb-aqrs |    20 | 9600 |   24 | 1.00 | 1.00 |     168.6 |       169.8 |          54.6 |       58.5 
     abcs-rc-abrs |    20 | 9600 |   24 | 1.00 | 1.00 |     164.7 |       167.8 |          53.5 |       58.1 
       abj-bka-kj |  5184 |   52 |   72 | 1.00 | 1.00 |     236.8 |       240.6 |         147.3 |      151.0 
       ajb-kba-jk |  3744 |   72 |   72 | 1.00 | 1.00 |     262.4 |       301.6 |         176.2 |      196.3 
     abjc-cbka-kj | 11520 |   20 |   24 | 1.00 | 1.00 |      64.4 |        68.7 |          41.0 |       57.4 
     ajbc-ckba-jk | 11520 |   24 |   20 | 1.00 | 1.00 |     116.6 |       119.2 |          47.3 |       61.5 
     abjc-kbac-jk |  9600 |   24 |   24 | 1.00 | 1.00 |     178.2 |       178.9 |          61.9 |       69.0 
   abjcd-dkbac-jk | 82944 |   24 |   12 | 1.00 | 1.00 |      45.9 |        50.4 |          43.9 |       31.4 
   adbjc-cbdka-kj | 82944 |   12 |   24 | 1.00 | 1.00 |      15.0 |        15.1 |          14.2 |       23.3 
   ajbdc-ckbad-jk | 82944 |   24 |   12 | 1.00 | 1.00 |      49.2 |        48.4 |          41.3 |       33.2 
 abcijk-ijma-mkbc |  4608 |  512 |   24 | 1.00 | 1.00 |     223.3 |       237.4 |         150.9 |      167.9 
 abcijk-ijmb-mkac |  1536 | 1536 |   24 | 1.00 | 1.00 |     208.2 |       238.4 |         177.5 |      104.2 
 abcijk-ijmc-mkab |  1536 | 1536 |   24 | 1.00 | 1.00 |     204.3 |       237.4 |         174.3 |      143.5 
 abcijk-ikma-mjbc |  4608 |  512 |   24 | 1.00 | 1.00 |     177.9 |       181.8 |         136.3 |      163.3 
 abcijk-ikmb-mjac |  1536 | 1536 |   24 | 1.00 | 1.00 |     217.7 |       236.6 |         181.7 |      156.9 
 abcijk-ikmc-mjab |  1536 | 1536 |   24 | 1.00 | 1.00 |     213.7 |       236.9 |         164.8 |      116.6 
 abcijk-jkma-mibc |  4608 |  512 |   24 | 1.00 | 1.00 |     183.2 |       200.8 |         136.0 |      177.8 
 abcijk-jkmb-miac |  1536 | 1536 |   24 | 1.00 | 1.00 |     205.1 |       234.8 |         188.1 |      114.1 
 abcijk-jkmc-miab |  1536 | 1536 |   24 | 1.00 | 1.00 |     202.4 |       229.1 |         171.7 |      125.3 
 abcijk-eiab-jkec |  1536 | 1536 |   24 | 1.00 | 1.00 |     202.5 |       227.6 |         174.5 |      118.3 
 abcijk-eiac-jkeb |  1536 | 1536 |   24 | 1.00 | 1.00 |     196.6 |       240.4 |         168.7 |      102.4 
 abcijk-eibc-jkea |   512 | 4608 |   24 | 1.00 | 1.00 |     172.4 |       208.1 |         141.5 |      178.4 
 abcijk-ejab-ikec |  1536 | 1536 |   24 | 1.00 | 1.00 |     219.0 |       238.4 |         185.9 |      116.8 
 abcijk-ejac-ikeb |  1536 | 1536 |   24 | 1.00 | 1.00 |     213.1 |       245.1 |         189.3 |      150.7 
 abcijk-ejbc-ikea |   512 | 4608 |   24 | 1.00 | 1.00 |     179.0 |       199.2 |         138.2 |      167.1 
 abcijk-ekab-ijec |  1536 | 1536 |   24 | 1.00 | 1.00 |     207.5 |       248.3 |         159.8 |      132.2 
 abcijk-ekac-ijeb |  1536 | 1536 |   24 | 1.00 | 1.00 |     224.4 |       252.0 |         187.8 |      102.9 
 abcijk-ekbc-ijea |   512 | 4608 |   24 | 1.00 | 1.00 |     188.4 |       220.3 |         136.3 |      168.3 
       abc-bk-akc |    72 | 3744 |   52 | 1.00 | 1.00 |     294.7 |       301.2 |         111.4 |      181.6 

=== c64 ===
             case |     m |    n |    k | regA | regB | plan GF/s | packed GF/s | upstream GF/s | tblis GF/s 
------------------+-------+------+------+------+------+-----------+-------------+---------------+------------
         ij-ik-kj |   384 |  364 |  384 | 1.00 | 1.00 |     271.5 |       270.5 |         243.6 |      236.4 
       ij-ikl-ljk |    72 |   52 | 3744 | 1.00 | 1.00 |     115.6 |       116.1 |         100.6 |      116.0 
       ij-kil-lkj |    72 |   52 | 5184 | 1.00 | 1.00 |     103.5 |       105.0 |          92.1 |      110.5 
       ijk-ikl-lj |  3744 |   52 |   72 | 1.00 | 1.00 |     233.5 |       236.0 |         179.6 |      177.3 
       ijk-il-jlk |    72 | 3744 |   52 | 1.00 | 1.00 |     222.5 |       224.7 |         178.3 |      203.9 
       ijk-ilk-jl |  3744 |   72 |   52 | 0.89 | 1.00 |     241.6 |       248.7 |         138.2 |      201.2 
       ijk-ilk-lj |  3744 |   52 |   72 | 0.89 | 1.00 |     234.9 |       236.2 |         185.5 |      187.2 
     ijk-ilmk-mjl |   480 |   20 |  480 | 0.67 | 1.00 |     173.8 |       171.5 |         111.1 |      138.0 
   ijkl-imjn-lnkm |   480 |  480 |  400 | 0.67 | 0.80 |     240.2 |       243.5 |         227.5 |      219.1 
   ijkl-imjn-nlmk |   480 |  400 |  480 | 0.67 | 0.81 |     291.9 |       293.2 |         276.0 |      298.9 
   ijkl-imkn-jnlm |   480 |  480 |  400 | 0.67 | 1.00 |     340.1 |       339.1 |         310.4 |      293.4 
   ijkl-imkn-njml |   480 |  400 |  480 | 0.67 | 0.81 |     341.2 |       340.9 |         320.8 |      305.6 
   ijkl-imln-jnkm |   480 |  480 |  400 | 0.67 | 1.00 |     339.9 |       338.3 |         312.0 |      295.7 
   ijkl-imln-njmk |   480 |  400 |  480 | 0.67 | 0.81 |     341.5 |       343.7 |         320.9 |      312.2 
   ijkl-imnj-nlkm |   480 |  400 |  480 | 0.67 | 0.81 |     343.5 |       341.4 |         316.6 |      312.0 
   ijkl-imnk-njml |   480 |  400 |  480 | 0.67 | 0.81 |     340.7 |       341.3 |         319.7 |      312.8 
   ijkl-minj-nlmk |   480 |  400 |  576 | 0.67 | 0.81 |     331.9 |       330.9 |         306.6 |      298.5 
   ijkl-mink-jnlm |   480 |  480 |  480 | 0.67 | 1.00 |     339.7 |       340.7 |         317.8 |      295.0 
   ijkl-minl-njmk |   480 |  400 |  576 | 0.67 | 0.81 |     333.8 |       334.2 |         313.8 |      309.6 
     aqrs-pa-pqrs |    24 | 8000 |   24 | 1.00 | 1.00 |     177.0 |       176.9 |         128.6 |      152.4 
     abrs-qb-aqrs |    20 | 9600 |   24 | 1.00 | 1.00 |     272.0 |       280.0 |         150.2 |      140.5 
     abcs-rc-abrs |    20 | 9600 |   24 | 1.00 | 1.00 |     246.1 |       242.7 |         132.8 |      142.8 
       abj-bka-kj |  5184 |   52 |   72 | 0.89 | 1.00 |     302.3 |       298.4 |         237.8 |      185.2 
       ajb-kba-jk |  3744 |   72 |   72 | 0.89 | 1.00 |     345.2 |       348.2 |         277.7 |      260.8 
     abjc-cbka-kj | 11520 |   20 |   24 | 0.67 | 1.00 |     174.5 |       174.7 |         109.3 |      126.0 
     ajbc-ckba-jk | 11520 |   24 |   20 | 1.00 | 1.00 |     176.0 |       185.2 |          30.7 |      131.0 
     abjc-kbac-jk |  9600 |   24 |   24 | 0.67 | 1.00 |     276.6 |       274.3 |         153.6 |      158.8 
   abjcd-dkbac-jk | 82944 |   24 |   12 | 0.67 | 1.00 |      83.2 |        83.6 |          78.6 |       63.9 
   adbjc-cbdka-kj | 82944 |   12 |   24 | 0.67 | 1.00 |      51.0 |        51.2 |          48.8 |       42.6 
   ajbdc-ckbad-jk | 82944 |   24 |   12 | 1.00 | 1.00 |      83.1 |        81.6 |          46.3 |       67.6 
 abcijk-ijma-mkbc |  4608 |  512 |   24 | 1.00 | 0.97 |     295.8 |       293.6 |         127.5 |      206.4 
 abcijk-ijmb-mkac |  1536 | 1536 |   24 | 1.00 | 0.75 |     291.1 |       283.5 |         236.7 |      170.9 
 abcijk-ijmc-mkab |  1536 | 1536 |   24 | 1.00 | 0.50 |     270.9 |       245.5 |         240.9 |      205.2 
 abcijk-ikma-mjbc |  4608 |  512 |   24 | 1.00 | 0.97 |     288.6 |       276.8 |         154.5 |      204.3 
 abcijk-ikmb-mjac |  1536 | 1536 |   24 | 1.00 | 0.75 |     291.6 |       280.3 |         236.1 |      184.1 
 abcijk-ikmc-mjab |  1536 | 1536 |   24 | 1.00 | 0.50 |     269.7 |       253.9 |         241.2 |      183.6 
 abcijk-jkma-mibc |  4608 |  512 |   24 | 1.00 | 0.97 |     292.4 |       291.9 |         138.2 |      217.9 
 abcijk-jkmb-miac |  1536 | 1536 |   24 | 1.00 | 0.75 |     286.6 |       278.7 |         238.8 |      156.9 
 abcijk-jkmc-miab |  1536 | 1536 |   24 | 1.00 | 0.50 |     265.9 |       246.0 |         244.0 |      202.0 
 abcijk-eiab-jkec |  1536 | 1536 |   24 | 1.00 | 0.50 |     270.8 |       264.0 |         238.9 |      201.6 
 abcijk-eiac-jkeb |  1536 | 1536 |   24 | 1.00 | 0.75 |     286.5 |       284.2 |         239.4 |      156.7 
 abcijk-eibc-jkea |   512 | 4608 |   24 | 1.00 | 0.97 |     290.7 |       297.8 |         141.3 |      218.3 
 abcijk-ejab-ikec |  1536 | 1536 |   24 | 1.00 | 0.50 |     272.8 |       253.9 |         238.9 |      181.7 
 abcijk-ejac-ikeb |  1536 | 1536 |   24 | 1.00 | 0.75 |     292.5 |       280.7 |         236.7 |      182.8 
 abcijk-ejbc-ikea |   512 | 4608 |   24 | 1.00 | 0.97 |     292.1 |       289.4 |         147.6 |      206.2 
 abcijk-ekab-ijec |  1536 | 1536 |   24 | 1.00 | 0.50 |     266.8 |       274.3 |         240.1 |      211.4 
 abcijk-ekac-ijeb |  1536 | 1536 |   24 | 1.00 | 0.75 |     292.7 |       300.3 |         238.9 |      166.0 
 abcijk-ekbc-ijea |   512 | 4608 |   24 | 1.00 | 0.97 |     295.8 |       293.7 |         157.2 |      206.0 
       abc-bk-akc |    72 | 3744 |   52 | 0.89 | 1.00 |     343.0 |       347.8 |         190.8 |      281.9 

=== complex efficiency ratio (c64 GF/s over f64 GF/s; 1.0 = no penalty) ===
             case | plan c64/f64 | packed c64/f64 | upstream c64/f64 | tblis c64/f64 
------------------+--------------+----------------+------------------+---------------
         ij-ik-kj |        1.037 |          1.058 |            1.392 |         1.335 
       ij-ikl-ljk |        1.248 |          1.260 |            1.433 |         2.434 
       ij-kil-lkj |        1.163 |          1.175 |            1.345 |         2.299 
       ijk-ikl-lj |        1.197 |          1.150 |            1.648 |         1.496 
       ijk-il-jlk |        1.083 |          1.026 |            1.443 |         1.576 
       ijk-ilk-jl |        1.141 |          1.168 |            1.736 |         1.528 
       ijk-ilk-lj |        1.179 |          1.161 |            1.652 |         1.561 
     ijk-ilmk-mjl |        1.489 |          1.387 |            2.778 |         2.345 
   ijkl-imjn-lnkm |        1.114 |          1.137 |            1.222 |         1.253 
   ijkl-imjn-nlmk |        1.242 |          1.242 |            1.348 |         1.416 
   ijkl-imkn-jnlm |        1.087 |          1.089 |            1.171 |         1.133 
   ijkl-imkn-njml |        1.132 |          1.118 |            1.202 |         1.154 
   ijkl-imln-jnkm |        1.096 |          1.081 |            1.171 |         1.136 
   ijkl-imln-njmk |        1.101 |          1.100 |            1.200 |         1.181 
   ijkl-imnj-nlkm |        1.110 |          1.101 |            1.211 |         1.183 
   ijkl-imnk-njml |        1.113 |          1.084 |            1.187 |         1.188 
   ijkl-minj-nlmk |        1.099 |          1.095 |            1.177 |         1.155 
   ijkl-mink-jnlm |        1.099 |          1.088 |            1.163 |         1.124 
   ijkl-minl-njmk |        1.096 |          1.086 |            1.180 |         1.175 
     aqrs-pa-pqrs |        0.762 |          0.993 |            1.618 |         2.425 
     abrs-qb-aqrs |        1.613 |          1.649 |            2.750 |         2.400 
     abcs-rc-abrs |        1.494 |          1.446 |            2.481 |         2.459 
       abj-bka-kj |        1.277 |          1.240 |            1.615 |         1.226 
       ajb-kba-jk |        1.315 |          1.155 |            1.576 |         1.329 
     abjc-cbka-kj |        2.711 |          2.541 |            2.665 |         2.194 
     ajbc-ckba-jk |        1.510 |          1.553 |            0.649 |         2.128 
     abjc-kbac-jk |        1.552 |          1.533 |            2.481 |         2.302 
   abjcd-dkbac-jk |        1.813 |          1.657 |            1.790 |         2.035 
   adbjc-cbdka-kj |        3.407 |          3.385 |            3.449 |         1.832 
   ajbdc-ckbad-jk |        1.690 |          1.688 |            1.122 |         2.037 
 abcijk-ijma-mkbc |        1.324 |          1.237 |            0.845 |         1.229 
 abcijk-ijmb-mkac |        1.398 |          1.189 |            1.334 |         1.641 
 abcijk-ijmc-mkab |        1.326 |          1.034 |            1.383 |         1.430 
 abcijk-ikma-mjbc |        1.622 |          1.523 |            1.134 |         1.251 
 abcijk-ikmb-mjac |        1.340 |          1.185 |            1.300 |         1.173 
 abcijk-ikmc-mjab |        1.262 |          1.072 |            1.463 |         1.575 
 abcijk-jkma-mibc |        1.596 |          1.454 |            1.016 |         1.226 
 abcijk-jkmb-miac |        1.398 |          1.187 |            1.270 |         1.375 
 abcijk-jkmc-miab |        1.314 |          1.074 |            1.422 |         1.612 
 abcijk-eiab-jkec |        1.338 |          1.160 |            1.369 |         1.704 
 abcijk-eiac-jkeb |        1.457 |          1.182 |            1.419 |         1.530 
 abcijk-eibc-jkea |        1.686 |          1.431 |            0.999 |         1.224 
 abcijk-ejab-ikec |        1.246 |          1.065 |            1.285 |         1.555 
 abcijk-ejac-ikeb |        1.373 |          1.145 |            1.250 |         1.213 
 abcijk-ejbc-ikea |        1.632 |          1.453 |            1.068 |         1.234 
 abcijk-ekab-ijec |        1.286 |          1.105 |            1.503 |         1.599 
 abcijk-ekac-ijeb |        1.305 |          1.192 |            1.272 |         1.613 
 abcijk-ekbc-ijea |        1.571 |          1.333 |            1.153 |         1.224 
       abc-bk-akc |        1.164 |          1.155 |            1.712 |         1.552 
             MEAN |        1.380 |          1.298 |            1.491 |         1.571 

wrote /home/shinaoka/projects/tensor4all/tprims-rs/benchmarks/benchmarks/tcbench/results/scaling-layout/candidate/A-1m-8t.pending.csv
