# threads: requested=1 pool=1 budget=1
host        : shinaoka-EVO-X1Pro
target      : x86_64 / linux
cpu features: avx2 fma avx512f avx512dq 
caches      : L1=48KiB/12-way/2sh L2=1024KiB/16-way/2sh L3=8192KiB/16-way/16sh (via sysfs), blocking=legacy
l3 domains  : t1=1
baselines   : tblis=true blas=false
tblis       : abi 2.x, 1 thread(s)

running 49 cases at 1 MiB nominal tensor size, 5 reps, stress=none


=== f64 ===
             case |     m |    n |    k | regA | regB | plan GF/s | packed GF/s | upstream GF/s | tblis GF/s 
------------------+-------+------+------+------+------+-----------+-------------+---------------+------------
         ij-ik-kj |   384 |  364 |  384 | 0.00 | 0.00 |      37.1 |        34.7 |          34.2 |       29.6 
       ij-ikl-ljk |    72 |   52 | 3744 | 1.00 | 1.00 |      38.4 |        38.4 |          37.2 |       21.7 
       ij-kil-lkj |    72 |   52 | 5184 | 1.00 | 1.00 |      35.3 |        35.0 |          34.5 |       21.2 
       ijk-ikl-lj |  3744 |   52 |   72 | 1.00 | 1.00 |      42.4 |        42.6 |          40.8 |       27.0 
       ijk-il-jlk |    72 | 3744 |   52 | 1.00 | 1.00 |      42.3 |        42.7 |          40.5 |       29.5 
       ijk-ilk-jl |  3744 |   72 |   52 | 1.00 | 1.00 |      45.4 |        45.4 |          44.4 |       30.1 
       ijk-ilk-lj |  3744 |   52 |   72 | 1.00 | 1.00 |      42.4 |        42.4 |          41.4 |       27.0 
     ijk-ilmk-mjl |   480 |   20 |  480 | 1.00 | 1.00 |      35.5 |        35.6 |          34.9 |       16.1 
   ijkl-imjn-lnkm |   480 |  480 |  400 | 1.00 | 0.80 |      48.4 |        48.3 |          47.7 |       39.6 
   ijkl-imjn-nlmk |   480 |  400 |  480 | 1.00 | 0.80 |      49.1 |        49.2 |          48.3 |       40.3 
   ijkl-imkn-jnlm |   480 |  480 |  400 | 1.00 | 1.00 |      49.4 |        49.3 |          48.1 |       40.4 
   ijkl-imkn-njml |   480 |  400 |  480 | 1.00 | 0.80 |      49.3 |        49.4 |          48.4 |       40.5 
   ijkl-imln-jnkm |   480 |  480 |  400 | 1.00 | 1.00 |      49.4 |        49.3 |          48.6 |       40.9 
   ijkl-imln-njmk |   480 |  400 |  480 | 1.00 | 0.80 |      49.4 |        49.3 |          48.7 |       41.2 
   ijkl-imnj-nlkm |   480 |  400 |  480 | 1.00 | 0.80 |      49.2 |        49.0 |          48.5 |       41.7 
   ijkl-imnk-njml |   480 |  400 |  480 | 1.00 | 0.80 |      49.5 |        49.3 |          48.9 |       41.6 
   ijkl-minj-nlmk |   480 |  400 |  576 | 1.00 | 0.80 |      48.0 |        48.0 |          47.1 |       40.5 
   ijkl-mink-jnlm |   480 |  480 |  480 | 1.00 | 1.00 |      48.8 |        48.8 |          47.3 |       42.4 
   ijkl-minl-njmk |   480 |  400 |  576 | 1.00 | 0.80 |      48.3 |        48.2 |          47.4 |       41.3 
     aqrs-pa-pqrs |    24 | 8000 |   24 | 0.00 | 0.00 |      49.3 |        32.9 |          31.0 |       13.9 
     abrs-qb-aqrs |    20 | 9600 |   24 | 1.00 | 1.00 |      32.1 |        32.0 |          30.1 |       13.3 
     abcs-rc-abrs |    20 | 9600 |   24 | 1.00 | 1.00 |      31.1 |        31.3 |          29.6 |       13.3 
       abj-bka-kj |  5184 |   52 |   72 | 1.00 | 1.00 |      34.5 |        34.1 |          33.2 |       23.5 
       ajb-kba-jk |  3744 |   72 |   72 | 1.00 | 1.00 |      43.5 |        44.5 |          43.6 |       29.6 
     abjc-cbka-kj | 11520 |   20 |   24 | 1.00 | 1.00 |      17.8 |        17.9 |          16.7 |       12.9 
     ajbc-ckba-jk | 11520 |   24 |   20 | 1.00 | 1.00 |      23.6 |        23.6 |          22.5 |       14.6 
     abjc-kbac-jk |  9600 |   24 |   24 | 1.00 | 1.00 |      33.7 |        34.0 |          32.0 |       16.1 
   abjcd-dkbac-jk | 82944 |   24 |   12 | 1.00 | 1.00 |      15.3 |        15.8 |          14.6 |        8.3 
   adbjc-cbdka-kj | 82944 |   12 |   24 | 1.00 | 1.00 |       6.4 |         6.4 |           6.2 |        6.2 
   ajbdc-ckbad-jk | 82944 |   24 |   12 | 1.00 | 1.00 |      15.7 |        15.8 |          15.0 |        8.7 
 abcijk-ijma-mkbc |  4608 |  512 |   24 | 1.00 | 1.00 |      39.8 |        39.8 |          37.9 |       27.9 
 abcijk-ijmb-mkac |  1536 | 1536 |   24 | 1.00 | 1.00 |      41.6 |        42.0 |          39.6 |       26.4 
 abcijk-ijmc-mkab |  1536 | 1536 |   24 | 1.00 | 1.00 |      40.6 |        40.8 |          38.4 |       31.6 
 abcijk-ikma-mjbc |  4608 |  512 |   24 | 1.00 | 1.00 |      39.5 |        39.9 |          37.9 |       28.0 
 abcijk-ikmb-mjac |  1536 | 1536 |   24 | 1.00 | 1.00 |      41.6 |        42.0 |          40.1 |       27.6 
 abcijk-ikmc-mjab |  1536 | 1536 |   24 | 1.00 | 1.00 |      40.8 |        40.9 |          38.3 |       28.6 
 abcijk-jkma-mibc |  4608 |  512 |   24 | 1.00 | 1.00 |      39.6 |        39.8 |          37.7 |       31.9 
 abcijk-jkmb-miac |  1536 | 1536 |   24 | 1.00 | 1.00 |      41.6 |        42.0 |          40.0 |       21.7 
 abcijk-jkmc-miab |  1536 | 1536 |   24 | 1.00 | 1.00 |      40.9 |        41.2 |          38.9 |       30.4 
 abcijk-eiab-jkec |  1536 | 1536 |   24 | 1.00 | 1.00 |      40.9 |        41.2 |          38.6 |       30.2 
 abcijk-eiac-jkeb |  1536 | 1536 |   24 | 1.00 | 1.00 |      41.8 |        41.9 |          39.8 |       21.8 
 abcijk-eibc-jkea |   512 | 4608 |   24 | 1.00 | 1.00 |      40.0 |        39.7 |          37.9 |       31.8 
 abcijk-ejab-ikec |  1536 | 1536 |   24 | 1.00 | 1.00 |      40.9 |        41.4 |          38.5 |       28.7 
 abcijk-ejac-ikeb |  1536 | 1536 |   24 | 1.00 | 1.00 |      41.5 |        41.8 |          40.0 |       27.6 
 abcijk-ejbc-ikea |   512 | 4608 |   24 | 1.00 | 1.00 |      39.5 |        39.6 |          37.7 |       27.9 
 abcijk-ekab-ijec |  1536 | 1536 |   24 | 1.00 | 1.00 |      40.1 |        41.1 |          38.3 |       32.2 
 abcijk-ekac-ijeb |  1536 | 1536 |   24 | 1.00 | 1.00 |      41.3 |        42.1 |          40.1 |       26.5 
 abcijk-ekbc-ijea |   512 | 4608 |   24 | 1.00 | 1.00 |      39.7 |        39.6 |          37.8 |       28.0 
       abc-bk-akc |    72 | 3744 |   52 | 1.00 | 1.00 |      45.5 |        45.5 |          44.2 |       30.5 

=== c64 ===
             case |     m |    n |    k | regA | regB | plan GF/s | packed GF/s | upstream GF/s | tblis GF/s 
------------------+-------+------+------+------+------+-----------+-------------+---------------+------------
         ij-ik-kj |   384 |  364 |  384 | 1.00 | 1.00 |      35.1 |        35.0 |          34.6 |       41.2 
       ij-ikl-ljk |    72 |   52 | 3744 | 1.00 | 1.00 |      37.1 |        37.4 |          36.4 |       30.6 
       ij-kil-lkj |    72 |   52 | 5184 | 1.00 | 1.00 |      32.3 |        32.5 |          31.9 |       28.6 
       ijk-ikl-lj |  3744 |   52 |   72 | 1.00 | 1.00 |      43.9 |        43.7 |          42.1 |       30.8 
       ijk-il-jlk |    72 | 3744 |   52 | 1.00 | 1.00 |      41.6 |        40.0 |          38.0 |       37.8 
       ijk-ilk-jl |  3744 |   72 |   52 | 0.89 | 1.00 |      46.6 |        46.0 |          45.2 |       36.6 
       ijk-ilk-lj |  3744 |   52 |   72 | 0.89 | 1.00 |      44.4 |        43.8 |          43.2 |       32.5 
     ijk-ilmk-mjl |   480 |   20 |  480 | 0.67 | 1.00 |      37.2 |        37.2 |          36.2 |       30.2 
   ijkl-imjn-lnkm |   480 |  480 |  400 | 0.67 | 0.80 |      48.2 |        48.1 |          47.6 |       45.3 
   ijkl-imjn-nlmk |   480 |  400 |  480 | 0.67 | 0.81 |      48.3 |        48.3 |          47.8 |       44.3 
   ijkl-imkn-jnlm |   480 |  480 |  400 | 0.67 | 1.00 |      47.7 |        47.8 |          47.0 |       45.0 
   ijkl-imkn-njml |   480 |  400 |  480 | 0.67 | 0.81 |      48.2 |        48.2 |          47.6 |       43.9 
   ijkl-imln-jnkm |   480 |  480 |  400 | 0.67 | 1.00 |      47.9 |        47.8 |          47.0 |       44.8 
   ijkl-imln-njmk |   480 |  400 |  480 | 0.67 | 0.81 |      48.3 |        48.3 |          47.6 |       44.7 
   ijkl-imnj-nlkm |   480 |  400 |  480 | 0.67 | 0.81 |      48.3 |        48.3 |          47.8 |       44.9 
   ijkl-imnk-njml |   480 |  400 |  480 | 0.67 | 0.81 |      48.1 |        48.2 |          47.6 |       44.6 
   ijkl-minj-nlmk |   480 |  400 |  576 | 0.67 | 0.81 |      46.8 |        46.8 |          46.0 |       43.3 
   ijkl-mink-jnlm |   480 |  480 |  480 | 0.67 | 1.00 |      47.4 |        47.3 |          46.3 |       44.3 
   ijkl-minl-njmk |   480 |  400 |  576 | 0.67 | 0.81 |      46.9 |        46.9 |          46.1 |       43.9 
     aqrs-pa-pqrs |    24 | 8000 |   24 | 1.00 | 1.00 |      29.6 |        30.3 |          28.6 |       25.3 
     abrs-qb-aqrs |    20 | 9600 |   24 | 1.00 | 1.00 |      39.3 |        39.4 |          37.6 |       23.1 
     abcs-rc-abrs |    20 | 9600 |   24 | 1.00 | 1.00 |      34.0 |        32.9 |          32.7 |       24.1 
       abj-bka-kj |  5184 |   52 |   72 | 0.89 | 1.00 |      40.7 |        40.8 |          39.6 |       27.9 
       ajb-kba-jk |  3744 |   72 |   72 | 0.89 | 1.00 |      44.6 |        44.5 |          42.8 |       31.8 
     abjc-cbka-kj | 11520 |   20 |   24 | 0.67 | 1.00 |      24.6 |        24.3 |          22.7 |       21.5 
     ajbc-ckba-jk | 11520 |   24 |   20 | 1.00 | 1.00 |      27.6 |        26.6 |          24.3 |       21.7 
     abjc-kbac-jk |  9600 |   24 |   24 | 0.67 | 1.00 |      37.8 |        37.3 |          35.2 |       24.6 
   abjcd-dkbac-jk | 82944 |   24 |   12 | 0.67 | 1.00 |      22.2 |        22.1 |          20.6 |       16.0 
   adbjc-cbdka-kj | 82944 |   12 |   24 | 0.67 | 1.00 |      10.4 |        10.4 |          10.0 |       13.4 
   ajbdc-ckbad-jk | 82944 |   24 |   12 | 1.00 | 1.00 |      25.0 |        25.3 |          23.2 |       15.7 
 abcijk-ijma-mkbc |  4608 |  512 |   24 | 1.00 | 0.97 |      42.1 |        42.2 |          40.9 |       32.7 
 abcijk-ijmb-mkac |  1536 | 1536 |   24 | 1.00 | 0.75 |      43.8 |        44.0 |          42.9 |       32.8 
 abcijk-ijmc-mkab |  1536 | 1536 |   24 | 1.00 | 0.50 |      43.3 |        43.0 |          42.4 |       37.9 
 abcijk-ikma-mjbc |  4608 |  512 |   24 | 1.00 | 0.97 |      42.1 |        42.1 |          41.1 |       32.7 
 abcijk-ikmb-mjac |  1536 | 1536 |   24 | 1.00 | 0.75 |      44.1 |        44.0 |          43.3 |       33.4 
 abcijk-ikmc-mjab |  1536 | 1536 |   24 | 1.00 | 0.50 |      43.2 |        43.0 |          42.7 |       35.0 
 abcijk-jkma-mibc |  4608 |  512 |   24 | 1.00 | 0.97 |      42.2 |        42.1 |          41.1 |       35.9 
 abcijk-jkmb-miac |  1536 | 1536 |   24 | 1.00 | 0.75 |      43.9 |        44.0 |          43.0 |       29.8 
 abcijk-jkmc-miab |  1536 | 1536 |   24 | 1.00 | 0.50 |      43.6 |        43.4 |          42.4 |       37.0 
 abcijk-eiab-jkec |  1536 | 1536 |   24 | 1.00 | 0.50 |      43.7 |        43.4 |          42.4 |       37.0 
 abcijk-eiac-jkeb |  1536 | 1536 |   24 | 1.00 | 0.75 |      43.8 |        44.1 |          43.2 |       29.5 
 abcijk-eibc-jkea |   512 | 4608 |   24 | 1.00 | 0.97 |      42.1 |        42.1 |          41.0 |       35.9 
 abcijk-ejab-ikec |  1536 | 1536 |   24 | 1.00 | 0.50 |      43.3 |        43.3 |          42.7 |       35.3 
 abcijk-ejac-ikeb |  1536 | 1536 |   24 | 1.00 | 0.75 |      44.1 |        44.1 |          43.2 |       34.1 
 abcijk-ejbc-ikea |   512 | 4608 |   24 | 1.00 | 0.97 |      41.8 |        42.0 |          41.1 |       33.0 
 abcijk-ekab-ijec |  1536 | 1536 |   24 | 1.00 | 0.50 |      43.3 |        43.1 |          42.7 |       37.8 
 abcijk-ekac-ijeb |  1536 | 1536 |   24 | 1.00 | 0.75 |      43.8 |        44.1 |          43.5 |       32.5 
 abcijk-ekbc-ijea |   512 | 4608 |   24 | 1.00 | 0.97 |      42.1 |        42.2 |          40.9 |       32.8 
       abc-bk-akc |    72 | 3744 |   52 | 0.89 | 1.00 |      46.8 |        45.9 |          45.1 |       36.2 

=== complex efficiency ratio (c64 GF/s over f64 GF/s; 1.0 = no penalty) ===
             case | plan c64/f64 | packed c64/f64 | upstream c64/f64 | tblis c64/f64 
------------------+--------------+----------------+------------------+---------------
         ij-ik-kj |        0.945 |          1.009 |            1.013 |         1.391 
       ij-ikl-ljk |        0.968 |          0.974 |            0.980 |         1.408 
       ij-kil-lkj |        0.914 |          0.930 |            0.925 |         1.347 
       ijk-ikl-lj |        1.035 |          1.027 |            1.033 |         1.141 
       ijk-il-jlk |        0.982 |          0.937 |            0.937 |         1.281 
       ijk-ilk-jl |        1.027 |          1.013 |            1.019 |         1.214 
       ijk-ilk-lj |        1.048 |          1.032 |            1.043 |         1.202 
     ijk-ilmk-mjl |        1.048 |          1.047 |            1.038 |         1.879 
   ijkl-imjn-lnkm |        0.996 |          0.995 |            0.999 |         1.143 
   ijkl-imjn-nlmk |        0.983 |          0.981 |            0.988 |         1.099 
   ijkl-imkn-jnlm |        0.966 |          0.968 |            0.977 |         1.114 
   ijkl-imkn-njml |        0.978 |          0.975 |            0.984 |         1.085 
   ijkl-imln-jnkm |        0.970 |          0.970 |            0.965 |         1.094 
   ijkl-imln-njmk |        0.978 |          0.979 |            0.977 |         1.084 
   ijkl-imnj-nlkm |        0.981 |          0.987 |            0.986 |         1.076 
   ijkl-imnk-njml |        0.971 |          0.976 |            0.973 |         1.071 
   ijkl-minj-nlmk |        0.976 |          0.977 |            0.977 |         1.069 
   ijkl-mink-jnlm |        0.971 |          0.969 |            0.978 |         1.045 
   ijkl-minl-njmk |        0.970 |          0.973 |            0.972 |         1.063 
     aqrs-pa-pqrs |        0.601 |          0.923 |            0.922 |         1.815 
     abrs-qb-aqrs |        1.225 |          1.230 |            1.249 |         1.733 
     abcs-rc-abrs |        1.093 |          1.051 |            1.106 |         1.815 
       abj-bka-kj |        1.181 |          1.196 |            1.192 |         1.190 
       ajb-kba-jk |        1.025 |          0.999 |            0.983 |         1.072 
     abjc-cbka-kj |        1.383 |          1.361 |            1.356 |         1.668 
     ajbc-ckba-jk |        1.169 |          1.123 |            1.080 |         1.486 
     abjc-kbac-jk |        1.122 |          1.098 |            1.103 |         1.534 
   abjcd-dkbac-jk |        1.448 |          1.403 |            1.408 |         1.939 
   adbjc-cbdka-kj |        1.630 |          1.636 |            1.626 |         2.152 
   ajbdc-ckbad-jk |        1.591 |          1.603 |            1.551 |         1.799 
 abcijk-ijma-mkbc |        1.057 |          1.059 |            1.078 |         1.172 
 abcijk-ijmb-mkac |        1.053 |          1.049 |            1.083 |         1.242 
 abcijk-ijmc-mkab |        1.067 |          1.054 |            1.105 |         1.198 
 abcijk-ikma-mjbc |        1.067 |          1.055 |            1.084 |         1.170 
 abcijk-ikmb-mjac |        1.059 |          1.049 |            1.078 |         1.210 
 abcijk-ikmc-mjab |        1.059 |          1.053 |            1.115 |         1.227 
 abcijk-jkma-mibc |        1.065 |          1.059 |            1.089 |         1.126 
 abcijk-jkmb-miac |        1.055 |          1.048 |            1.074 |         1.371 
 abcijk-jkmc-miab |        1.065 |          1.053 |            1.091 |         1.218 
 abcijk-eiab-jkec |        1.068 |          1.054 |            1.097 |         1.226 
 abcijk-eiac-jkeb |        1.046 |          1.053 |            1.086 |         1.354 
 abcijk-eibc-jkea |        1.053 |          1.060 |            1.081 |         1.129 
 abcijk-ejab-ikec |        1.059 |          1.047 |            1.109 |         1.230 
 abcijk-ejac-ikeb |        1.063 |          1.057 |            1.080 |         1.236 
 abcijk-ejbc-ikea |        1.058 |          1.061 |            1.092 |         1.182 
 abcijk-ekab-ijec |        1.081 |          1.049 |            1.114 |         1.173 
 abcijk-ekac-ijeb |        1.060 |          1.048 |            1.085 |         1.227 
 abcijk-ekbc-ijea |        1.061 |          1.065 |            1.081 |         1.171 
       abc-bk-akc |        1.029 |          1.009 |            1.020 |         1.188 
             MEAN |        1.067 |          1.068 |            1.081 |         1.307 

wrote /home/shinaoka/projects/tensor4all/tprims-rs/benchmarks/benchmarks/tcbench/results/scaling-layout/candidate/A-1m-1t.pending.csv
