# threads: requested=4 pool=4 budget=4
host        : shinaoka-EVO-X1Pro
target      : x86_64 / linux
cpu features: avx2 fma avx512f avx512dq 
caches      : L1=48KiB/12-way/2sh L2=1024KiB/16-way/2sh L3=8192KiB/16-way/16sh (via sysfs), blocking=legacy
l3 domains  : t1=1 t4=1 t8=1
baselines   : tblis=true blas=false
tblis       : abi 2.x, 4 thread(s)

running 49 cases at 1 MiB nominal tensor size, 5 reps, stress=none


=== f64 ===
             case |     m |    n |    k | regA | regB | plan GF/s | packed GF/s | upstream GF/s | tblis GF/s 
------------------+-------+------+------+------+------+-----------+-------------+---------------+------------
         ij-ik-kj |   384 |  364 |  384 | 0.00 | 0.00 |     144.2 |       133.7 |         118.1 |      104.5 
       ij-ikl-ljk |    72 |   52 | 3744 | 1.00 | 1.00 |      64.2 |        61.1 |          52.2 |       38.4 
       ij-kil-lkj |    72 |   52 | 5184 | 1.00 | 1.00 |      62.0 |        62.4 |          52.2 |       38.2 
       ijk-ikl-lj |  3744 |   52 |   72 | 1.00 | 1.00 |     112.9 |       111.8 |          84.5 |       69.6 
       ijk-il-jlk |    72 | 3744 |   52 | 1.00 | 1.00 |     108.5 |       115.7 |          93.0 |       77.2 
       ijk-ilk-jl |  3744 |   72 |   52 | 1.00 | 1.00 |     118.9 |       122.9 |          90.6 |       79.5 
       ijk-ilk-lj |  3744 |   52 |   72 | 1.00 | 1.00 |     128.3 |       130.9 |         100.3 |       81.4 
     ijk-ilmk-mjl |   480 |   20 |  480 | 1.00 | 1.00 |     101.6 |       112.9 |          64.2 |       50.1 
   ijkl-imjn-lnkm |   480 |  480 |  400 | 1.00 | 0.80 |     183.4 |       186.8 |         172.0 |      147.7 
   ijkl-imjn-nlmk |   480 |  400 |  480 | 1.00 | 0.80 |     192.4 |       192.4 |         177.7 |      149.9 
   ijkl-imkn-jnlm |   480 |  480 |  400 | 1.00 | 1.00 |     190.6 |       191.9 |         174.6 |      154.1 
   ijkl-imkn-njml |   480 |  400 |  480 | 1.00 | 0.80 |     189.7 |       193.7 |         178.5 |      151.0 
   ijkl-imln-jnkm |   480 |  480 |  400 | 1.00 | 1.00 |     191.1 |       189.7 |         173.3 |      155.5 
   ijkl-imln-njmk |   480 |  400 |  480 | 1.00 | 0.80 |     193.2 |       193.7 |         179.0 |      152.3 
   ijkl-imnj-nlkm |   480 |  400 |  480 | 1.00 | 0.80 |     192.3 |       192.7 |         176.8 |      152.4 
   ijkl-imnk-njml |   480 |  400 |  480 | 1.00 | 0.80 |     193.3 |       193.5 |         179.0 |      152.2 
   ijkl-minj-nlmk |   480 |  400 |  576 | 1.00 | 0.80 |     187.4 |       187.0 |         173.6 |      149.2 
   ijkl-mink-jnlm |   480 |  480 |  480 | 1.00 | 1.00 |     188.7 |       192.1 |         178.9 |      148.8 
   ijkl-minl-njmk |   480 |  400 |  576 | 1.00 | 0.80 |     189.4 |       189.7 |         174.8 |      151.8 
     aqrs-pa-pqrs |    24 | 8000 |   24 | 0.00 | 0.00 |      78.1 |       101.2 |          50.9 |       43.4 
     abrs-qb-aqrs |    20 | 9600 |   24 | 1.00 | 1.00 |     106.2 |       107.2 |          66.1 |       39.8 
     abcs-rc-abrs |    20 | 9600 |   24 | 1.00 | 1.00 |      89.7 |       108.6 |          65.3 |       40.4 
       abj-bka-kj |  5184 |   52 |   72 | 1.00 | 1.00 |     128.9 |       129.2 |         109.3 |       82.9 
       ajb-kba-jk |  3744 |   72 |   72 | 1.00 | 1.00 |     169.9 |       169.1 |         133.2 |      114.4 
     abjc-cbka-kj | 11520 |   20 |   24 | 1.00 | 1.00 |      43.7 |        51.2 |          39.2 |       38.8 
     ajbc-ckba-jk | 11520 |   24 |   20 | 1.00 | 1.00 |      76.6 |        82.2 |          49.9 |       44.0 
     abjc-kbac-jk |  9600 |   24 |   24 | 1.00 | 1.00 |      28.8 |       110.5 |          68.5 |       46.8 
   abjcd-dkbac-jk | 82944 |   24 |   12 | 1.00 | 1.00 |      37.2 |        38.8 |          34.8 |       22.9 
   adbjc-cbdka-kj | 82944 |   12 |   24 | 1.00 | 1.00 |       9.1 |         9.1 |           8.7 |       18.6 
   ajbdc-ckbad-jk | 82944 |   24 |   12 | 1.00 | 1.00 |      39.1 |        40.2 |          34.8 |       24.3 
 abcijk-ijma-mkbc |  4608 |  512 |   24 | 1.00 | 1.00 |     122.9 |       131.8 |         114.8 |      101.3 
 abcijk-ijmb-mkac |  1536 | 1536 |   24 | 1.00 | 1.00 |     135.9 |       148.7 |         131.8 |       62.0 
 abcijk-ijmc-mkab |  1536 | 1536 |   24 | 1.00 | 1.00 |     129.3 |       146.9 |         122.8 |       97.9 
 abcijk-ikma-mjbc |  4608 |  512 |   24 | 1.00 | 1.00 |     129.0 |       131.9 |         113.1 |       99.8 
 abcijk-ikmb-mjac |  1536 | 1536 |   24 | 1.00 | 1.00 |     127.4 |       145.5 |         131.2 |       97.3 
 abcijk-ikmc-mjab |  1536 | 1536 |   24 | 1.00 | 1.00 |     137.2 |       143.6 |         123.1 |       81.2 
 abcijk-jkma-mibc |  4608 |  512 |   24 | 1.00 | 1.00 |     130.3 |       131.1 |         115.5 |      111.7 
 abcijk-jkmb-miac |  1536 | 1536 |   24 | 1.00 | 1.00 |     132.8 |       142.0 |         126.1 |       59.2 
 abcijk-jkmc-miab |  1536 | 1536 |   24 | 1.00 | 1.00 |     142.1 |       136.4 |         121.2 |       80.4 
 abcijk-eiab-jkec |  1536 | 1536 |   24 | 1.00 | 1.00 |     130.9 |       138.8 |         122.3 |       85.1 
 abcijk-eiac-jkeb |  1536 | 1536 |   24 | 1.00 | 1.00 |     148.2 |       149.2 |         130.3 |       61.1 
 abcijk-eibc-jkea |   512 | 4608 |   24 | 1.00 | 1.00 |     134.5 |       125.0 |         112.4 |      110.0 
 abcijk-ejab-ikec |  1536 | 1536 |   24 | 1.00 | 1.00 |     132.8 |       142.8 |         123.8 |       83.2 
 abcijk-ejac-ikeb |  1536 | 1536 |   24 | 1.00 | 1.00 |     147.3 |        75.9 |         131.6 |       94.0 
 abcijk-ejbc-ikea |   512 | 4608 |   24 | 1.00 | 1.00 |     127.9 |       130.9 |         118.4 |      100.3 
 abcijk-ekab-ijec |  1536 | 1536 |   24 | 1.00 | 1.00 |     142.3 |       139.6 |         126.3 |      102.8 
 abcijk-ekac-ijeb |  1536 | 1536 |   24 | 1.00 | 1.00 |     139.6 |       144.0 |         127.1 |       60.1 
 abcijk-ekbc-ijea |   512 | 4608 |   24 | 1.00 | 1.00 |     122.5 |       127.2 |         116.3 |      100.0 
       abc-bk-akc |    72 | 3744 |   52 | 1.00 | 1.00 |     167.5 |       169.4 |         124.1 |      108.9 

=== c64 ===
             case |     m |    n |    k | regA | regB | plan GF/s | packed GF/s | upstream GF/s | tblis GF/s 
------------------+-------+------+------+------+------+-----------+-------------+---------------+------------
         ij-ik-kj |   384 |  364 |  384 | 1.00 | 1.00 |     137.2 |       138.0 |         131.8 |      125.6 
       ij-ikl-ljk |    72 |   52 | 3744 | 1.00 | 1.00 |      64.5 |        64.3 |          61.2 |       75.1 
       ij-kil-lkj |    72 |   52 | 5184 | 1.00 | 1.00 |      59.4 |        60.2 |          56.6 |       74.6 
       ijk-ikl-lj |  3744 |   52 |   72 | 1.00 | 1.00 |     122.3 |       124.6 |         114.0 |       91.3 
       ijk-il-jlk |    72 | 3744 |   52 | 1.00 | 1.00 |      70.9 |        69.2 |          68.1 |      108.2 
       ijk-ilk-jl |  3744 |   72 |   52 | 0.89 | 1.00 |     133.7 |       132.9 |         125.1 |      114.1 
       ijk-ilk-lj |  3744 |   52 |   72 | 0.89 | 1.00 |     146.2 |       148.0 |         135.1 |      116.7 
     ijk-ilmk-mjl |   480 |   20 |  480 | 0.67 | 1.00 |     118.1 |       123.3 |         103.7 |      109.4 
   ijkl-imjn-lnkm |   480 |  480 |  400 | 0.67 | 0.80 |     173.5 |       174.2 |         167.6 |      166.5 
   ijkl-imjn-nlmk |   480 |  400 |  480 | 0.67 | 0.81 |     174.3 |       175.6 |         170.6 |      164.8 
   ijkl-imkn-jnlm |   480 |  480 |  400 | 0.67 | 1.00 |     173.3 |       174.0 |         168.9 |      167.6 
   ijkl-imkn-njml |   480 |  400 |  480 | 0.67 | 0.81 |     149.3 |       175.8 |         171.3 |      166.4 
   ijkl-imln-jnkm |   480 |  480 |  400 | 0.67 | 1.00 |     172.0 |       173.4 |         168.9 |      166.9 
   ijkl-imln-njmk |   480 |  400 |  480 | 0.67 | 0.81 |     175.8 |       176.1 |         171.3 |      169.4 
   ijkl-imnj-nlkm |   480 |  400 |  480 | 0.67 | 0.81 |     175.9 |       175.9 |         170.6 |      171.0 
   ijkl-imnk-njml |   480 |  400 |  480 | 0.67 | 0.81 |     175.7 |       175.7 |         171.7 |      171.5 
   ijkl-minj-nlmk |   480 |  400 |  576 | 0.67 | 0.81 |     162.1 |       168.4 |         163.7 |      160.6 
   ijkl-mink-jnlm |   480 |  480 |  480 | 0.67 | 1.00 |     173.6 |       173.8 |         168.8 |      168.0 
   ijkl-minl-njmk |   480 |  400 |  576 | 0.67 | 0.81 |     170.7 |       170.5 |         165.4 |      166.8 
     aqrs-pa-pqrs |    24 | 8000 |   24 | 1.00 | 1.00 |     104.3 |       100.5 |          84.6 |       91.6 
     abrs-qb-aqrs |    20 | 9600 |   24 | 1.00 | 1.00 |     149.3 |       150.9 |         119.3 |       77.2 
     abcs-rc-abrs |    20 | 9600 |   24 | 1.00 | 1.00 |     131.8 |       131.5 |         103.3 |       82.9 
       abj-bka-kj |  5184 |   52 |   72 | 0.89 | 1.00 |     153.1 |       154.7 |         144.3 |       97.7 
       ajb-kba-jk |  3744 |   72 |   72 | 0.89 | 1.00 |     173.3 |       174.4 |         159.3 |      129.4 
     abjc-cbka-kj | 11520 |   20 |   24 | 0.67 | 1.00 |      93.7 |        93.9 |          79.0 |       70.9 
     ajbc-ckba-jk | 11520 |   24 |   20 | 1.00 | 1.00 |     105.3 |       103.5 |          86.1 |       76.4 
     abjc-kbac-jk |  9600 |   24 |   24 | 0.67 | 1.00 |     138.7 |       147.7 |         117.6 |       83.1 
   abjcd-dkbac-jk | 82944 |   24 |   12 | 0.67 | 1.00 |      61.5 |        61.1 |          57.6 |       46.9 
   adbjc-cbdka-kj | 82944 |   12 |   24 | 0.67 | 1.00 |      29.7 |        29.3 |          29.1 |       32.7 
   ajbdc-ckbad-jk | 82944 |   24 |   12 | 1.00 | 1.00 |      59.8 |        59.8 |          55.8 |       48.6 
 abcijk-ijma-mkbc |  4608 |  512 |   24 | 1.00 | 0.97 |     154.3 |       156.2 |         151.6 |      124.3 
 abcijk-ijmb-mkac |  1536 | 1536 |   24 | 1.00 | 0.75 |     169.2 |       168.4 |         162.7 |      115.3 
 abcijk-ijmc-mkab |  1536 | 1536 |   24 | 1.00 | 0.50 |     168.5 |       168.6 |         160.5 |      136.9 
 abcijk-ikma-mjbc |  4608 |  512 |   24 | 1.00 | 0.97 |     158.0 |       158.4 |         148.8 |      125.5 
 abcijk-ikmb-mjac |  1536 | 1536 |   24 | 1.00 | 0.75 |     169.3 |       169.0 |         161.3 |      123.3 
 abcijk-ikmc-mjab |  1536 | 1536 |   24 | 1.00 | 0.50 |     168.6 |       165.1 |         161.9 |      124.8 
 abcijk-jkma-mibc |  4608 |  512 |   24 | 1.00 | 0.97 |     156.2 |       156.6 |         152.0 |      136.1 
 abcijk-jkmb-miac |  1536 | 1536 |   24 | 1.00 | 0.75 |     169.9 |       166.9 |         159.4 |      104.4 
 abcijk-jkmc-miab |  1536 | 1536 |   24 | 1.00 | 0.50 |     165.7 |       164.2 |         154.5 |      123.2 
 abcijk-eiab-jkec |  1536 | 1536 |   24 | 1.00 | 0.50 |     164.9 |       163.8 |         155.6 |      126.3 
 abcijk-eiac-jkeb |  1536 | 1536 |   24 | 1.00 | 0.75 |     167.0 |       169.4 |         160.8 |      105.2 
 abcijk-eibc-jkea |   512 | 4608 |   24 | 1.00 | 0.97 |     156.4 |       156.6 |         150.7 |      136.9 
 abcijk-ejab-ikec |  1536 | 1536 |   24 | 1.00 | 0.50 |     166.2 |       167.2 |         160.1 |      125.1 
 abcijk-ejac-ikeb |  1536 | 1536 |   24 | 1.00 | 0.75 |     168.3 |       169.3 |         161.5 |      123.2 
 abcijk-ejbc-ikea |   512 | 4608 |   24 | 1.00 | 0.97 |     156.7 |       157.3 |         149.1 |      123.4 
 abcijk-ekab-ijec |  1536 | 1536 |   24 | 1.00 | 0.50 |     165.1 |       166.8 |         160.2 |      133.6 
 abcijk-ekac-ijeb |  1536 | 1536 |   24 | 1.00 | 0.75 |     169.2 |       167.5 |         162.7 |      114.3 
 abcijk-ekbc-ijea |   512 | 4608 |   24 | 1.00 | 0.97 |     154.5 |       156.9 |         151.3 |      124.5 
       abc-bk-akc |    72 | 3744 |   52 | 0.89 | 1.00 |     180.1 |       178.8 |         164.3 |      145.4 

=== complex efficiency ratio (c64 GF/s over f64 GF/s; 1.0 = no penalty) ===
             case | plan c64/f64 | packed c64/f64 | upstream c64/f64 | tblis c64/f64 
------------------+--------------+----------------+------------------+---------------
         ij-ik-kj |        0.951 |          1.032 |            1.116 |         1.202 
       ij-ikl-ljk |        1.005 |          1.053 |            1.172 |         1.956 
       ij-kil-lkj |        0.960 |          0.966 |            1.085 |         1.953 
       ijk-ikl-lj |        1.084 |          1.114 |            1.350 |         1.313 
       ijk-il-jlk |        0.653 |          0.598 |            0.733 |         1.402 
       ijk-ilk-jl |        1.124 |          1.082 |            1.381 |         1.436 
       ijk-ilk-lj |        1.139 |          1.131 |            1.347 |         1.433 
     ijk-ilmk-mjl |        1.162 |          1.092 |            1.615 |         2.186 
   ijkl-imjn-lnkm |        0.946 |          0.933 |            0.974 |         1.127 
   ijkl-imjn-nlmk |        0.906 |          0.913 |            0.960 |         1.099 
   ijkl-imkn-jnlm |        0.909 |          0.907 |            0.967 |         1.088 
   ijkl-imkn-njml |        0.787 |          0.907 |            0.959 |         1.102 
   ijkl-imln-jnkm |        0.900 |          0.914 |            0.974 |         1.073 
   ijkl-imln-njmk |        0.910 |          0.909 |            0.957 |         1.112 
   ijkl-imnj-nlkm |        0.915 |          0.913 |            0.965 |         1.123 
   ijkl-imnk-njml |        0.909 |          0.908 |            0.959 |         1.126 
   ijkl-minj-nlmk |        0.865 |          0.901 |            0.943 |         1.076 
   ijkl-mink-jnlm |        0.920 |          0.905 |            0.944 |         1.129 
   ijkl-minl-njmk |        0.901 |          0.899 |            0.947 |         1.099 
     aqrs-pa-pqrs |        1.334 |          0.993 |            1.664 |         2.108 
     abrs-qb-aqrs |        1.406 |          1.408 |            1.806 |         1.939 
     abcs-rc-abrs |        1.469 |          1.210 |            1.581 |         2.053 
       abj-bka-kj |        1.188 |          1.197 |            1.320 |         1.178 
       ajb-kba-jk |        1.020 |          1.031 |            1.196 |         1.131 
     abjc-cbka-kj |        2.144 |          1.835 |            2.015 |         1.828 
     ajbc-ckba-jk |        1.375 |          1.259 |            1.724 |         1.736 
     abjc-kbac-jk |        4.808 |          1.337 |            1.717 |         1.775 
   abjcd-dkbac-jk |        1.652 |          1.574 |            1.656 |         2.053 
   adbjc-cbdka-kj |        3.276 |          3.213 |            3.361 |         1.755 
   ajbdc-ckbad-jk |        1.529 |          1.488 |            1.603 |         2.002 
 abcijk-ijma-mkbc |        1.256 |          1.185 |            1.321 |         1.227 
 abcijk-ijmb-mkac |        1.245 |          1.133 |            1.234 |         1.860 
 abcijk-ijmc-mkab |        1.304 |          1.148 |            1.308 |         1.398 
 abcijk-ikma-mjbc |        1.225 |          1.201 |            1.315 |         1.258 
 abcijk-ikmb-mjac |        1.329 |          1.161 |            1.230 |         1.268 
 abcijk-ikmc-mjab |        1.229 |          1.149 |            1.315 |         1.536 
 abcijk-jkma-mibc |        1.199 |          1.195 |            1.316 |         1.219 
 abcijk-jkmb-miac |        1.279 |          1.175 |            1.264 |         1.763 
 abcijk-jkmc-miab |        1.166 |          1.204 |            1.275 |         1.533 
 abcijk-eiab-jkec |        1.260 |          1.180 |            1.273 |         1.483 
 abcijk-eiac-jkeb |        1.127 |          1.135 |            1.234 |         1.723 
 abcijk-eibc-jkea |        1.162 |          1.253 |            1.340 |         1.245 
 abcijk-ejab-ikec |        1.251 |          1.171 |            1.293 |         1.504 
 abcijk-ejac-ikeb |        1.142 |          2.230 |            1.227 |         1.310 
 abcijk-ejbc-ikea |        1.225 |          1.202 |            1.260 |         1.231 
 abcijk-ekab-ijec |        1.161 |          1.195 |            1.268 |         1.300 
 abcijk-ekac-ijeb |        1.212 |          1.163 |            1.280 |         1.902 
 abcijk-ekbc-ijea |        1.261 |          1.234 |            1.301 |         1.245 
       abc-bk-akc |        1.075 |          1.056 |            1.324 |         1.336 
             MEAN |        1.271 |          1.183 |            1.314 |         1.468 

wrote /home/shinaoka/projects/tensor4all/tprims-rs/benchmarks/benchmarks/tcbench/results/scaling-layout/candidate/A-1m-4t.pending.csv
