# threads: requested=1 pool=1 budget=1
host        : shinaoka-EVO-X1Pro
target      : x86_64 / linux
cpu features: avx2 fma avx512f avx512dq 
caches      : L1=48KiB/12-way/2sh L2=1024KiB/16-way/2sh L3=8192KiB/16-way/16sh (via sysfs), blocking=legacy
l3 domains  : t1=1
baselines   : tblis=true blas=false
tblis       : abi 2.x, 1 thread(s)

running 49 cases at 16 MiB nominal tensor size, 5 reps, stress=none


=== f64 ===
             case |      m |     n |     k | regA | regB | plan GF/s | packed GF/s | upstream GF/s | tblis GF/s 
------------------+--------+-------+-------+------+------+-----------+-------------+---------------+------------
         ij-ik-kj |   1464 |  1448 |  1464 | 0.00 | 0.00 |      36.4 |        48.2 |          47.7 |       46.6 
       ij-ikl-ljk |    144 |   128 | 18432 | 1.00 | 1.00 |      38.1 |        38.0 |          36.6 |       27.2 
       ij-kil-lkj |    144 |   128 | 20736 | 1.00 | 1.00 |      35.9 |        35.9 |          35.0 |       24.4 
       ijk-ikl-lj |  18432 |   128 |   144 | 1.00 | 1.00 |      44.1 |        44.1 |          43.7 |       33.9 
       ijk-il-jlk |    144 | 18432 |   128 | 1.00 | 1.00 |      38.5 |        38.5 |          35.5 |       36.9 
       ijk-ilk-jl |  18432 |   144 |   128 | 1.00 | 1.00 |      44.5 |        44.6 |          44.6 |       36.4 
       ijk-ilk-lj |  18432 |   128 |   144 | 1.00 | 1.00 |      44.6 |        44.6 |          44.3 |       34.3 
     ijk-ilmk-mjl |   1920 |    40 |  1920 | 1.00 | 1.00 |      40.0 |        39.9 |          38.9 |       22.2 
   ijkl-imjn-lnkm |   1920 |  1920 |  1600 | 1.00 | 1.00 |      47.5 |        47.5 |          46.8 |       47.2 
   ijkl-imjn-nlmk |   1920 |  1600 |  1920 | 1.00 | 1.00 |      47.4 |        47.1 |          46.6 |       45.9 
   ijkl-imkn-jnlm |   1920 |  1920 |  1600 | 1.00 | 1.00 |      47.3 |        47.3 |          46.3 |       47.3 
   ijkl-imkn-njml |   1920 |  1600 |  1920 | 1.00 | 1.00 |      47.5 |        47.5 |          46.5 |       45.7 
   ijkl-imln-jnkm |   1920 |  1920 |  1600 | 1.00 | 1.00 |      47.3 |        47.3 |          46.3 |       47.1 
   ijkl-imln-njmk |   1920 |  1600 |  1920 | 1.00 | 1.00 |      47.6 |        47.7 |          46.5 |       46.3 
   ijkl-imnj-nlkm |   1920 |  1600 |  1920 | 1.00 | 1.00 |      47.3 |        47.1 |          46.7 |       46.6 
   ijkl-imnk-njml |   1920 |  1600 |  1920 | 1.00 | 1.00 |      47.4 |        47.4 |          46.7 |       46.6 
   ijkl-minj-nlmk |   1920 |  1600 |  2304 | 1.00 | 1.00 |      46.3 |        46.4 |          45.8 |       45.1 
   ijkl-mink-jnlm |   1920 |  1920 |  1920 | 1.00 | 1.00 |      46.6 |        46.6 |          45.8 |       47.0 
   ijkl-minl-njmk |   1920 |  1600 |  2304 | 1.00 | 1.00 |      46.4 |        46.4 |          45.9 |       45.5 
     aqrs-pa-pqrs |     48 | 64000 |    48 | 0.00 | 0.00 |      38.2 |        32.7 |          29.3 |       18.7 
     abrs-qb-aqrs |     40 | 76800 |    48 | 1.00 | 1.00 |      34.6 |        34.5 |          34.2 |       18.0 
     abcs-rc-abrs |     40 | 76800 |    48 | 1.00 | 1.00 |      31.5 |        32.0 |          30.5 |       19.4 
       abj-bka-kj |  20736 |   128 |   144 | 1.00 | 1.00 |      39.3 |        39.3 |          38.7 |       26.4 
       ajb-kba-jk |  18432 |   144 |   144 | 1.00 | 1.00 |      43.0 |        43.1 |          42.8 |       37.0 
     abjc-cbka-kj |  92160 |    40 |    48 | 1.00 | 1.00 |      10.2 |        10.3 |          10.2 |       14.3 
     ajbc-ckba-jk |  92160 |    48 |    40 | 1.00 | 1.00 |      18.5 |        18.5 |          17.3 |       19.9 
     abjc-kbac-jk |  76800 |    48 |    48 | 1.00 | 1.00 |      29.5 |        29.3 |          28.3 |       18.1 
   abjcd-dkbac-jk | 230400 |    24 |    20 | 1.00 | 1.00 |      13.5 |        13.5 |          12.2 |       10.1 
   adbjc-cbdka-kj | 230400 |    20 |    24 | 1.00 | 1.00 |       5.4 |         5.4 |           5.2 |        8.1 
   ajbdc-ckbad-jk | 230400 |    24 |    20 | 1.00 | 1.00 |      13.3 |        13.4 |          12.2 |       10.6 
 abcijk-ijma-mkbc |   6912 |  1728 |    24 | 1.00 | 1.00 |      40.9 |        40.7 |          39.3 |       33.7 
 abcijk-ijmb-mkac |   3456 |  3456 |    24 | 1.00 | 0.67 |      41.0 |        41.0 |          38.8 |       24.1 
 abcijk-ijmc-mkab |   3456 |  3456 |    24 | 1.00 | 0.67 |      39.6 |        39.6 |          37.7 |       31.1 
 abcijk-ikma-mjbc |   6912 |  1728 |    24 | 1.00 | 1.00 |      41.1 |        40.6 |          39.0 |       33.6 
 abcijk-ikmb-mjac |   3456 |  3456 |    24 | 1.00 | 0.67 |      41.1 |        40.6 |          39.2 |       29.7 
 abcijk-ikmc-mjab |   3456 |  3456 |    24 | 1.00 | 0.67 |      39.5 |        39.7 |          37.5 |       25.8 
 abcijk-jkma-mibc |   6912 |  1728 |    24 | 1.00 | 1.00 |      41.0 |        41.2 |          40.1 |       33.6 
 abcijk-jkmb-miac |   3456 |  3456 |    24 | 1.00 | 0.67 |      41.2 |        40.4 |          37.8 |       16.3 
 abcijk-jkmc-miab |   3456 |  3456 |    24 | 1.00 | 0.67 |      40.2 |        40.1 |          37.9 |       21.7 
 abcijk-eiab-jkec |   3456 |  3456 |    24 | 1.00 | 0.67 |      40.1 |        40.1 |          38.0 |       22.2 
 abcijk-eiac-jkeb |   3456 |  3456 |    24 | 1.00 | 0.67 |      41.4 |        41.0 |          38.8 |       16.5 
 abcijk-eibc-jkea |   1728 |  6912 |    24 | 1.00 | 1.00 |      41.7 |        41.2 |          39.5 |       33.5 
 abcijk-ejab-ikec |   3456 |  3456 |    24 | 1.00 | 0.67 |      39.6 |        39.6 |          37.8 |       26.0 
 abcijk-ejac-ikeb |   3456 |  3456 |    24 | 1.00 | 0.67 |      40.8 |        40.7 |          38.8 |       29.7 
 abcijk-ejbc-ikea |   1728 |  6912 |    24 | 1.00 | 1.00 |      41.3 |        40.6 |          39.1 |       33.5 
 abcijk-ekab-ijec |   3456 |  3456 |    24 | 1.00 | 0.67 |      39.6 |        39.6 |          37.6 |       31.4 
 abcijk-ekac-ijeb |   3456 |  3456 |    24 | 1.00 | 0.67 |      41.4 |        40.7 |          39.2 |       24.1 
 abcijk-ekbc-ijea |   1728 |  6912 |    24 | 1.00 | 1.00 |      41.1 |        41.0 |          39.3 |       33.4 
       abc-bk-akc |    144 | 18432 |   128 | 1.00 | 1.00 |      43.9 |        43.9 |          43.3 |       35.8 

=== c64 ===
             case |      m |     n |     k | regA | regB | plan GF/s | packed GF/s | upstream GF/s | tblis GF/s 
------------------+--------+-------+-------+------+------+-----------+-------------+---------------+------------
         ij-ik-kj |   1464 |  1448 |  1464 | 1.00 | 1.00 |      48.3 |        48.3 |          48.4 |       46.9 
       ij-ikl-ljk |    144 |   128 | 18432 | 1.00 | 1.00 |      42.1 |        42.2 |          40.3 |       33.5 
       ij-kil-lkj |    144 |   128 | 20736 | 1.00 | 1.00 |      40.4 |        40.4 |          38.4 |       30.7 
       ijk-ikl-lj |  18432 |   128 |   144 | 1.00 | 1.00 |      46.6 |        46.5 |          46.1 |       36.6 
       ijk-il-jlk |    144 | 18432 |   128 | 1.00 | 1.00 |      46.2 |        46.2 |          45.5 |       42.8 
       ijk-ilk-jl |  18432 |   144 |   128 | 1.00 | 1.00 |      48.7 |        48.7 |          48.2 |       39.4 
       ijk-ilk-lj |  18432 |   128 |   144 | 1.00 | 1.00 |      47.2 |        47.2 |          46.7 |       38.1 
     ijk-ilmk-mjl |   1920 |    40 |  1920 | 1.00 | 1.00 |      41.2 |        41.2 |          40.6 |       28.1 
   ijkl-imjn-lnkm |   1920 |  1920 |  1600 | 1.00 | 0.90 |      48.1 |        48.1 |          48.0 |       45.6 
   ijkl-imjn-nlmk |   1920 |  1600 |  1920 | 1.00 | 0.90 |      48.1 |        48.1 |          48.1 |       45.4 
   ijkl-imkn-jnlm |   1920 |  1920 |  1600 | 1.00 | 1.00 |      48.3 |        48.3 |          47.9 |       45.7 
   ijkl-imkn-njml |   1920 |  1600 |  1920 | 1.00 | 0.90 |      48.4 |        48.4 |          48.0 |       44.8 
   ijkl-imln-jnkm |   1920 |  1920 |  1600 | 1.00 | 1.00 |      48.4 |        48.4 |          48.0 |       45.6 
   ijkl-imln-njmk |   1920 |  1600 |  1920 | 1.00 | 0.90 |      48.5 |        48.5 |          48.1 |       45.6 
   ijkl-imnj-nlkm |   1920 |  1600 |  1920 | 1.00 | 0.90 |      48.1 |        48.1 |          48.1 |       45.5 
   ijkl-imnk-njml |   1920 |  1600 |  1920 | 1.00 | 0.90 |      48.3 |        48.3 |          48.0 |       45.3 
   ijkl-minj-nlmk |   1920 |  1600 |  2304 | 1.00 | 0.90 |      47.3 |        47.3 |          47.0 |       45.7 
   ijkl-mink-jnlm |   1920 |  1920 |  1920 | 1.00 | 1.00 |      47.7 |        47.7 |          47.2 |       45.2 
   ijkl-minl-njmk |   1920 |  1600 |  2304 | 1.00 | 0.90 |      47.7 |        47.7 |          47.1 |       45.4 
     aqrs-pa-pqrs |     48 | 64000 |    48 | 1.00 | 1.00 |      39.0 |        38.9 |          37.6 |       27.7 
     abrs-qb-aqrs |     40 | 76800 |    48 | 1.00 | 1.00 |      39.8 |        39.8 |          39.1 |       29.3 
     abcs-rc-abrs |     40 | 76800 |    48 | 1.00 | 1.00 |      39.2 |        39.2 |          38.3 |       29.4 
       abj-bka-kj |  20736 |   128 |   144 | 1.00 | 1.00 |      41.0 |        41.0 |          40.5 |       30.8 
       ajb-kba-jk |  18432 |   144 |   144 | 1.00 | 1.00 |      48.6 |        48.6 |          48.2 |       40.7 
     abjc-cbka-kj |  92160 |    40 |    48 | 1.00 | 1.00 |      19.2 |        19.2 |          18.9 |       22.8 
     ajbc-ckba-jk |  92160 |    48 |    40 | 1.00 | 1.00 |      25.8 |        25.8 |          25.0 |       33.2 
     abjc-kbac-jk |  76800 |    48 |    48 | 1.00 | 1.00 |      40.3 |        40.2 |          39.2 |       26.3 
   abjcd-dkbac-jk | 230400 |    24 |    20 | 0.67 | 1.00 |      21.2 |        21.2 |          19.8 |       19.2 
   adbjc-cbdka-kj | 230400 |    20 |    24 | 0.67 | 1.00 |      11.6 |        11.6 |          11.4 |       18.0 
   ajbdc-ckbad-jk | 230400 |    24 |    20 | 1.00 | 1.00 |      20.6 |        20.5 |          19.4 |       19.5 
 abcijk-ijma-mkbc |   6912 |  1728 |    24 | 1.00 | 1.00 |      44.5 |        44.5 |          43.3 |       37.4 
 abcijk-ijmb-mkac |   3456 |  3456 |    24 | 1.00 | 1.00 |      45.2 |        45.2 |          44.1 |       33.2 
 abcijk-ijmc-mkab |   3456 |  3456 |    24 | 1.00 | 1.00 |      44.7 |        44.6 |          43.2 |       39.2 
 abcijk-ikma-mjbc |   6912 |  1728 |    24 | 1.00 | 1.00 |      44.4 |        44.4 |          43.1 |       37.4 
 abcijk-ikmb-mjac |   3456 |  3456 |    24 | 1.00 | 1.00 |      45.2 |        45.2 |          44.1 |       34.8 
 abcijk-ikmc-mjab |   3456 |  3456 |    24 | 1.00 | 1.00 |      44.6 |        44.6 |          43.4 |       35.4 
 abcijk-jkma-mibc |   6912 |  1728 |    24 | 1.00 | 1.00 |      44.5 |        44.6 |          43.5 |       37.4 
 abcijk-jkmb-miac |   3456 |  3456 |    24 | 1.00 | 1.00 |      45.0 |        45.0 |          43.6 |       28.1 
 abcijk-jkmc-miab |   3456 |  3456 |    24 | 1.00 | 1.00 |      44.2 |        44.2 |          43.0 |       34.9 
 abcijk-eiab-jkec |   3456 |  3456 |    24 | 1.00 | 1.00 |      44.2 |        44.2 |          42.8 |       34.7 
 abcijk-eiac-jkeb |   3456 |  3456 |    24 | 1.00 | 1.00 |      44.9 |        45.0 |          43.6 |       28.2 
 abcijk-eibc-jkea |   1728 |  6912 |    24 | 1.00 | 1.00 |      44.6 |        44.5 |          43.4 |       37.5 
 abcijk-ejab-ikec |   3456 |  3456 |    24 | 1.00 | 1.00 |      44.5 |        44.6 |          43.3 |       35.4 
 abcijk-ejac-ikeb |   3456 |  3456 |    24 | 1.00 | 1.00 |      45.2 |        45.2 |          44.1 |       34.7 
 abcijk-ejbc-ikea |   1728 |  6912 |    24 | 1.00 | 1.00 |      44.4 |        44.4 |          43.2 |       37.4 
 abcijk-ekab-ijec |   3456 |  3456 |    24 | 1.00 | 1.00 |      44.6 |        44.7 |          43.2 |       39.0 
 abcijk-ekac-ijeb |   3456 |  3456 |    24 | 1.00 | 1.00 |      45.2 |        45.2 |          44.2 |       33.1 
 abcijk-ekbc-ijea |   1728 |  6912 |    24 | 1.00 | 1.00 |      44.5 |        44.5 |          43.3 |       37.4 
       abc-bk-akc |    144 | 18432 |   128 | 1.00 | 1.00 |      48.7 |        48.7 |          48.2 |       39.3 

=== complex efficiency ratio (c64 GF/s over f64 GF/s; 1.0 = no penalty) ===
             case | plan c64/f64 | packed c64/f64 | upstream c64/f64 | tblis c64/f64 
------------------+--------------+----------------+------------------+---------------
         ij-ik-kj |        1.326 |          1.002 |            1.013 |         1.007 
       ij-ikl-ljk |        1.107 |          1.108 |            1.099 |         1.231 
       ij-kil-lkj |        1.125 |          1.125 |            1.098 |         1.257 
       ijk-ikl-lj |        1.058 |          1.054 |            1.054 |         1.081 
       ijk-il-jlk |        1.199 |          1.201 |            1.281 |         1.160 
       ijk-ilk-jl |        1.094 |          1.092 |            1.081 |         1.084 
       ijk-ilk-lj |        1.059 |          1.058 |            1.054 |         1.111 
     ijk-ilmk-mjl |        1.030 |          1.033 |            1.041 |         1.264 
   ijkl-imjn-lnkm |        1.013 |          1.013 |            1.025 |         0.965 
   ijkl-imjn-nlmk |        1.015 |          1.021 |            1.032 |         0.989 
   ijkl-imkn-jnlm |        1.022 |          1.022 |            1.034 |         0.966 
   ijkl-imkn-njml |        1.020 |          1.018 |            1.031 |         0.980 
   ijkl-imln-jnkm |        1.023 |          1.022 |            1.038 |         0.967 
   ijkl-imln-njmk |        1.018 |          1.018 |            1.034 |         0.985 
   ijkl-imnj-nlkm |        1.017 |          1.021 |            1.030 |         0.977 
   ijkl-imnk-njml |        1.019 |          1.020 |            1.028 |         0.972 
   ijkl-minj-nlmk |        1.021 |          1.019 |            1.026 |         1.013 
   ijkl-mink-jnlm |        1.023 |          1.023 |            1.030 |         0.963 
   ijkl-minl-njmk |        1.029 |          1.029 |            1.028 |         0.999 
     aqrs-pa-pqrs |        1.019 |          1.191 |            1.286 |         1.479 
     abrs-qb-aqrs |        1.149 |          1.153 |            1.143 |         1.625 
     abcs-rc-abrs |        1.243 |          1.224 |            1.256 |         1.515 
       abj-bka-kj |        1.044 |          1.045 |            1.047 |         1.167 
       ajb-kba-jk |        1.129 |          1.129 |            1.125 |         1.100 
     abjc-cbka-kj |        1.870 |          1.871 |            1.849 |         1.596 
     ajbc-ckba-jk |        1.394 |          1.396 |            1.451 |         1.671 
     abjc-kbac-jk |        1.366 |          1.371 |            1.383 |         1.452 
   abjcd-dkbac-jk |        1.574 |          1.575 |            1.623 |         1.897 
   adbjc-cbdka-kj |        2.146 |          2.146 |            2.198 |         2.214 
   ajbdc-ckbad-jk |        1.544 |          1.528 |            1.591 |         1.833 
 abcijk-ijma-mkbc |        1.088 |          1.092 |            1.103 |         1.111 
 abcijk-ijmb-mkac |        1.103 |          1.102 |            1.136 |         1.378 
 abcijk-ijmc-mkab |        1.129 |          1.128 |            1.145 |         1.264 
 abcijk-ikma-mjbc |        1.079 |          1.092 |            1.104 |         1.112 
 abcijk-ikmb-mjac |        1.099 |          1.113 |            1.126 |         1.172 
 abcijk-ikmc-mjab |        1.129 |          1.122 |            1.157 |         1.373 
 abcijk-jkma-mibc |        1.087 |          1.081 |            1.085 |         1.116 
 abcijk-jkmb-miac |        1.092 |          1.113 |            1.154 |         1.729 
 abcijk-jkmc-miab |        1.099 |          1.103 |            1.133 |         1.610 
 abcijk-eiab-jkec |        1.103 |          1.102 |            1.126 |         1.565 
 abcijk-eiac-jkeb |        1.085 |          1.097 |            1.125 |         1.706 
 abcijk-eibc-jkea |        1.069 |          1.081 |            1.100 |         1.117 
 abcijk-ejab-ikec |        1.124 |          1.126 |            1.147 |         1.362 
 abcijk-ejac-ikeb |        1.108 |          1.112 |            1.136 |         1.170 
 abcijk-ejbc-ikea |        1.075 |          1.094 |            1.104 |         1.116 
 abcijk-ekab-ijec |        1.126 |          1.127 |            1.150 |         1.244 
 abcijk-ekac-ijeb |        1.092 |          1.109 |            1.128 |         1.372 
 abcijk-ekbc-ijea |        1.082 |          1.085 |            1.103 |         1.118 
       abc-bk-akc |        1.109 |          1.109 |            1.114 |         1.099 
             MEAN |        1.155 |          1.153 |            1.171 |         1.270 

wrote /home/shinaoka/projects/tensor4all/tprims-rs/benchmarks/benchmarks/tcbench/results/scaling-layout/candidate/A2-16m-1t.pending.csv
