# threads: requested=4 pool=4 budget=4
host        : shinaoka-EVO-X1Pro
target      : x86_64 / linux
cpu features: avx2 fma avx512f avx512dq 
caches      : L1=48KiB/12-way/2sh L2=1024KiB/16-way/2sh L3=8192KiB/16-way/16sh (via sysfs), blocking=legacy
l3 domains  : t1=1 t4=1 t8=1
baselines   : tblis=true blas=false
tblis       : abi 2.x, 4 thread(s)

running 49 cases at 16 MiB nominal tensor size, 5 reps, stress=none


=== f64 ===
             case |      m |     n |     k | regA | regB | plan GF/s | packed GF/s | upstream GF/s | tblis GF/s 
------------------+--------+-------+-------+------+------+-----------+-------------+---------------+------------
         ij-ik-kj |   1464 |  1448 |  1464 | 0.00 | 0.00 |     144.2 |       129.9 |         127.2 |      174.9 
       ij-ikl-ljk |    144 |   128 | 18432 | 1.00 | 1.00 |     101.7 |       100.9 |          97.8 |       88.4 
       ij-kil-lkj |    144 |   128 | 20736 | 1.00 | 1.00 |      97.8 |        98.1 |          95.6 |       80.2 
       ijk-ikl-lj |  18432 |   128 |   144 | 1.00 | 1.00 |     160.6 |       158.3 |         151.0 |      109.8 
       ijk-il-jlk |    144 | 18432 |   128 | 1.00 | 1.00 |     123.6 |       125.2 |         117.5 |      142.2 
       ijk-ilk-jl |  18432 |   144 |   128 | 1.00 | 1.00 |     166.9 |       152.1 |         163.2 |      125.4 
       ijk-ilk-lj |  18432 |   128 |   144 | 1.00 | 1.00 |     165.8 |       169.1 |         158.0 |      120.5 
     ijk-ilmk-mjl |   1920 |    40 |  1920 | 1.00 | 1.00 |     122.0 |       126.4 |         133.6 |       82.6 
   ijkl-imjn-lnkm |   1920 |  1920 |  1600 | 1.00 | 1.00 |     181.0 |       181.2 |         176.8 |      179.0 
   ijkl-imjn-nlmk |   1920 |  1600 |  1920 | 1.00 | 1.00 |     180.3 |       180.5 |         177.6 |      174.9 
   ijkl-imkn-jnlm |   1920 |  1920 |  1600 | 1.00 | 1.00 |     182.3 |       182.3 |         178.9 |      177.8 
   ijkl-imkn-njml |   1920 |  1600 |  1920 | 1.00 | 1.00 |     180.7 |       181.2 |         177.2 |      173.1 
   ijkl-imln-jnkm |   1920 |  1920 |  1600 | 1.00 | 1.00 |     182.8 |       182.9 |         179.1 |      175.2 
   ijkl-imln-njmk |   1920 |  1600 |  1920 | 1.00 | 1.00 |     181.5 |       181.3 |         177.7 |      174.0 
   ijkl-imnj-nlkm |   1920 |  1600 |  1920 | 1.00 | 1.00 |     180.2 |       180.1 |         176.4 |      176.4 
   ijkl-imnk-njml |   1920 |  1600 |  1920 | 1.00 | 1.00 |     181.4 |       181.2 |         177.9 |      175.3 
   ijkl-minj-nlmk |   1920 |  1600 |  2304 | 1.00 | 1.00 |     177.3 |       177.1 |         174.1 |      171.3 
   ijkl-mink-jnlm |   1920 |  1920 |  1920 | 1.00 | 1.00 |     180.7 |       180.7 |         177.6 |      176.5 
   ijkl-minl-njmk |   1920 |  1600 |  2304 | 1.00 | 1.00 |     179.6 |       179.6 |         175.6 |      169.7 
     aqrs-pa-pqrs |     48 | 64000 |    48 | 0.00 | 0.00 |     128.5 |       108.6 |         102.0 |       61.3 
     abrs-qb-aqrs |     40 | 76800 |    48 | 1.00 | 1.00 |     127.4 |       131.4 |         125.7 |       73.4 
     abcs-rc-abrs |     40 | 76800 |    48 | 1.00 | 1.00 |     119.4 |       119.4 |         103.7 |       62.2 
       abj-bka-kj |  20736 |   128 |   144 | 1.00 | 1.00 |     136.2 |       137.7 |         131.7 |       84.3 
       ajb-kba-jk |  18432 |   144 |   144 | 1.00 | 1.00 |     155.1 |       159.1 |         154.4 |      126.9 
     abjc-cbka-kj |  92160 |    40 |    48 | 1.00 | 1.00 |      28.3 |        27.5 |          25.7 |       40.4 
     ajbc-ckba-jk |  92160 |    48 |    40 | 1.00 | 1.00 |      47.1 |        46.6 |          44.6 |       63.5 
     abjc-kbac-jk |  76800 |    48 |    48 | 1.00 | 1.00 |      97.7 |        99.8 |          95.1 |       54.7 
   abjcd-dkbac-jk | 230400 |    24 |    20 | 1.00 | 1.00 |      31.3 |        31.1 |          29.4 |       29.9 
   adbjc-cbdka-kj | 230400 |    20 |    24 | 1.00 | 1.00 |      16.4 |        16.6 |          15.9 |       19.0 
   ajbdc-ckbad-jk | 230400 |    24 |    20 | 1.00 | 1.00 |      31.4 |        31.4 |          29.7 |       32.5 
 abcijk-ijma-mkbc |   6912 |  1728 |    24 | 1.00 | 1.00 |     129.7 |       128.8 |         122.2 |      109.7 
 abcijk-ijmb-mkac |   3456 |  3456 |    24 | 1.00 | 0.67 |     122.4 |       124.2 |         117.1 |       64.6 
 abcijk-ijmc-mkab |   3456 |  3456 |    24 | 1.00 | 0.67 |     118.5 |       118.9 |         111.8 |       85.4 
 abcijk-ikma-mjbc |   6912 |  1728 |    24 | 1.00 | 1.00 |     129.4 |       129.9 |         121.5 |      109.9 
 abcijk-ikmb-mjac |   3456 |  3456 |    24 | 1.00 | 0.67 |     123.6 |       123.7 |         117.5 |       89.9 
 abcijk-ikmc-mjab |   3456 |  3456 |    24 | 1.00 | 0.67 |     119.3 |       118.8 |         113.7 |       79.1 
 abcijk-jkma-mibc |   6912 |  1728 |    24 | 1.00 | 1.00 |     133.7 |       133.7 |         124.2 |      111.1 
 abcijk-jkmb-miac |   3456 |  3456 |    24 | 1.00 | 0.67 |     123.6 |       123.5 |         114.3 |       48.3 
 abcijk-jkmc-miab |   3456 |  3456 |    24 | 1.00 | 0.67 |     118.2 |       120.4 |         114.5 |       61.9 
 abcijk-eiab-jkec |   3456 |  3456 |    24 | 1.00 | 0.67 |     118.4 |       119.1 |         113.6 |       61.2 
 abcijk-eiac-jkeb |   3456 |  3456 |    24 | 1.00 | 0.67 |     122.8 |       123.5 |         114.8 |       47.7 
 abcijk-eibc-jkea |   1728 |  6912 |    24 | 1.00 | 1.00 |     133.5 |       133.4 |         123.4 |      110.9 
 abcijk-ejab-ikec |   3456 |  3456 |    24 | 1.00 | 0.67 |     118.0 |       112.7 |         112.8 |       78.3 
 abcijk-ejac-ikeb |   3456 |  3456 |    24 | 1.00 | 0.67 |     123.6 |       123.9 |         115.9 |       90.2 
 abcijk-ejbc-ikea |   1728 |  6912 |    24 | 1.00 | 1.00 |     130.8 |       129.6 |         121.7 |      109.8 
 abcijk-ekab-ijec |   3456 |  3456 |    24 | 1.00 | 0.67 |     118.0 |       118.2 |         112.1 |       84.5 
 abcijk-ekac-ijeb |   3456 |  3456 |    24 | 1.00 | 0.67 |     123.4 |       124.3 |         116.6 |       65.5 
 abcijk-ekbc-ijea |   1728 |  6912 |    24 | 1.00 | 1.00 |     128.2 |       129.8 |         122.1 |      109.3 
       abc-bk-akc |    144 | 18432 |   128 | 1.00 | 1.00 |     165.5 |       166.0 |         165.6 |      125.0 

=== c64 ===
             case |      m |     n |     k | regA | regB | plan GF/s | packed GF/s | upstream GF/s | tblis GF/s 
------------------+--------+-------+-------+------+------+-----------+-------------+---------------+------------
         ij-ik-kj |   1464 |  1448 |  1464 | 1.00 | 1.00 |     190.9 |       190.9 |         190.4 |      185.5 
       ij-ikl-ljk |    144 |   128 | 18432 | 1.00 | 1.00 |     121.0 |       120.9 |         115.7 |      117.8 
       ij-kil-lkj |    144 |   128 | 20736 | 1.00 | 1.00 |     117.0 |       116.5 |         110.9 |      108.7 
       ijk-ikl-lj |  18432 |   128 |   144 | 1.00 | 1.00 |     181.1 |       180.9 |         178.4 |      136.0 
       ijk-il-jlk |    144 | 18432 |   128 | 1.00 | 1.00 |     134.9 |       137.3 |         136.9 |      169.2 
       ijk-ilk-jl |  18432 |   144 |   128 | 1.00 | 1.00 |     189.8 |       183.9 |         188.3 |      147.3 
       ijk-ilk-lj |  18432 |   128 |   144 | 1.00 | 1.00 |     184.4 |       184.4 |         182.5 |      144.0 
     ijk-ilmk-mjl |   1920 |    40 |  1920 | 1.00 | 1.00 |     147.9 |       147.9 |         145.3 |      108.4 
   ijkl-imjn-lnkm |   1920 |  1920 |  1600 | 1.00 | 0.90 |     187.4 |       187.4 |         185.8 |      181.1 
   ijkl-imjn-nlmk |   1920 |  1600 |  1920 | 1.00 | 0.90 |     188.1 |       188.1 |         187.4 |      179.7 
   ijkl-imkn-jnlm |   1920 |  1920 |  1600 | 1.00 | 1.00 |     190.2 |       190.3 |         188.1 |      179.3 
   ijkl-imkn-njml |   1920 |  1600 |  1920 | 1.00 | 0.90 |     189.7 |       189.7 |         187.9 |      178.7 
   ijkl-imln-jnkm |   1920 |  1920 |  1600 | 1.00 | 1.00 |     190.9 |       190.9 |         188.6 |      179.4 
   ijkl-imln-njmk |   1920 |  1600 |  1920 | 1.00 | 0.90 |     190.3 |       190.4 |         188.5 |      179.7 
   ijkl-imnj-nlkm |   1920 |  1600 |  1920 | 1.00 | 0.90 |     188.1 |       188.2 |         187.6 |      179.9 
   ijkl-imnk-njml |   1920 |  1600 |  1920 | 1.00 | 0.90 |     190.0 |       190.0 |         188.3 |      179.9 
   ijkl-minj-nlmk |   1920 |  1600 |  2304 | 1.00 | 0.90 |     185.5 |       185.6 |         184.6 |      177.9 
   ijkl-mink-jnlm |   1920 |  1920 |  1920 | 1.00 | 1.00 |     188.4 |       188.2 |         186.0 |      179.7 
   ijkl-minl-njmk |   1920 |  1600 |  2304 | 1.00 | 0.90 |     188.2 |       188.2 |         186.1 |      178.4 
     aqrs-pa-pqrs |     48 | 64000 |    48 | 1.00 | 1.00 |     148.3 |       148.8 |         143.0 |      112.6 
     abrs-qb-aqrs |     40 | 76800 |    48 | 1.00 | 1.00 |     154.7 |       155.8 |         152.0 |      100.7 
     abcs-rc-abrs |     40 | 76800 |    48 | 1.00 | 1.00 |     149.2 |       149.2 |         142.6 |       95.1 
       abj-bka-kj |  20736 |   128 |   144 | 1.00 | 1.00 |     157.6 |       156.6 |         154.2 |      114.5 
       ajb-kba-jk |  18432 |   144 |   144 | 1.00 | 1.00 |     186.8 |       190.6 |         187.7 |      152.5 
     abjc-cbka-kj |  92160 |    40 |    48 | 1.00 | 1.00 |      71.1 |        71.6 |          69.1 |       72.8 
     ajbc-ckba-jk |  92160 |    48 |    40 | 1.00 | 1.00 |      97.3 |        97.3 |          94.8 |      107.0 
     abjc-kbac-jk |  76800 |    48 |    48 | 1.00 | 1.00 |     157.4 |       155.2 |         153.1 |       77.9 
   abjcd-dkbac-jk | 230400 |    24 |    20 | 0.67 | 1.00 |      68.4 |        68.7 |          65.3 |       63.2 
   adbjc-cbdka-kj | 230400 |    20 |    24 | 0.67 | 1.00 |      37.5 |        37.4 |          36.4 |       47.7 
   ajbdc-ckbad-jk | 230400 |    24 |    20 | 1.00 | 1.00 |      58.4 |        58.4 |          56.5 |       67.1 
 abcijk-ijma-mkbc |   6912 |  1728 |    24 | 1.00 | 1.00 |     164.2 |       165.8 |         161.1 |      142.5 
 abcijk-ijmb-mkac |   3456 |  3456 |    24 | 1.00 | 1.00 |     171.7 |       171.6 |         166.1 |      108.2 
 abcijk-ijmc-mkab |   3456 |  3456 |    24 | 1.00 | 1.00 |     168.7 |       168.3 |         165.5 |      139.3 
 abcijk-ikma-mjbc |   6912 |  1728 |    24 | 1.00 | 1.00 |     166.0 |       166.5 |         160.3 |      142.7 
 abcijk-ikmb-mjac |   3456 |  3456 |    24 | 1.00 | 1.00 |     171.5 |       171.0 |         167.0 |      129.0 
 abcijk-ikmc-mjab |   3456 |  3456 |    24 | 1.00 | 1.00 |     168.8 |       168.9 |         165.5 |      125.2 
 abcijk-jkma-mibc |   6912 |  1728 |    24 | 1.00 | 1.00 |     167.4 |       167.3 |         162.3 |      143.2 
 abcijk-jkmb-miac |   3456 |  3456 |    24 | 1.00 | 1.00 |     170.6 |       171.0 |         166.1 |       84.9 
 abcijk-jkmc-miab |   3456 |  3456 |    24 | 1.00 | 1.00 |     167.8 |       166.7 |         163.5 |      100.5 
 abcijk-eiab-jkec |   3456 |  3456 |    24 | 1.00 | 1.00 |     167.5 |       165.8 |         163.6 |      100.8 
 abcijk-eiac-jkeb |   3456 |  3456 |    24 | 1.00 | 1.00 |     171.1 |       171.0 |         165.4 |       83.9 
 abcijk-eibc-jkea |   1728 |  6912 |    24 | 1.00 | 1.00 |     166.1 |       166.6 |         162.2 |      143.3 
 abcijk-ejab-ikec |   3456 |  3456 |    24 | 1.00 | 1.00 |     168.7 |       168.8 |         165.2 |      124.2 
 abcijk-ejac-ikeb |   3456 |  3456 |    24 | 1.00 | 1.00 |     171.6 |       171.4 |         166.9 |      128.2 
 abcijk-ejbc-ikea |   1728 |  6912 |    24 | 1.00 | 1.00 |     166.4 |       166.8 |         161.6 |      142.4 
 abcijk-ekab-ijec |   3456 |  3456 |    24 | 1.00 | 1.00 |     169.1 |       168.7 |         165.8 |      140.0 
 abcijk-ekac-ijeb |   3456 |  3456 |    24 | 1.00 | 1.00 |     174.2 |       170.9 |         166.4 |      108.4 
 abcijk-ekbc-ijea |   1728 |  6912 |    24 | 1.00 | 1.00 |     165.1 |       166.7 |         161.5 |      143.1 
       abc-bk-akc |    144 | 18432 |   128 | 1.00 | 1.00 |     189.7 |       190.7 |         188.2 |      147.0 

=== complex efficiency ratio (c64 GF/s over f64 GF/s; 1.0 = no penalty) ===
             case | plan c64/f64 | packed c64/f64 | upstream c64/f64 | tblis c64/f64 
------------------+--------------+----------------+------------------+---------------
         ij-ik-kj |        1.324 |          1.470 |            1.497 |         1.061 
       ij-ikl-ljk |        1.189 |          1.198 |            1.183 |         1.333 
       ij-kil-lkj |        1.196 |          1.187 |            1.159 |         1.355 
       ijk-ikl-lj |        1.127 |          1.142 |            1.181 |         1.239 
       ijk-il-jlk |        1.091 |          1.096 |            1.165 |         1.190 
       ijk-ilk-jl |        1.137 |          1.209 |            1.154 |         1.175 
       ijk-ilk-lj |        1.112 |          1.091 |            1.155 |         1.195 
     ijk-ilmk-mjl |        1.212 |          1.171 |            1.088 |         1.313 
   ijkl-imjn-lnkm |        1.035 |          1.035 |            1.051 |         1.012 
   ijkl-imjn-nlmk |        1.043 |          1.042 |            1.055 |         1.027 
   ijkl-imkn-jnlm |        1.043 |          1.044 |            1.052 |         1.009 
   ijkl-imkn-njml |        1.049 |          1.047 |            1.061 |         1.033 
   ijkl-imln-jnkm |        1.044 |          1.044 |            1.053 |         1.024 
   ijkl-imln-njmk |        1.049 |          1.050 |            1.061 |         1.033 
   ijkl-imnj-nlkm |        1.044 |          1.045 |            1.063 |         1.020 
   ijkl-imnk-njml |        1.047 |          1.048 |            1.059 |         1.026 
   ijkl-minj-nlmk |        1.046 |          1.048 |            1.060 |         1.039 
   ijkl-mink-jnlm |        1.042 |          1.041 |            1.047 |         1.018 
   ijkl-minl-njmk |        1.048 |          1.048 |            1.059 |         1.051 
     aqrs-pa-pqrs |        1.155 |          1.371 |            1.402 |         1.837 
     abrs-qb-aqrs |        1.214 |          1.186 |            1.209 |         1.372 
     abcs-rc-abrs |        1.249 |          1.250 |            1.375 |         1.529 
       abj-bka-kj |        1.157 |          1.137 |            1.170 |         1.358 
       ajb-kba-jk |        1.205 |          1.198 |            1.216 |         1.202 
     abjc-cbka-kj |        2.513 |          2.602 |            2.686 |         1.802 
     ajbc-ckba-jk |        2.066 |          2.089 |            2.124 |         1.684 
     abjc-kbac-jk |        1.611 |          1.555 |            1.610 |         1.423 
   abjcd-dkbac-jk |        2.184 |          2.209 |            2.220 |         2.110 
   adbjc-cbdka-kj |        2.282 |          2.254 |            2.287 |         2.508 
   ajbdc-ckbad-jk |        1.857 |          1.861 |            1.902 |         2.064 
 abcijk-ijma-mkbc |        1.266 |          1.287 |            1.318 |         1.299 
 abcijk-ijmb-mkac |        1.403 |          1.381 |            1.418 |         1.674 
 abcijk-ijmc-mkab |        1.424 |          1.416 |            1.481 |         1.630 
 abcijk-ikma-mjbc |        1.283 |          1.281 |            1.320 |         1.298 
 abcijk-ikmb-mjac |        1.387 |          1.382 |            1.421 |         1.434 
 abcijk-ikmc-mjab |        1.414 |          1.422 |            1.456 |         1.583 
 abcijk-jkma-mibc |        1.252 |          1.252 |            1.307 |         1.289 
 abcijk-jkmb-miac |        1.381 |          1.385 |            1.453 |         1.759 
 abcijk-jkmc-miab |        1.420 |          1.384 |            1.428 |         1.623 
 abcijk-eiab-jkec |        1.414 |          1.392 |            1.441 |         1.648 
 abcijk-eiac-jkeb |        1.393 |          1.385 |            1.441 |         1.757 
 abcijk-eibc-jkea |        1.244 |          1.249 |            1.314 |         1.293 
 abcijk-ejab-ikec |        1.429 |          1.498 |            1.464 |         1.585 
 abcijk-ejac-ikeb |        1.388 |          1.383 |            1.440 |         1.422 
 abcijk-ejbc-ikea |        1.272 |          1.288 |            1.327 |         1.297 
 abcijk-ekab-ijec |        1.434 |          1.427 |            1.479 |         1.656 
 abcijk-ekac-ijeb |        1.412 |          1.375 |            1.427 |         1.654 
 abcijk-ekbc-ijea |        1.287 |          1.285 |            1.323 |         1.310 
       abc-bk-akc |        1.146 |          1.149 |            1.136 |         1.175 
             MEAN |        1.327 |          1.334 |            1.363 |         1.396 

wrote /home/shinaoka/projects/tensor4all/tprims-rs/benchmarks/benchmarks/tcbench/results/scaling-layout/candidate/A2-16m-4t.pending.csv
