# threads: requested=8 pool=8 budget=8
host        : shinaoka-EVO-X1Pro
target      : x86_64 / linux
cpu features: avx2 fma avx512f avx512dq 
caches      : L1=48KiB/12-way/2sh L2=1024KiB/16-way/2sh L3=8192KiB/16-way/16sh (via sysfs), blocking=legacy
l3 domains  : t1=1 t4=1 t8=1 t16=2
baselines   : tblis=true blas=false
tblis       : abi 2.x, 8 thread(s)

running 49 cases at 16 MiB nominal tensor size, 5 reps, stress=none


=== f64 ===
             case |      m |     n |     k | regA | regB | plan GF/s | packed GF/s | upstream GF/s | tblis GF/s 
------------------+--------+-------+-------+------+------+-----------+-------------+---------------+------------
         ij-ik-kj |   1464 |  1448 |  1464 | 0.00 | 0.00 |     283.5 |       254.2 |         247.4 |      317.3 
       ij-ikl-ljk |    144 |   128 | 18432 | 1.00 | 1.00 |     193.6 |       212.8 |         194.7 |      133.8 
       ij-kil-lkj |    144 |   128 | 20736 | 1.00 | 1.00 |     177.3 |       177.6 |         170.2 |      118.3 
       ijk-ikl-lj |  18432 |   128 |   144 | 1.00 | 1.00 |     272.3 |       281.5 |         265.9 |      168.1 
       ijk-il-jlk |    144 | 18432 |   128 | 1.00 | 1.00 |     289.8 |       292.3 |         267.4 |      263.3 
       ijk-ilk-jl |  18432 |   144 |   128 | 1.00 | 1.00 |     300.5 |       312.5 |         286.4 |      194.8 
       ijk-ilk-lj |  18432 |   128 |   144 | 1.00 | 1.00 |     299.1 |       305.8 |         284.2 |      186.7 
     ijk-ilmk-mjl |   1920 |    40 |  1920 | 1.00 | 1.00 |     171.7 |       216.3 |         191.0 |      152.5 
   ijkl-imjn-lnkm |   1920 |  1920 |  1600 | 1.00 | 1.00 |     332.2 |       331.9 |         322.6 |      331.2 
   ijkl-imjn-nlmk |   1920 |  1600 |  1920 | 1.00 | 1.00 |     327.7 |       328.2 |         319.1 |      327.3 
   ijkl-imkn-jnlm |   1920 |  1920 |  1600 | 1.00 | 1.00 |     347.3 |       346.8 |         339.5 |      324.9 
   ijkl-imkn-njml |   1920 |  1600 |  1920 | 1.00 | 1.00 |     344.0 |       346.1 |         338.9 |      325.2 
   ijkl-imln-jnkm |   1920 |  1920 |  1600 | 1.00 | 1.00 |     350.2 |       348.5 |         344.5 |      325.6 
   ijkl-imln-njmk |   1920 |  1600 |  1920 | 1.00 | 1.00 |     344.5 |       343.1 |         343.7 |      326.1 
   ijkl-imnj-nlkm |   1920 |  1600 |  1920 | 1.00 | 1.00 |     325.5 |       324.9 |         317.2 |      332.1 
   ijkl-imnk-njml |   1920 |  1600 |  1920 | 1.00 | 1.00 |     340.9 |       344.6 |         339.0 |      330.3 
   ijkl-minj-nlmk |   1920 |  1600 |  2304 | 1.00 | 1.00 |     324.8 |       325.4 |         317.2 |      313.9 
   ijkl-mink-jnlm |   1920 |  1920 |  1920 | 1.00 | 1.00 |     347.8 |       347.9 |         342.4 |      327.9 
   ijkl-minl-njmk |   1920 |  1600 |  2304 | 1.00 | 1.00 |     337.5 |       337.5 |         327.7 |      314.1 
     aqrs-pa-pqrs |     48 | 64000 |    48 | 0.00 | 0.00 |     198.6 |       174.0 |         155.5 |      105.9 
     abrs-qb-aqrs |     40 | 76800 |    48 | 1.00 | 1.00 |     193.5 |       195.3 |         177.1 |      106.0 
     abcs-rc-abrs |     40 | 76800 |    48 | 1.00 | 1.00 |     152.2 |       154.1 |         140.0 |       70.4 
       abj-bka-kj |  20736 |   128 |   144 | 1.00 | 1.00 |     186.4 |       188.1 |         175.1 |      117.0 
       ajb-kba-jk |  18432 |   144 |   144 | 1.00 | 1.00 |     246.6 |       270.6 |         266.4 |      197.0 
     abjc-cbka-kj |  92160 |    40 |    48 | 1.00 | 1.00 |      41.9 |        42.6 |          41.8 |       62.4 
     ajbc-ckba-jk |  92160 |    48 |    40 | 1.00 | 1.00 |      70.1 |        69.7 |          66.6 |       87.3 
     abjc-kbac-jk |  76800 |    48 |    48 | 1.00 | 1.00 |     144.9 |       145.3 |         137.9 |       76.6 
   abjcd-dkbac-jk | 230400 |    24 |    20 | 1.00 | 1.00 |      48.5 |        48.4 |          46.5 |       43.0 
   adbjc-cbdka-kj | 230400 |    20 |    24 | 1.00 | 1.00 |      27.4 |        27.3 |          26.3 |       24.1 
   ajbdc-ckbad-jk | 230400 |    24 |    20 | 1.00 | 1.00 |      48.9 |        48.8 |          46.5 |       46.6 
 abcijk-ijma-mkbc |   6912 |  1728 |    24 | 1.00 | 1.00 |     160.9 |       159.9 |         156.0 |      146.4 
 abcijk-ijmb-mkac |   3456 |  3456 |    24 | 1.00 | 0.67 |     158.1 |       159.3 |         152.9 |       86.2 
 abcijk-ijmc-mkab |   3456 |  3456 |    24 | 1.00 | 0.67 |     156.9 |       155.1 |         152.4 |      106.5 
 abcijk-ikma-mjbc |   6912 |  1728 |    24 | 1.00 | 1.00 |     160.2 |       160.1 |         154.2 |      148.6 
 abcijk-ikmb-mjac |   3456 |  3456 |    24 | 1.00 | 0.67 |     158.2 |       159.6 |         151.5 |      120.5 
 abcijk-ikmc-mjab |   3456 |  3456 |    24 | 1.00 | 0.67 |     158.7 |       156.9 |         147.8 |      111.6 
 abcijk-jkma-mibc |   6912 |  1728 |    24 | 1.00 | 1.00 |     161.9 |       157.0 |         153.5 |      150.5 
 abcijk-jkmb-miac |   3456 |  3456 |    24 | 1.00 | 0.67 |     158.5 |       159.1 |         151.9 |       77.5 
 abcijk-jkmc-miab |   3456 |  3456 |    24 | 1.00 | 0.67 |     156.8 |       155.0 |         154.1 |       86.9 
 abcijk-eiab-jkec |   3456 |  3456 |    24 | 1.00 | 0.67 |     158.6 |       155.8 |         154.2 |       85.7 
 abcijk-eiac-jkeb |   3456 |  3456 |    24 | 1.00 | 0.67 |     158.5 |       159.5 |         149.8 |       78.1 
 abcijk-eibc-jkea |   1728 |  6912 |    24 | 1.00 | 1.00 |     161.6 |       159.1 |         154.4 |      149.9 
 abcijk-ejab-ikec |   3456 |  3456 |    24 | 1.00 | 0.67 |     159.1 |       158.4 |         153.4 |      111.5 
 abcijk-ejac-ikeb |   3456 |  3456 |    24 | 1.00 | 0.67 |     157.8 |       158.1 |         151.4 |      120.6 
 abcijk-ejbc-ikea |   1728 |  6912 |    24 | 1.00 | 1.00 |     161.4 |       159.4 |         154.4 |      147.4 
 abcijk-ekab-ijec |   3456 |  3456 |    24 | 1.00 | 0.67 |     157.4 |       156.3 |         154.6 |      107.9 
 abcijk-ekac-ijeb |   3456 |  3456 |    24 | 1.00 | 0.67 |     159.1 |       156.6 |         152.2 |       82.5 
 abcijk-ekbc-ijea |   1728 |  6912 |    24 | 1.00 | 1.00 |     159.9 |       159.5 |         153.2 |      148.4 
       abc-bk-akc |    144 | 18432 |   128 | 1.00 | 1.00 |     292.8 |       256.8 |         289.9 |      195.3 

=== c64 ===
             case |      m |     n |     k | regA | regB | plan GF/s | packed GF/s | upstream GF/s | tblis GF/s 
------------------+--------+-------+-------+------+------+-----------+-------------+---------------+------------
         ij-ik-kj |   1464 |  1448 |  1464 | 1.00 | 1.00 |     348.8 |       348.3 |         344.2 |      359.7 
       ij-ikl-ljk |    144 |   128 | 18432 | 1.00 | 1.00 |     167.5 |       168.3 |         159.7 |      192.9 
       ij-kil-lkj |    144 |   128 | 20736 | 1.00 | 1.00 |     164.5 |       163.7 |         156.5 |      171.8 
       ijk-ikl-lj |  18432 |   128 |   144 | 1.00 | 1.00 |     345.2 |       346.7 |         338.5 |      229.8 
       ijk-il-jlk |    144 | 18432 |   128 | 1.00 | 1.00 |     201.7 |       201.2 |         200.9 |      330.0 
       ijk-ilk-jl |  18432 |   144 |   128 | 1.00 | 1.00 |     366.8 |       368.6 |         362.7 |      257.2 
       ijk-ilk-lj |  18432 |   128 |   144 | 1.00 | 1.00 |     348.4 |       343.9 |         350.7 |      252.2 
     ijk-ilmk-mjl |   1920 |    40 |  1920 | 1.00 | 1.00 |     248.4 |       272.0 |         258.0 |      201.0 
   ijkl-imjn-lnkm |   1920 |  1920 |  1600 | 1.00 | 0.90 |     348.6 |       348.3 |         342.6 |      351.6 
   ijkl-imjn-nlmk |   1920 |  1600 |  1920 | 1.00 | 0.90 |     352.4 |       352.3 |         351.1 |      352.1 
   ijkl-imkn-jnlm |   1920 |  1920 |  1600 | 1.00 | 1.00 |     361.5 |       361.4 |         355.8 |      345.1 
   ijkl-imkn-njml |   1920 |  1600 |  1920 | 1.00 | 0.90 |     358.1 |       358.2 |         352.5 |      350.3 
   ijkl-imln-jnkm |   1920 |  1920 |  1600 | 1.00 | 1.00 |     363.0 |       363.0 |         356.5 |      348.4 
   ijkl-imln-njmk |   1920 |  1600 |  1920 | 1.00 | 0.90 |     359.5 |       359.1 |         352.8 |      353.1 
   ijkl-imnj-nlkm |   1920 |  1600 |  1920 | 1.00 | 0.90 |     353.8 |       354.4 |         352.3 |      353.6 
   ijkl-imnk-njml |   1920 |  1600 |  1920 | 1.00 | 0.90 |     359.9 |       359.3 |         353.0 |      352.1 
   ijkl-minj-nlmk |   1920 |  1600 |  2304 | 1.00 | 0.90 |     354.0 |       354.5 |         352.2 |      350.7 
   ijkl-mink-jnlm |   1920 |  1920 |  1920 | 1.00 | 1.00 |     364.7 |       363.7 |         359.1 |      350.1 
   ijkl-minl-njmk |   1920 |  1600 |  2304 | 1.00 | 0.90 |     360.1 |       359.8 |         354.3 |      350.9 
     aqrs-pa-pqrs |     48 | 64000 |    48 | 1.00 | 1.00 |     255.5 |       272.8 |         263.2 |      199.9 
     abrs-qb-aqrs |     40 | 76800 |    48 | 1.00 | 1.00 |     287.1 |       287.2 |         278.3 |      139.4 
     abcs-rc-abrs |     40 | 76800 |    48 | 1.00 | 1.00 |     255.0 |       252.7 |         244.9 |      130.4 
       abj-bka-kj |  20736 |   128 |   144 | 1.00 | 1.00 |     286.3 |       276.6 |         273.3 |      193.9 
       ajb-kba-jk |  18432 |   144 |   144 | 1.00 | 1.00 |     364.5 |       361.3 |         360.6 |      266.8 
     abjc-cbka-kj |  92160 |    40 |    48 | 1.00 | 1.00 |     121.6 |       120.1 |         115.2 |      106.6 
     ajbc-ckba-jk |  92160 |    48 |    40 | 1.00 | 1.00 |     158.7 |       162.4 |          34.3 |      146.3 
     abjc-kbac-jk |  76800 |    48 |    48 | 1.00 | 1.00 |     287.0 |       289.0 |         196.6 |      130.4 
   abjcd-dkbac-jk | 230400 |    24 |    20 | 0.67 | 1.00 |      99.7 |        98.8 |          94.7 |       81.5 
   adbjc-cbdka-kj | 230400 |    20 |    24 | 0.67 | 1.00 |      67.0 |        63.7 |          62.8 |       62.7 
   ajbdc-ckbad-jk | 230400 |    24 |    20 | 1.00 | 1.00 |      95.1 |        94.8 |          28.5 |       90.6 
 abcijk-ijma-mkbc |   6912 |  1728 |    24 | 1.00 | 1.00 |     270.2 |       274.8 |         219.7 |      233.1 
 abcijk-ijmb-mkac |   3456 |  3456 |    24 | 1.00 | 1.00 |     275.5 |       272.8 |         277.9 |      171.8 
 abcijk-ijmc-mkab |   3456 |  3456 |    24 | 1.00 | 1.00 |     261.4 |       259.7 |         258.0 |      220.1 
 abcijk-ikma-mjbc |   6912 |  1728 |    24 | 1.00 | 1.00 |     275.7 |       274.7 |         216.7 |      233.1 
 abcijk-ikmb-mjac |   3456 |  3456 |    24 | 1.00 | 1.00 |     276.9 |       275.6 |         275.3 |      204.4 
 abcijk-ikmc-mjab |   3456 |  3456 |    24 | 1.00 | 1.00 |     263.1 |       263.5 |         256.0 |      197.1 
 abcijk-jkma-mibc |   6912 |  1728 |    24 | 1.00 | 1.00 |     277.3 |       276.5 |         220.6 |      234.8 
 abcijk-jkmb-miac |   3456 |  3456 |    24 | 1.00 | 1.00 |     272.2 |       274.0 |         280.5 |      135.4 
 abcijk-jkmc-miab |   3456 |  3456 |    24 | 1.00 | 1.00 |     260.8 |       261.7 |         257.9 |      156.3 
 abcijk-eiab-jkec |   3456 |  3456 |    24 | 1.00 | 1.00 |     259.6 |       259.8 |         255.6 |      157.9 
 abcijk-eiac-jkeb |   3456 |  3456 |    24 | 1.00 | 1.00 |     275.0 |       275.5 |         280.0 |      135.3 
 abcijk-eibc-jkea |   1728 |  6912 |    24 | 1.00 | 1.00 |     276.5 |       276.8 |         220.0 |      235.1 
 abcijk-ejab-ikec |   3456 |  3456 |    24 | 1.00 | 1.00 |     262.6 |       262.5 |         254.8 |      196.7 
 abcijk-ejac-ikeb |   3456 |  3456 |    24 | 1.00 | 1.00 |     278.1 |       275.2 |         276.1 |      205.1 
 abcijk-ejbc-ikea |   1728 |  6912 |    24 | 1.00 | 1.00 |     276.5 |       276.5 |         218.3 |      233.1 
 abcijk-ekab-ijec |   3456 |  3456 |    24 | 1.00 | 1.00 |     261.2 |       261.4 |         256.5 |      219.8 
 abcijk-ekac-ijeb |   3456 |  3456 |    24 | 1.00 | 1.00 |     274.6 |       273.3 |         270.4 |      172.9 
 abcijk-ekbc-ijea |   1728 |  6912 |    24 | 1.00 | 1.00 |     274.2 |       276.0 |         220.5 |      233.0 
       abc-bk-akc |    144 | 18432 |   128 | 1.00 | 1.00 |     366.9 |       367.1 |         358.5 |      258.1 

=== complex efficiency ratio (c64 GF/s over f64 GF/s; 1.0 = no penalty) ===
             case | plan c64/f64 | packed c64/f64 | upstream c64/f64 | tblis c64/f64 
------------------+--------------+----------------+------------------+---------------
         ij-ik-kj |        1.231 |          1.370 |            1.391 |         1.134 
       ij-ikl-ljk |        0.865 |          0.791 |            0.820 |         1.442 
       ij-kil-lkj |        0.928 |          0.922 |            0.920 |         1.452 
       ijk-ikl-lj |        1.267 |          1.232 |            1.273 |         1.367 
       ijk-il-jlk |        0.696 |          0.688 |            0.751 |         1.253 
       ijk-ilk-jl |        1.221 |          1.179 |            1.266 |         1.321 
       ijk-ilk-lj |        1.165 |          1.125 |            1.234 |         1.351 
     ijk-ilmk-mjl |        1.447 |          1.257 |            1.351 |         1.318 
   ijkl-imjn-lnkm |        1.049 |          1.049 |            1.062 |         1.061 
   ijkl-imjn-nlmk |        1.075 |          1.073 |            1.101 |         1.076 
   ijkl-imkn-jnlm |        1.041 |          1.042 |            1.048 |         1.062 
   ijkl-imkn-njml |        1.041 |          1.035 |            1.040 |         1.077 
   ijkl-imln-jnkm |        1.036 |          1.041 |            1.035 |         1.070 
   ijkl-imln-njmk |        1.043 |          1.047 |            1.026 |         1.083 
   ijkl-imnj-nlkm |        1.087 |          1.091 |            1.111 |         1.065 
   ijkl-imnk-njml |        1.056 |          1.043 |            1.041 |         1.066 
   ijkl-minj-nlmk |        1.090 |          1.089 |            1.110 |         1.117 
   ijkl-mink-jnlm |        1.049 |          1.045 |            1.049 |         1.068 
   ijkl-minl-njmk |        1.067 |          1.066 |            1.081 |         1.117 
     aqrs-pa-pqrs |        1.286 |          1.568 |            1.692 |         1.888 
     abrs-qb-aqrs |        1.484 |          1.471 |            1.571 |         1.316 
     abcs-rc-abrs |        1.675 |          1.639 |            1.749 |         1.853 
       abj-bka-kj |        1.535 |          1.471 |            1.561 |         1.657 
       ajb-kba-jk |        1.478 |          1.335 |            1.354 |         1.354 
     abjc-cbka-kj |        2.905 |          2.816 |            2.754 |         1.708 
     ajbc-ckba-jk |        2.264 |          2.329 |            0.515 |         1.676 
     abjc-kbac-jk |        1.981 |          1.989 |            1.426 |         1.702 
   abjcd-dkbac-jk |        2.057 |          2.040 |            2.038 |         1.896 
   adbjc-cbdka-kj |        2.446 |          2.330 |            2.382 |         2.608 
   ajbdc-ckbad-jk |        1.946 |          1.943 |            0.612 |         1.944 
 abcijk-ijma-mkbc |        1.680 |          1.718 |            1.409 |         1.592 
 abcijk-ijmb-mkac |        1.743 |          1.712 |            1.817 |         1.992 
 abcijk-ijmc-mkab |        1.666 |          1.674 |            1.693 |         2.066 
 abcijk-ikma-mjbc |        1.721 |          1.716 |            1.406 |         1.569 
 abcijk-ikmb-mjac |        1.750 |          1.727 |            1.817 |         1.697 
 abcijk-ikmc-mjab |        1.658 |          1.680 |            1.732 |         1.765 
 abcijk-jkma-mibc |        1.712 |          1.762 |            1.438 |         1.560 
 abcijk-jkmb-miac |        1.717 |          1.722 |            1.847 |         1.748 
 abcijk-jkmc-miab |        1.663 |          1.688 |            1.673 |         1.800 
 abcijk-eiab-jkec |        1.637 |          1.667 |            1.658 |         1.842 
 abcijk-eiac-jkeb |        1.735 |          1.727 |            1.868 |         1.732 
 abcijk-eibc-jkea |        1.711 |          1.739 |            1.425 |         1.568 
 abcijk-ejab-ikec |        1.650 |          1.657 |            1.661 |         1.764 
 abcijk-ejac-ikeb |        1.762 |          1.741 |            1.823 |         1.702 
 abcijk-ejbc-ikea |        1.713 |          1.735 |            1.414 |         1.581 
 abcijk-ekab-ijec |        1.660 |          1.672 |            1.658 |         2.037 
 abcijk-ekac-ijeb |        1.726 |          1.745 |            1.776 |         2.096 
 abcijk-ekbc-ijea |        1.715 |          1.730 |            1.439 |         1.571 
       abc-bk-akc |        1.253 |          1.429 |            1.237 |         1.322 
             MEAN |        1.498 |          1.497 |            1.411 |         1.533 

wrote /home/shinaoka/projects/tensor4all/tprims-rs/benchmarks/benchmarks/tcbench/results/scaling-layout/candidate/A2-16m-8t.pending.csv
