# threads: requested=4 pool=4 budget=4
host        : shinaoka-EVO-X1Pro
target      : x86_64 / linux
cpu features: avx2 fma avx512f avx512dq 
caches      : L1=48KiB/12-way/2sh L2=1024KiB/16-way/2sh L3=8192KiB/16-way/16sh (via sysfs), blocking=legacy
l3 domains  : t1=1 t4=1 t8=1
baselines   : tblis=true blas=false
tblis       : abi 2.x, 4 thread(s)

running 49 cases at 1 MiB nominal tensor size, 5 reps, stress=none


=== f64 ===
             case |     m |    n |    k | regA | regB | plan GF/s | packed GF/s | upstream GF/s | tblis GF/s 
------------------+-------+------+------+------+------+-----------+-------------+---------------+------------
         ij-ik-kj |   384 |  364 |  384 | 0.00 | 0.00 |     144.9 |       134.0 |         119.3 |      105.3 
       ij-ikl-ljk |    72 |   52 | 3744 | 1.00 | 1.00 |      65.3 |        63.6 |          52.5 |       38.0 
       ij-kil-lkj |    72 |   52 | 5184 | 1.00 | 1.00 |      61.7 |        61.7 |          52.7 |       38.2 
       ijk-ikl-lj |  3744 |   52 |   72 | 1.00 | 1.00 |     112.5 |       113.1 |          85.1 |       69.5 
       ijk-il-jlk |    72 | 3744 |   52 | 1.00 | 1.00 |      42.9 |       117.5 |          93.9 |       75.8 
       ijk-ilk-jl |  3744 |   72 |   52 | 1.00 | 1.00 |     132.4 |       135.7 |         103.4 |       88.3 
       ijk-ilk-lj |  3744 |   52 |   72 | 1.00 | 1.00 |     147.8 |       149.2 |         117.0 |       93.7 
     ijk-ilmk-mjl |   480 |   20 |  480 | 1.00 | 1.00 |     120.6 |       119.7 |          66.8 |       53.1 
   ijkl-imjn-lnkm |   480 |  480 |  400 | 1.00 | 0.80 |     185.1 |       186.3 |         162.5 |      143.7 
   ijkl-imjn-nlmk |   480 |  400 |  480 | 1.00 | 0.80 |     186.7 |       191.1 |         175.8 |      150.5 
   ijkl-imkn-jnlm |   480 |  480 |  400 | 1.00 | 1.00 |     190.0 |       191.0 |         170.0 |      149.6 
   ijkl-imkn-njml |   480 |  400 |  480 | 1.00 | 0.80 |     192.7 |       193.2 |         174.1 |      150.2 
   ijkl-imln-jnkm |   480 |  480 |  400 | 1.00 | 1.00 |     187.7 |       191.0 |         167.0 |      149.5 
   ijkl-imln-njmk |   480 |  400 |  480 | 1.00 | 0.80 |     193.3 |       193.7 |         177.7 |      152.4 
   ijkl-imnj-nlkm |   480 |  400 |  480 | 1.00 | 0.80 |     188.8 |       188.5 |         173.6 |      152.5 
   ijkl-imnk-njml |   480 |  400 |  480 | 1.00 | 0.80 |     193.9 |       194.0 |         178.3 |      152.0 
   ijkl-minj-nlmk |   480 |  400 |  576 | 1.00 | 0.80 |     187.6 |       188.3 |         172.3 |      148.0 
   ijkl-mink-jnlm |   480 |  480 |  480 | 1.00 | 1.00 |     188.6 |       191.1 |         175.9 |      149.9 
   ijkl-minl-njmk |   480 |  400 |  576 | 1.00 | 0.80 |     188.7 |       189.7 |         171.2 |      152.3 
     aqrs-pa-pqrs |    24 | 8000 |   24 | 0.00 | 0.00 |      39.1 |        96.5 |          76.3 |       43.5 
     abrs-qb-aqrs |    20 | 9600 |   24 | 1.00 | 1.00 |     105.3 |       106.0 |          68.5 |       40.3 
     abcs-rc-abrs |    20 | 9600 |   24 | 1.00 | 1.00 |     103.2 |       104.8 |          71.3 |       40.1 
       abj-bka-kj |  5184 |   52 |   72 | 1.00 | 1.00 |     128.1 |       128.8 |         105.6 |       84.0 
       ajb-kba-jk |  3744 |   72 |   72 | 1.00 | 1.00 |     160.5 |       166.1 |         129.4 |      114.2 
     abjc-cbka-kj | 11520 |   20 |   24 | 1.00 | 1.00 |      50.5 |        49.9 |          37.2 |       37.9 
     ajbc-ckba-jk | 11520 |   24 |   20 | 1.00 | 1.00 |      74.7 |        76.8 |          53.1 |       43.2 
     abjc-kbac-jk |  9600 |   24 |   24 | 1.00 | 1.00 |     108.9 |       113.9 |          72.4 |       47.7 
   abjcd-dkbac-jk | 82944 |   24 |   12 | 1.00 | 1.00 |      36.7 |        39.8 |          35.7 |       22.9 
   adbjc-cbdka-kj | 82944 |   12 |   24 | 1.00 | 1.00 |       8.8 |         9.2 |           8.7 |       19.0 
   ajbdc-ckbad-jk | 82944 |   24 |   12 | 1.00 | 1.00 |      39.0 |        39.2 |          34.3 |       24.5 
 abcijk-ijma-mkbc |  4608 |  512 |   24 | 1.00 | 1.00 |     132.4 |       132.3 |         116.3 |      100.9 
 abcijk-ijmb-mkac |  1536 | 1536 |   24 | 1.00 | 1.00 |      90.0 |       151.1 |         132.8 |       63.1 
 abcijk-ijmc-mkab |  1536 | 1536 |   24 | 1.00 | 1.00 |     133.2 |       131.4 |         123.2 |       95.9 
 abcijk-ikma-mjbc |  4608 |  512 |   24 | 1.00 | 1.00 |     127.5 |       131.0 |         113.9 |       99.7 
 abcijk-ikmb-mjac |  1536 | 1536 |   24 | 1.00 | 1.00 |     135.2 |       139.3 |         128.1 |       98.0 
 abcijk-ikmc-mjab |  1536 | 1536 |   24 | 1.00 | 1.00 |     136.3 |       144.3 |         125.4 |       81.9 
 abcijk-jkma-mibc |  4608 |  512 |   24 | 1.00 | 1.00 |     129.0 |       129.9 |         122.5 |      111.4 
 abcijk-jkmb-miac |  1536 | 1536 |   24 | 1.00 | 1.00 |     143.2 |       144.0 |         129.1 |       59.4 
 abcijk-jkmc-miab |  1536 | 1536 |   24 | 1.00 | 1.00 |     138.9 |       142.4 |         115.3 |       82.6 
 abcijk-eiab-jkec |  1536 | 1536 |   24 | 1.00 | 1.00 |     141.2 |       115.1 |         124.9 |       80.4 
 abcijk-eiac-jkeb |  1536 | 1536 |   24 | 1.00 | 1.00 |     147.2 |       140.8 |         131.7 |       60.5 
 abcijk-eibc-jkea |   512 | 4608 |   24 | 1.00 | 1.00 |     128.8 |       136.4 |         119.5 |      109.5 
 abcijk-ejab-ikec |  1536 | 1536 |   24 | 1.00 | 1.00 |     137.6 |       136.3 |         118.8 |       82.4 
 abcijk-ejac-ikeb |  1536 | 1536 |   24 | 1.00 | 1.00 |     135.8 |       152.6 |         122.9 |       97.3 
 abcijk-ejbc-ikea |   512 | 4608 |   24 | 1.00 | 1.00 |     120.2 |       130.6 |         114.9 |       99.6 
 abcijk-ekab-ijec |  1536 | 1536 |   24 | 1.00 | 1.00 |     138.8 |       143.1 |         118.7 |       91.0 
 abcijk-ekac-ijeb |  1536 | 1536 |   24 | 1.00 | 1.00 |      94.7 |       140.3 |         133.0 |       62.2 
 abcijk-ekbc-ijea |   512 | 4608 |   24 | 1.00 | 1.00 |      93.9 |       133.3 |         120.7 |      100.6 
       abc-bk-akc |    72 | 3744 |   52 | 1.00 | 1.00 |     167.5 |       169.7 |         128.1 |      108.8 

=== c64 ===
             case |     m |    n |    k | regA | regB | plan GF/s | packed GF/s | upstream GF/s | tblis GF/s 
------------------+-------+------+------+------+------+-----------+-------------+---------------+------------
         ij-ik-kj |   384 |  364 |  384 | 1.00 | 1.00 |     137.5 |       137.8 |         131.5 |      124.8 
       ij-ikl-ljk |    72 |   52 | 3744 | 1.00 | 1.00 |      65.2 |        65.3 |          61.0 |       78.2 
       ij-kil-lkj |    72 |   52 | 5184 | 1.00 | 1.00 |      59.7 |        59.7 |          55.6 |       75.2 
       ijk-ikl-lj |  3744 |   52 |   72 | 1.00 | 1.00 |     123.7 |       124.5 |         112.8 |       91.6 
       ijk-il-jlk |    72 | 3744 |   52 | 1.00 | 1.00 |      71.6 |        65.0 |          69.7 |      118.3 
       ijk-ilk-jl |  3744 |   72 |   52 | 0.89 | 1.00 |     153.6 |       154.4 |         142.8 |      128.8 
       ijk-ilk-lj |  3744 |   52 |   72 | 0.89 | 1.00 |     172.4 |       172.3 |         155.1 |      125.7 
     ijk-ilmk-mjl |   480 |   20 |  480 | 0.67 | 1.00 |     130.1 |       131.1 |         109.4 |      113.1 
   ijkl-imjn-lnkm |   480 |  480 |  400 | 0.67 | 0.80 |     174.1 |       105.8 |         167.6 |      166.2 
   ijkl-imjn-nlmk |   480 |  400 |  480 | 0.67 | 0.81 |     175.4 |       174.0 |         169.5 |      164.9 
   ijkl-imkn-jnlm |   480 |  480 |  400 | 0.67 | 1.00 |     174.3 |       174.2 |         168.8 |      168.0 
   ijkl-imkn-njml |   480 |  400 |  480 | 0.67 | 0.81 |     176.4 |       176.3 |         171.1 |      166.8 
   ijkl-imln-jnkm |   480 |  480 |  400 | 0.67 | 1.00 |     175.1 |       175.2 |         170.2 |      167.0 
   ijkl-imln-njmk |   480 |  400 |  480 | 0.67 | 0.81 |     177.1 |       175.1 |         172.2 |      169.4 
   ijkl-imnj-nlkm |   480 |  400 |  480 | 0.67 | 0.81 |     176.0 |       175.8 |         172.0 |      170.6 
   ijkl-imnk-njml |   480 |  400 |  480 | 0.67 | 0.81 |     176.3 |       145.6 |         171.8 |      170.5 
   ijkl-minj-nlmk |   480 |  400 |  576 | 0.67 | 0.81 |     169.5 |       168.3 |         164.1 |      161.5 
   ijkl-mink-jnlm |   480 |  480 |  480 | 0.67 | 1.00 |     174.1 |       170.0 |         167.6 |      166.9 
   ijkl-minl-njmk |   480 |  400 |  576 | 0.67 | 0.81 |     168.6 |       170.9 |         165.2 |      165.4 
     aqrs-pa-pqrs |    24 | 8000 |   24 | 1.00 | 1.00 |     102.8 |       104.6 |          84.2 |       90.8 
     abrs-qb-aqrs |    20 | 9600 |   24 | 1.00 | 1.00 |     146.4 |       149.9 |         114.8 |       78.9 
     abcs-rc-abrs |    20 | 9600 |   24 | 1.00 | 1.00 |     130.4 |       130.7 |         106.0 |       80.5 
       abj-bka-kj |  5184 |   52 |   72 | 0.89 | 1.00 |     156.2 |       155.4 |         143.2 |      100.3 
       ajb-kba-jk |  3744 |   72 |   72 | 0.89 | 1.00 |      88.9 |       177.3 |         158.6 |      131.0 
     abjc-cbka-kj | 11520 |   20 |   24 | 0.67 | 1.00 |      92.8 |        94.7 |          81.7 |       71.8 
     ajbc-ckba-jk | 11520 |   24 |   20 | 1.00 | 1.00 |     104.0 |       101.9 |          92.9 |       70.2 
     abjc-kbac-jk |  9600 |   24 |   24 | 0.67 | 1.00 |     142.8 |       148.1 |         123.9 |       83.7 
   abjcd-dkbac-jk | 82944 |   24 |   12 | 0.67 | 1.00 |      61.3 |        60.6 |          57.5 |       47.3 
   adbjc-cbdka-kj | 82944 |   12 |   24 | 0.67 | 1.00 |      30.0 |        29.1 |          29.0 |       33.1 
   ajbdc-ckbad-jk | 82944 |   24 |   12 | 1.00 | 1.00 |      61.0 |        60.0 |          54.8 |       48.3 
 abcijk-ijma-mkbc |  4608 |  512 |   24 | 1.00 | 0.97 |     158.7 |       157.1 |         147.8 |      124.1 
 abcijk-ijmb-mkac |  1536 | 1536 |   24 | 1.00 | 0.75 |     171.1 |       164.3 |         159.8 |      114.2 
 abcijk-ijmc-mkab |  1536 | 1536 |   24 | 1.00 | 0.50 |     166.0 |       163.8 |         157.8 |      132.6 
 abcijk-ikma-mjbc |  4608 |  512 |   24 | 1.00 | 0.97 |     155.7 |       157.7 |         148.9 |      124.0 
 abcijk-ikmb-mjac |  1536 | 1536 |   24 | 1.00 | 0.75 |     171.3 |       168.2 |         159.2 |      122.1 
 abcijk-ikmc-mjab |  1536 | 1536 |   24 | 1.00 | 0.50 |     166.7 |       163.8 |         160.0 |      123.0 
 abcijk-jkma-mibc |  4608 |  512 |   24 | 1.00 | 0.97 |     157.1 |       156.9 |         150.5 |      135.3 
 abcijk-jkmb-miac |  1536 | 1536 |   24 | 1.00 | 0.75 |     166.9 |       169.3 |         159.6 |      100.6 
 abcijk-jkmc-miab |  1536 | 1536 |   24 | 1.00 | 0.50 |     165.1 |       165.3 |         153.5 |      119.2 
 abcijk-eiab-jkec |  1536 | 1536 |   24 | 1.00 | 0.50 |     165.0 |       164.2 |         155.1 |      119.7 
 abcijk-eiac-jkeb |  1536 | 1536 |   24 | 1.00 | 0.75 |     168.2 |       167.0 |         159.6 |      101.7 
 abcijk-eibc-jkea |   512 | 4608 |   24 | 1.00 | 0.97 |     135.2 |       155.5 |         151.0 |      136.1 
 abcijk-ejab-ikec |  1536 | 1536 |   24 | 1.00 | 0.50 |     164.5 |       117.8 |         159.8 |      126.8 
 abcijk-ejac-ikeb |  1536 | 1536 |   24 | 1.00 | 0.75 |     167.7 |       169.7 |         158.8 |      121.5 
 abcijk-ejbc-ikea |   512 | 4608 |   24 | 1.00 | 0.97 |     153.4 |       152.4 |         147.9 |      123.1 
 abcijk-ekab-ijec |  1536 | 1536 |   24 | 1.00 | 0.50 |     166.7 |       164.3 |         159.5 |      133.2 
 abcijk-ekac-ijeb |  1536 | 1536 |   24 | 1.00 | 0.75 |     169.9 |       168.3 |         159.9 |      113.0 
 abcijk-ekbc-ijea |   512 | 4608 |   24 | 1.00 | 0.97 |     151.8 |       139.1 |         149.1 |      124.0 
       abc-bk-akc |    72 | 3744 |   52 | 0.89 | 1.00 |     178.4 |       178.4 |         165.2 |      144.3 

=== complex efficiency ratio (c64 GF/s over f64 GF/s; 1.0 = no penalty) ===
             case | plan c64/f64 | packed c64/f64 | upstream c64/f64 | tblis c64/f64 
------------------+--------------+----------------+------------------+---------------
         ij-ik-kj |        0.949 |          1.028 |            1.102 |         1.185 
       ij-ikl-ljk |        0.998 |          1.026 |            1.163 |         2.056 
       ij-kil-lkj |        0.968 |          0.967 |            1.055 |         1.967 
       ijk-ikl-lj |        1.100 |          1.101 |            1.325 |         1.318 
       ijk-il-jlk |        1.670 |          0.553 |            0.742 |         1.559 
       ijk-ilk-jl |        1.161 |          1.137 |            1.381 |         1.459 
       ijk-ilk-lj |        1.166 |          1.155 |            1.326 |         1.341 
     ijk-ilmk-mjl |        1.079 |          1.096 |            1.638 |         2.128 
   ijkl-imjn-lnkm |        0.940 |          0.568 |            1.031 |         1.157 
   ijkl-imjn-nlmk |        0.939 |          0.911 |            0.964 |         1.096 
   ijkl-imkn-jnlm |        0.918 |          0.912 |            0.993 |         1.123 
   ijkl-imkn-njml |        0.915 |          0.912 |            0.982 |         1.111 
   ijkl-imln-jnkm |        0.933 |          0.917 |            1.019 |         1.117 
   ijkl-imln-njmk |        0.916 |          0.904 |            0.969 |         1.112 
   ijkl-imnj-nlkm |        0.933 |          0.932 |            0.991 |         1.118 
   ijkl-imnk-njml |        0.909 |          0.751 |            0.964 |         1.122 
   ijkl-minj-nlmk |        0.904 |          0.894 |            0.953 |         1.091 
   ijkl-mink-jnlm |        0.923 |          0.890 |            0.953 |         1.114 
   ijkl-minl-njmk |        0.893 |          0.901 |            0.965 |         1.086 
     aqrs-pa-pqrs |        2.630 |          1.084 |            1.104 |         2.086 
     abrs-qb-aqrs |        1.390 |          1.415 |            1.676 |         1.957 
     abcs-rc-abrs |        1.264 |          1.247 |            1.487 |         2.010 
       abj-bka-kj |        1.219 |          1.207 |            1.356 |         1.195 
       ajb-kba-jk |        0.554 |          1.067 |            1.226 |         1.147 
     abjc-cbka-kj |        1.839 |          1.898 |            2.196 |         1.892 
     ajbc-ckba-jk |        1.392 |          1.327 |            1.750 |         1.627 
     abjc-kbac-jk |        1.312 |          1.300 |            1.711 |         1.755 
   abjcd-dkbac-jk |        1.671 |          1.525 |            1.612 |         2.067 
   adbjc-cbdka-kj |        3.396 |          3.171 |            3.357 |         1.744 
   ajbdc-ckbad-jk |        1.563 |          1.530 |            1.599 |         1.975 
 abcijk-ijma-mkbc |        1.198 |          1.187 |            1.271 |         1.230 
 abcijk-ijmb-mkac |        1.901 |          1.087 |            1.203 |         1.810 
 abcijk-ijmc-mkab |        1.247 |          1.247 |            1.280 |         1.382 
 abcijk-ikma-mjbc |        1.221 |          1.203 |            1.307 |         1.244 
 abcijk-ikmb-mjac |        1.267 |          1.208 |            1.243 |         1.246 
 abcijk-ikmc-mjab |        1.223 |          1.135 |            1.276 |         1.501 
 abcijk-jkma-mibc |        1.218 |          1.208 |            1.229 |         1.214 
 abcijk-jkmb-miac |        1.165 |          1.176 |            1.236 |         1.694 
 abcijk-jkmc-miab |        1.189 |          1.161 |            1.331 |         1.443 
 abcijk-eiab-jkec |        1.168 |          1.427 |            1.242 |         1.489 
 abcijk-eiac-jkeb |        1.142 |          1.186 |            1.211 |         1.682 
 abcijk-eibc-jkea |        1.050 |          1.141 |            1.264 |         1.242 
 abcijk-ejab-ikec |        1.195 |          0.864 |            1.345 |         1.539 
 abcijk-ejac-ikeb |        1.235 |          1.112 |            1.292 |         1.249 
 abcijk-ejbc-ikea |        1.276 |          1.167 |            1.288 |         1.235 
 abcijk-ekab-ijec |        1.201 |          1.148 |            1.343 |         1.464 
 abcijk-ekac-ijeb |        1.794 |          1.199 |            1.202 |         1.815 
 abcijk-ekbc-ijea |        1.616 |          1.043 |            1.235 |         1.232 
       abc-bk-akc |        1.065 |          1.052 |            1.289 |         1.326 
             MEAN |        1.262 |          1.148 |            1.300 |         1.464 

wrote /home/shinaoka/projects/tensor4all/tprims-rs/benchmarks/benchmarks/tcbench/results/scaling-layout/candidate/A2-1m-4t.pending.csv
