# threads: requested=8 pool=8 budget=8
host        : shinaoka-EVO-X1Pro
target      : x86_64 / linux
cpu features: avx2 fma avx512f avx512dq 
caches      : L1=48KiB/12-way/2sh L2=1024KiB/16-way/2sh L3=8192KiB/16-way/16sh (via sysfs), blocking=legacy
l3 domains  : t1=1 t4=1 t8=1 t16=2
baselines   : tblis=true blas=false
tblis       : abi 2.x, 8 thread(s)

running 49 cases at 1 MiB nominal tensor size, 5 reps, stress=none


=== f64 ===
             case |     m |    n |    k | regA | regB | plan GF/s | packed GF/s | upstream GF/s | tblis GF/s 
------------------+-------+------+------+------+------+-----------+-------------+---------------+------------
         ij-ik-kj |   384 |  364 |  384 | 0.00 | 0.00 |     260.8 |       254.9 |         170.1 |      177.2 
       ij-ikl-ljk |    72 |   52 | 3744 | 1.00 | 1.00 |      90.1 |        92.2 |          69.3 |       47.8 
       ij-kil-lkj |    72 |   52 | 5184 | 1.00 | 1.00 |      89.6 |        88.5 |          70.2 |       48.0 
       ijk-ikl-lj |  3744 |   52 |   72 | 1.00 | 1.00 |     196.9 |       204.1 |         101.7 |      117.2 
       ijk-il-jlk |    72 | 3744 |   52 | 1.00 | 1.00 |     213.2 |       215.3 |         121.4 |      131.3 
       ijk-ilk-jl |  3744 |   72 |   52 | 1.00 | 1.00 |     215.8 |       212.0 |          81.0 |      132.5 
       ijk-ilk-lj |  3744 |   52 |   72 | 1.00 | 1.00 |     198.7 |       204.6 |         112.1 |      118.8 
     ijk-ilmk-mjl |   480 |   20 |  480 | 1.00 | 1.00 |     119.9 |       113.3 |          46.8 |       58.2 
   ijkl-imjn-lnkm |   480 |  480 |  400 | 1.00 | 0.80 |     212.7 |       216.4 |         186.4 |      174.6 
   ijkl-imjn-nlmk |   480 |  400 |  480 | 1.00 | 0.80 |     219.7 |       229.4 |         200.7 |      203.1 
   ijkl-imkn-jnlm |   480 |  480 |  400 | 1.00 | 1.00 |     310.3 |       302.5 |         271.0 |      260.4 
   ijkl-imkn-njml |   480 |  400 |  480 | 1.00 | 0.80 |     302.3 |       314.6 |         269.0 |      264.0 
   ijkl-imln-jnkm |   480 |  480 |  400 | 1.00 | 1.00 |     300.6 |       313.4 |         266.0 |      264.1 
   ijkl-imln-njmk |   480 |  400 |  480 | 1.00 | 0.80 |     315.3 |       303.9 |         268.4 |      263.8 
   ijkl-imnj-nlkm |   480 |  400 |  480 | 1.00 | 0.80 |     300.1 |       308.1 |         261.5 |      261.9 
   ijkl-imnk-njml |   480 |  400 |  480 | 1.00 | 0.80 |     312.5 |       313.7 |         270.7 |      263.9 
   ijkl-minj-nlmk |   480 |  400 |  576 | 1.00 | 0.80 |     303.9 |       305.7 |         261.4 |      257.8 
   ijkl-mink-jnlm |   480 |  480 |  480 | 1.00 | 1.00 |     307.9 |       314.1 |         270.7 |      261.5 
   ijkl-minl-njmk |   480 |  400 |  576 | 1.00 | 0.80 |     305.2 |       305.9 |         265.7 |      263.7 
     aqrs-pa-pqrs |    24 | 8000 |   24 | 0.00 | 0.00 |     257.5 |       170.1 |          72.4 |       61.5 
     abrs-qb-aqrs |    20 | 9600 |   24 | 1.00 | 1.00 |     162.8 |       167.3 |          58.8 |       58.3 
     abcs-rc-abrs |    20 | 9600 |   24 | 1.00 | 1.00 |     166.7 |       166.8 |          58.9 |       57.8 
       abj-bka-kj |  5184 |   52 |   72 | 1.00 | 1.00 |     237.0 |       240.7 |         153.0 |      151.5 
       ajb-kba-jk |  3744 |   72 |   72 | 1.00 | 1.00 |     295.0 |       307.5 |         172.7 |      196.0 
     abjc-cbka-kj | 11520 |   20 |   24 | 1.00 | 1.00 |      67.5 |        69.8 |          44.7 |       57.2 
     ajbc-ckba-jk | 11520 |   24 |   20 | 1.00 | 1.00 |     119.5 |       124.0 |          55.0 |       61.9 
     abjc-kbac-jk |  9600 |   24 |   24 | 1.00 | 1.00 |      27.7 |       182.1 |          69.8 |       68.0 
   abjcd-dkbac-jk | 82944 |   24 |   12 | 1.00 | 1.00 |      44.5 |        50.2 |          42.2 |       30.9 
   adbjc-cbdka-kj | 82944 |   12 |   24 | 1.00 | 1.00 |      15.1 |        15.6 |          14.3 |       22.3 
   ajbdc-ckbad-jk | 82944 |   24 |   12 | 1.00 | 1.00 |      49.7 |        49.5 |          39.4 |       32.6 
 abcijk-ijma-mkbc |  4608 |  512 |   24 | 1.00 | 1.00 |     231.6 |       225.4 |         144.2 |      166.1 
 abcijk-ijmb-mkac |  1536 | 1536 |   24 | 1.00 | 1.00 |     203.6 |       247.1 |         180.8 |      103.2 
 abcijk-ijmc-mkab |  1536 | 1536 |   24 | 1.00 | 1.00 |     193.2 |       224.0 |         167.0 |      145.8 
 abcijk-ikma-mjbc |  4608 |  512 |   24 | 1.00 | 1.00 |     195.8 |       193.0 |         138.6 |      171.0 
 abcijk-ikmb-mjac |  1536 | 1536 |   24 | 1.00 | 1.00 |     213.4 |       248.9 |         168.7 |      143.6 
 abcijk-ikmc-mjab |  1536 | 1536 |   24 | 1.00 | 1.00 |     216.4 |       239.3 |         177.9 |      114.5 
 abcijk-jkma-mibc |  4608 |  512 |   24 | 1.00 | 1.00 |     189.6 |       225.5 |         132.4 |      171.5 
 abcijk-jkmb-miac |  1536 | 1536 |   24 | 1.00 | 1.00 |     203.7 |       241.0 |         169.2 |      102.7 
 abcijk-jkmc-miab |  1536 | 1536 |   24 | 1.00 | 1.00 |     202.0 |       217.9 |         177.7 |      120.3 
 abcijk-eiab-jkec |  1536 | 1536 |   24 | 1.00 | 1.00 |     196.5 |       224.8 |         164.8 |      122.8 
 abcijk-eiac-jkeb |  1536 | 1536 |   24 | 1.00 | 1.00 |     202.5 |       237.5 |         163.5 |      105.5 
 abcijk-eibc-jkea |   512 | 4608 |   24 | 1.00 | 1.00 |     186.7 |       193.9 |         138.1 |      171.6 
 abcijk-ejab-ikec |  1536 | 1536 |   24 | 1.00 | 1.00 |     198.8 |       237.1 |         179.0 |      117.3 
 abcijk-ejac-ikeb |  1536 | 1536 |   24 | 1.00 | 1.00 |     196.8 |       225.1 |         175.1 |      158.3 
 abcijk-ejbc-ikea |   512 | 4608 |   24 | 1.00 | 1.00 |     179.2 |       200.4 |         142.3 |      167.1 
 abcijk-ekab-ijec |  1536 | 1536 |   24 | 1.00 | 1.00 |     197.2 |       239.3 |         166.1 |      138.5 
 abcijk-ekac-ijeb |  1536 | 1536 |   24 | 1.00 | 1.00 |     213.6 |       232.6 |         176.7 |      101.6 
 abcijk-ekbc-ijea |   512 | 4608 |   24 | 1.00 | 1.00 |     173.0 |       193.7 |         135.3 |      164.2 
       abc-bk-akc |    72 | 3744 |   52 | 1.00 | 1.00 |     291.4 |       298.7 |         111.5 |      183.7 

=== c64 ===
             case |     m |    n |    k | regA | regB | plan GF/s | packed GF/s | upstream GF/s | tblis GF/s 
------------------+-------+------+------+------+------+-----------+-------------+---------------+------------
         ij-ik-kj |   384 |  364 |  384 | 1.00 | 1.00 |     270.0 |       272.4 |         236.2 |      236.4 
       ij-ikl-ljk |    72 |   52 | 3744 | 1.00 | 1.00 |     116.9 |       117.2 |         102.9 |      116.0 
       ij-kil-lkj |    72 |   52 | 5184 | 1.00 | 1.00 |     104.1 |       104.7 |          92.4 |      111.0 
       ijk-ikl-lj |  3744 |   52 |   72 | 1.00 | 1.00 |     240.0 |       239.3 |         194.8 |      174.3 
       ijk-il-jlk |    72 | 3744 |   52 | 1.00 | 1.00 |     220.4 |       222.9 |         180.6 |      204.2 
       ijk-ilk-jl |  3744 |   72 |   52 | 0.89 | 1.00 |     243.7 |       247.5 |         141.2 |      202.0 
       ijk-ilk-lj |  3744 |   52 |   72 | 0.89 | 1.00 |     239.5 |       238.1 |         190.4 |      189.8 
     ijk-ilmk-mjl |   480 |   20 |  480 | 0.67 | 1.00 |     170.9 |       169.6 |         109.8 |      137.4 
   ijkl-imjn-lnkm |   480 |  480 |  400 | 0.67 | 0.80 |     243.4 |       244.1 |         228.9 |      215.4 
   ijkl-imjn-nlmk |   480 |  400 |  480 | 0.67 | 0.81 |     283.0 |       286.4 |         268.6 |      296.9 
   ijkl-imkn-jnlm |   480 |  480 |  400 | 0.67 | 1.00 |     337.7 |       338.4 |         310.6 |      292.9 
   ijkl-imkn-njml |   480 |  400 |  480 | 0.67 | 0.81 |     340.7 |       341.6 |         319.2 |      308.0 
   ijkl-imln-jnkm |   480 |  480 |  400 | 0.67 | 1.00 |     342.2 |       340.4 |         312.3 |      290.3 
   ijkl-imln-njmk |   480 |  400 |  480 | 0.67 | 0.81 |     343.0 |       342.4 |         319.6 |      310.6 
   ijkl-imnj-nlkm |   480 |  400 |  480 | 0.67 | 0.81 |     341.5 |       340.3 |         316.5 |      309.6 
   ijkl-imnk-njml |   480 |  400 |  480 | 0.67 | 0.81 |     339.9 |       342.1 |         321.9 |      313.0 
   ijkl-minj-nlmk |   480 |  400 |  576 | 0.67 | 0.81 |     331.3 |       332.3 |         305.6 |      297.6 
   ijkl-mink-jnlm |   480 |  480 |  480 | 0.67 | 1.00 |     339.5 |       341.1 |         315.4 |      296.1 
   ijkl-minl-njmk |   480 |  400 |  576 | 0.67 | 0.81 |     334.7 |       334.7 |         313.7 |      308.2 
     aqrs-pa-pqrs |    24 | 8000 |   24 | 1.00 | 1.00 |     167.3 |       177.5 |         124.1 |      152.5 
     abrs-qb-aqrs |    20 | 9600 |   24 | 1.00 | 1.00 |     269.4 |       274.8 |         138.8 |      142.0 
     abcs-rc-abrs |    20 | 9600 |   24 | 1.00 | 1.00 |     249.3 |       242.8 |         136.3 |      140.8 
       abj-bka-kj |  5184 |   52 |   72 | 0.89 | 1.00 |     305.9 |       304.3 |         238.7 |      188.7 
       ajb-kba-jk |  3744 |   72 |   72 | 0.89 | 1.00 |     349.8 |       348.4 |         275.2 |      268.1 
     abjc-cbka-kj | 11520 |   20 |   24 | 0.67 | 1.00 |     173.0 |       179.1 |         109.9 |      125.6 
     ajbc-ckba-jk | 11520 |   24 |   20 | 1.00 | 1.00 |     166.6 |       167.6 |          30.5 |      128.6 
     abjc-kbac-jk |  9600 |   24 |   24 | 0.67 | 1.00 |     271.5 |       274.3 |         160.4 |      156.8 
   abjcd-dkbac-jk | 82944 |   24 |   12 | 0.67 | 1.00 |      83.1 |        83.6 |          78.0 |       64.5 
   adbjc-cbdka-kj | 82944 |   12 |   24 | 0.67 | 1.00 |      50.4 |        50.7 |          48.6 |       41.5 
   ajbdc-ckbad-jk | 82944 |   24 |   12 | 1.00 | 1.00 |      82.3 |        82.6 |          47.4 |       69.0 
 abcijk-ijma-mkbc |  4608 |  512 |   24 | 1.00 | 0.97 |     293.4 |       287.5 |         136.5 |      206.5 
 abcijk-ijmb-mkac |  1536 | 1536 |   24 | 1.00 | 0.75 |     284.9 |       281.6 |         238.2 |      168.4 
 abcijk-ijmc-mkab |  1536 | 1536 |   24 | 1.00 | 0.50 |     269.0 |       255.2 |         243.7 |      214.3 
 abcijk-ikma-mjbc |  4608 |  512 |   24 | 1.00 | 0.97 |     289.0 |       290.6 |         147.2 |      206.5 
 abcijk-ikmb-mjac |  1536 | 1536 |   24 | 1.00 | 0.75 |     287.1 |       286.5 |         237.6 |      184.2 
 abcijk-ikmc-mjab |  1536 | 1536 |   24 | 1.00 | 0.50 |     263.2 |       248.7 |         239.9 |      179.5 
 abcijk-jkma-mibc |  4608 |  512 |   24 | 1.00 | 0.97 |     286.3 |       270.5 |         142.8 |      219.9 
 abcijk-jkmb-miac |  1536 | 1536 |   24 | 1.00 | 0.75 |     289.0 |       279.9 |         241.1 |      158.1 
 abcijk-jkmc-miab |  1536 | 1536 |   24 | 1.00 | 0.50 |     269.2 |       247.9 |         237.4 |      198.0 
 abcijk-eiab-jkec |  1536 | 1536 |   24 | 1.00 | 0.50 |     268.6 |       246.0 |         227.8 |      200.4 
 abcijk-eiac-jkeb |  1536 | 1536 |   24 | 1.00 | 0.75 |     280.4 |       280.2 |         233.9 |      157.9 
 abcijk-eibc-jkea |   512 | 4608 |   24 | 1.00 | 0.97 |     291.4 |       282.5 |         148.4 |      218.3 
 abcijk-ejab-ikec |  1536 | 1536 |   24 | 1.00 | 0.50 |     265.8 |       247.1 |         238.6 |      173.3 
 abcijk-ejac-ikeb |  1536 | 1536 |   24 | 1.00 | 0.75 |     297.9 |       283.6 |         236.9 |      182.2 
 abcijk-ejbc-ikea |   512 | 4608 |   24 | 1.00 | 0.97 |     287.6 |       289.5 |         150.2 |      204.5 
 abcijk-ekab-ijec |  1536 | 1536 |   24 | 1.00 | 0.50 |     260.9 |       248.9 |         234.5 |      211.8 
 abcijk-ekac-ijeb |  1536 | 1536 |   24 | 1.00 | 0.75 |     285.1 |       283.4 |         235.0 |      165.4 
 abcijk-ekbc-ijea |   512 | 4608 |   24 | 1.00 | 0.97 |     294.1 |       271.8 |         138.1 |      205.8 
       abc-bk-akc |    72 | 3744 |   52 | 0.89 | 1.00 |     344.6 |       344.4 |         192.1 |      280.9 

=== complex efficiency ratio (c64 GF/s over f64 GF/s; 1.0 = no penalty) ===
             case | plan c64/f64 | packed c64/f64 | upstream c64/f64 | tblis c64/f64 
------------------+--------------+----------------+------------------+---------------
         ij-ik-kj |        1.035 |          1.069 |            1.388 |         1.334 
       ij-ikl-ljk |        1.297 |          1.270 |            1.485 |         2.428 
       ij-kil-lkj |        1.162 |          1.184 |            1.317 |         2.311 
       ijk-ikl-lj |        1.219 |          1.173 |            1.914 |         1.488 
       ijk-il-jlk |        1.034 |          1.035 |            1.487 |         1.555 
       ijk-ilk-jl |        1.129 |          1.168 |            1.745 |         1.524 
       ijk-ilk-lj |        1.205 |          1.164 |            1.698 |         1.597 
     ijk-ilmk-mjl |        1.426 |          1.498 |            2.346 |         2.362 
   ijkl-imjn-lnkm |        1.144 |          1.128 |            1.228 |         1.234 
   ijkl-imjn-nlmk |        1.288 |          1.248 |            1.338 |         1.462 
   ijkl-imkn-jnlm |        1.088 |          1.119 |            1.146 |         1.125 
   ijkl-imkn-njml |        1.127 |          1.086 |            1.187 |         1.167 
   ijkl-imln-jnkm |        1.139 |          1.086 |            1.174 |         1.099 
   ijkl-imln-njmk |        1.088 |          1.127 |            1.191 |         1.178 
   ijkl-imnj-nlkm |        1.138 |          1.105 |            1.210 |         1.182 
   ijkl-imnk-njml |        1.088 |          1.091 |            1.189 |         1.186 
   ijkl-minj-nlmk |        1.090 |          1.087 |            1.169 |         1.154 
   ijkl-mink-jnlm |        1.103 |          1.086 |            1.165 |         1.132 
   ijkl-minl-njmk |        1.097 |          1.094 |            1.180 |         1.169 
     aqrs-pa-pqrs |        0.650 |          1.044 |            1.715 |         2.480 
     abrs-qb-aqrs |        1.655 |          1.643 |            2.359 |         2.436 
     abcs-rc-abrs |        1.496 |          1.455 |            2.314 |         2.436 
       abj-bka-kj |        1.291 |          1.264 |            1.560 |         1.245 
       ajb-kba-jk |        1.185 |          1.133 |            1.593 |         1.368 
     abjc-cbka-kj |        2.564 |          2.565 |            2.458 |         2.198 
     ajbc-ckba-jk |        1.393 |          1.352 |            0.555 |         2.078 
     abjc-kbac-jk |        9.815 |          1.506 |            2.299 |         2.304 
   abjcd-dkbac-jk |        1.869 |          1.666 |            1.847 |         2.091 
   adbjc-cbdka-kj |        3.334 |          3.247 |            3.409 |         1.861 
   ajbdc-ckbad-jk |        1.656 |          1.670 |            1.205 |         2.115 
 abcijk-ijma-mkbc |        1.267 |          1.275 |            0.946 |         1.243 
 abcijk-ijmb-mkac |        1.399 |          1.139 |            1.318 |         1.632 
 abcijk-ijmc-mkab |        1.392 |          1.139 |            1.459 |         1.470 
 abcijk-ikma-mjbc |        1.476 |          1.506 |            1.062 |         1.208 
 abcijk-ikmb-mjac |        1.345 |          1.151 |            1.409 |         1.283 
 abcijk-ikmc-mjab |        1.216 |          1.039 |            1.349 |         1.568 
 abcijk-jkma-mibc |        1.510 |          1.199 |            1.078 |         1.282 
 abcijk-jkmb-miac |        1.419 |          1.161 |            1.424 |         1.539 
 abcijk-jkmc-miab |        1.333 |          1.138 |            1.336 |         1.646 
 abcijk-eiab-jkec |        1.367 |          1.094 |            1.382 |         1.632 
 abcijk-eiac-jkeb |        1.385 |          1.180 |            1.430 |         1.497 
 abcijk-eibc-jkea |        1.561 |          1.457 |            1.075 |         1.273 
 abcijk-ejab-ikec |        1.337 |          1.042 |            1.333 |         1.478 
 abcijk-ejac-ikeb |        1.514 |          1.260 |            1.353 |         1.151 
 abcijk-ejbc-ikea |        1.605 |          1.445 |            1.056 |         1.224 
 abcijk-ekab-ijec |        1.323 |          1.040 |            1.412 |         1.529 
 abcijk-ekac-ijeb |        1.335 |          1.218 |            1.330 |         1.629 
 abcijk-ekbc-ijea |        1.700 |          1.403 |            1.020 |         1.254 
       abc-bk-akc |        1.183 |          1.153 |            1.723 |         1.529 
             MEAN |        1.540 |          1.294 |            1.477 |         1.579 

wrote /home/shinaoka/projects/tensor4all/tprims-rs/benchmarks/benchmarks/tcbench/results/scaling-layout/candidate/A2-1m-8t.pending.csv
