# threads: requested=1 pool=1 budget=1
host        : shinaoka-EVO-X1Pro
target      : x86_64 / linux
cpu features: avx2 fma avx512f avx512dq 
caches      : L1=48KiB/12-way/2sh L2=1024KiB/16-way/2sh L3=8192KiB/16-way/16sh (via sysfs), blocking=legacy
l3 domains  : t1=1
baselines   : tblis=true blas=false
tblis       : abi 2.x, 1 thread(s)

running 49 cases at 1 MiB nominal tensor size, 5 reps, stress=none


=== f64 ===
             case |     m |    n |    k | regA | regB | plan GF/s | packed GF/s | upstream GF/s | tblis GF/s 
------------------+-------+------+------+------+------+-----------+-------------+---------------+------------
         ij-ik-kj |   384 |  364 |  384 | 0.00 | 0.00 |      37.0 |        34.7 |          34.2 |       29.5 
       ij-ikl-ljk |    72 |   52 | 3744 | 1.00 | 1.00 |      37.8 |        38.1 |          36.9 |       21.7 
       ij-kil-lkj |    72 |   52 | 5184 | 1.00 | 1.00 |      34.2 |        35.1 |          34.1 |       21.2 
       ijk-ikl-lj |  3744 |   52 |   72 | 1.00 | 1.00 |      42.2 |        42.5 |          40.6 |       26.3 
       ijk-il-jlk |    72 | 3744 |   52 | 1.00 | 1.00 |      42.3 |        43.2 |          41.2 |       29.6 
       ijk-ilk-jl |  3744 |   72 |   52 | 1.00 | 1.00 |      45.4 |        45.6 |          44.3 |       30.7 
       ijk-ilk-lj |  3744 |   52 |   72 | 1.00 | 1.00 |      41.8 |        42.5 |          41.5 |       27.1 
     ijk-ilmk-mjl |   480 |   20 |  480 | 1.00 | 1.00 |      35.5 |        35.6 |          34.8 |       16.1 
   ijkl-imjn-lnkm |   480 |  480 |  400 | 1.00 | 0.80 |      48.1 |        48.2 |          47.6 |       40.1 
   ijkl-imjn-nlmk |   480 |  400 |  480 | 1.00 | 0.80 |      49.0 |        49.2 |          48.4 |       41.6 
   ijkl-imkn-jnlm |   480 |  480 |  400 | 1.00 | 1.00 |      48.9 |        49.2 |          48.4 |       40.6 
   ijkl-imkn-njml |   480 |  400 |  480 | 1.00 | 0.80 |      49.0 |        49.3 |          48.5 |       40.9 
   ijkl-imln-jnkm |   480 |  480 |  400 | 1.00 | 1.00 |      49.1 |        49.3 |          48.5 |       40.3 
   ijkl-imln-njmk |   480 |  400 |  480 | 1.00 | 0.80 |      49.3 |        49.4 |          48.6 |       40.9 
   ijkl-imnj-nlkm |   480 |  400 |  480 | 1.00 | 0.80 |      49.1 |        49.2 |          48.4 |       41.7 
   ijkl-imnk-njml |   480 |  400 |  480 | 1.00 | 0.80 |      49.5 |        49.5 |          48.8 |       41.6 
   ijkl-minj-nlmk |   480 |  400 |  576 | 1.00 | 0.80 |      48.0 |        47.9 |          46.8 |       40.9 
   ijkl-mink-jnlm |   480 |  480 |  480 | 1.00 | 1.00 |      48.5 |        48.5 |          47.3 |       41.5 
   ijkl-minl-njmk |   480 |  400 |  576 | 1.00 | 0.80 |      48.1 |        48.2 |          47.2 |       41.5 
     aqrs-pa-pqrs |    24 | 8000 |   24 | 0.00 | 0.00 |      45.7 |        32.3 |          31.2 |       14.2 
     abrs-qb-aqrs |    20 | 9600 |   24 | 1.00 | 1.00 |      31.8 |        32.0 |          30.2 |       13.3 
     abcs-rc-abrs |    20 | 9600 |   24 | 1.00 | 1.00 |      31.3 |        31.5 |          29.7 |       13.3 
       abj-bka-kj |  5184 |   52 |   72 | 1.00 | 1.00 |      34.4 |        34.1 |          33.2 |       23.6 
       ajb-kba-jk |  3744 |   72 |   72 | 1.00 | 1.00 |      43.5 |        43.7 |          41.9 |       29.8 
     abjc-cbka-kj | 11520 |   20 |   24 | 1.00 | 1.00 |      17.7 |        17.6 |          16.9 |       12.8 
     ajbc-ckba-jk | 11520 |   24 |   20 | 1.00 | 1.00 |      24.5 |        24.3 |          23.1 |       14.9 
     abjc-kbac-jk |  9600 |   24 |   24 | 1.00 | 1.00 |      32.5 |        33.6 |          31.3 |       15.8 
   abjcd-dkbac-jk | 82944 |   24 |   12 | 1.00 | 1.00 |      15.5 |        15.7 |          14.5 |        8.3 
   adbjc-cbdka-kj | 82944 |   12 |   24 | 1.00 | 1.00 |       5.4 |         5.4 |           5.3 |        6.0 
   ajbdc-ckbad-jk | 82944 |   24 |   12 | 1.00 | 1.00 |      16.1 |        15.7 |          14.2 |        8.8 
 abcijk-ijma-mkbc |  4608 |  512 |   24 | 1.00 | 1.00 |      39.7 |        39.4 |          37.9 |       28.5 
 abcijk-ijmb-mkac |  1536 | 1536 |   24 | 1.00 | 1.00 |      41.5 |        41.8 |          39.8 |       26.8 
 abcijk-ijmc-mkab |  1536 | 1536 |   24 | 1.00 | 1.00 |      40.2 |        40.8 |          38.1 |       32.4 
 abcijk-ikma-mjbc |  4608 |  512 |   24 | 1.00 | 1.00 |      39.3 |        39.8 |          37.6 |       28.5 
 abcijk-ikmb-mjac |  1536 | 1536 |   24 | 1.00 | 1.00 |      41.3 |        41.7 |          40.1 |       28.0 
 abcijk-ikmc-mjab |  1536 | 1536 |   24 | 1.00 | 1.00 |      40.2 |        40.6 |          38.1 |       28.6 
 abcijk-jkma-mibc |  4608 |  512 |   24 | 1.00 | 1.00 |      39.6 |        39.7 |          37.6 |       31.8 
 abcijk-jkmb-miac |  1536 | 1536 |   24 | 1.00 | 1.00 |      41.5 |        42.0 |          40.1 |       22.1 
 abcijk-jkmc-miab |  1536 | 1536 |   24 | 1.00 | 1.00 |      40.4 |        41.0 |          38.8 |       30.3 
 abcijk-eiab-jkec |  1536 | 1536 |   24 | 1.00 | 1.00 |      40.6 |        40.9 |          38.8 |       30.2 
 abcijk-eiac-jkeb |  1536 | 1536 |   24 | 1.00 | 1.00 |      41.8 |        41.9 |          40.1 |       22.1 
 abcijk-eibc-jkea |   512 | 4608 |   24 | 1.00 | 1.00 |      39.9 |        39.8 |          38.0 |       32.1 
 abcijk-ejab-ikec |  1536 | 1536 |   24 | 1.00 | 1.00 |      40.4 |        41.0 |          38.1 |       28.3 
 abcijk-ejac-ikeb |  1536 | 1536 |   24 | 1.00 | 1.00 |      41.4 |        41.7 |          40.1 |       27.9 
 abcijk-ejbc-ikea |   512 | 4608 |   24 | 1.00 | 1.00 |      39.7 |        39.5 |          38.0 |       28.1 
 abcijk-ekab-ijec |  1536 | 1536 |   24 | 1.00 | 1.00 |      40.4 |        40.7 |          38.2 |       32.4 
 abcijk-ekac-ijeb |  1536 | 1536 |   24 | 1.00 | 1.00 |      41.3 |        41.8 |          40.0 |       26.8 
 abcijk-ekbc-ijea |   512 | 4608 |   24 | 1.00 | 1.00 |      39.5 |        39.6 |          37.9 |       28.4 
       abc-bk-akc |    72 | 3744 |   52 | 1.00 | 1.00 |      45.5 |        45.6 |          44.2 |       30.6 

=== c64 ===
             case |     m |    n |    k | regA | regB | plan GF/s | packed GF/s | upstream GF/s | tblis GF/s 
------------------+-------+------+------+------+------+-----------+-------------+---------------+------------
         ij-ik-kj |   384 |  364 |  384 | 1.00 | 1.00 |      35.1 |        35.1 |          34.6 |       40.9 
       ij-ikl-ljk |    72 |   52 | 3744 | 1.00 | 1.00 |      37.4 |        37.5 |          35.8 |       30.3 
       ij-kil-lkj |    72 |   52 | 5184 | 1.00 | 1.00 |      32.6 |        32.6 |          31.7 |       28.6 
       ijk-ikl-lj |  3744 |   52 |   72 | 1.00 | 1.00 |      43.4 |        43.5 |          42.0 |       30.5 
       ijk-il-jlk |    72 | 3744 |   52 | 1.00 | 1.00 |      41.0 |        39.6 |          38.9 |       38.5 
       ijk-ilk-jl |  3744 |   72 |   52 | 0.89 | 1.00 |      46.3 |        45.7 |          45.1 |       36.3 
       ijk-ilk-lj |  3744 |   52 |   72 | 0.89 | 1.00 |      43.8 |        43.4 |          42.7 |       32.4 
     ijk-ilmk-mjl |   480 |   20 |  480 | 0.67 | 1.00 |      37.1 |        37.1 |          36.5 |       29.5 
   ijkl-imjn-lnkm |   480 |  480 |  400 | 0.67 | 0.80 |      48.1 |        48.1 |          47.5 |       45.2 
   ijkl-imjn-nlmk |   480 |  400 |  480 | 0.67 | 0.81 |      48.2 |        48.3 |          47.7 |       43.9 
   ijkl-imkn-jnlm |   480 |  480 |  400 | 0.67 | 1.00 |      47.6 |        47.6 |          46.8 |       45.2 
   ijkl-imkn-njml |   480 |  400 |  480 | 0.67 | 0.81 |      48.2 |        48.2 |          47.5 |       44.1 
   ijkl-imln-jnkm |   480 |  480 |  400 | 0.67 | 1.00 |      47.7 |        47.8 |          46.6 |       44.8 
   ijkl-imln-njmk |   480 |  400 |  480 | 0.67 | 0.81 |      48.2 |        48.3 |          47.6 |       44.6 
   ijkl-imnj-nlkm |   480 |  400 |  480 | 0.67 | 0.81 |      48.3 |        48.3 |          47.7 |       45.2 
   ijkl-imnk-njml |   480 |  400 |  480 | 0.67 | 0.81 |      48.1 |        48.2 |          47.4 |       44.8 
   ijkl-minj-nlmk |   480 |  400 |  576 | 0.67 | 0.81 |      46.6 |        46.6 |          46.0 |       43.8 
   ijkl-mink-jnlm |   480 |  480 |  480 | 0.67 | 1.00 |      47.5 |        47.4 |          46.3 |       44.8 
   ijkl-minl-njmk |   480 |  400 |  576 | 0.67 | 0.81 |      46.9 |        46.9 |          46.0 |       44.3 
     aqrs-pa-pqrs |    24 | 8000 |   24 | 1.00 | 1.00 |      30.4 |        30.2 |          28.5 |       25.7 
     abrs-qb-aqrs |    20 | 9600 |   24 | 1.00 | 1.00 |      39.4 |        39.4 |          37.8 |       23.3 
     abcs-rc-abrs |    20 | 9600 |   24 | 1.00 | 1.00 |      33.9 |        33.4 |          32.4 |       24.0 
       abj-bka-kj |  5184 |   52 |   72 | 0.89 | 1.00 |      40.8 |        40.3 |          39.6 |       28.0 
       ajb-kba-jk |  3744 |   72 |   72 | 0.89 | 1.00 |      45.5 |        44.6 |          42.7 |       31.6 
     abjc-cbka-kj | 11520 |   20 |   24 | 0.67 | 1.00 |      24.7 |        24.3 |          22.9 |       23.2 
     ajbc-ckba-jk | 11520 |   24 |   20 | 1.00 | 1.00 |      27.4 |        26.3 |          24.8 |       22.6 
     abjc-kbac-jk |  9600 |   24 |   24 | 0.67 | 1.00 |      37.7 |        37.5 |          35.2 |       25.1 
   abjcd-dkbac-jk | 82944 |   24 |   12 | 0.67 | 1.00 |      22.0 |        22.0 |          20.5 |       16.2 
   adbjc-cbdka-kj | 82944 |   12 |   24 | 0.67 | 1.00 |      10.4 |        10.4 |          10.0 |       13.6 
   ajbdc-ckbad-jk | 82944 |   24 |   12 | 1.00 | 1.00 |      25.2 |        25.1 |          22.5 |       15.7 
 abcijk-ijma-mkbc |  4608 |  512 |   24 | 1.00 | 0.97 |      42.2 |        42.2 |          40.9 |       32.9 
 abcijk-ijmb-mkac |  1536 | 1536 |   24 | 1.00 | 0.75 |      43.8 |        43.9 |          42.8 |       32.6 
 abcijk-ijmc-mkab |  1536 | 1536 |   24 | 1.00 | 0.50 |      43.2 |        43.1 |          42.5 |       37.9 
 abcijk-ikma-mjbc |  4608 |  512 |   24 | 1.00 | 0.97 |      42.1 |        42.2 |          41.1 |       32.9 
 abcijk-ikmb-mjac |  1536 | 1536 |   24 | 1.00 | 0.75 |      44.0 |        44.0 |          43.0 |       34.2 
 abcijk-ikmc-mjab |  1536 | 1536 |   24 | 1.00 | 0.50 |      43.1 |        43.1 |          42.6 |       35.3 
 abcijk-jkma-mibc |  4608 |  512 |   24 | 1.00 | 0.97 |      42.4 |        42.2 |          41.0 |       36.0 
 abcijk-jkmb-miac |  1536 | 1536 |   24 | 1.00 | 0.75 |      44.0 |        44.0 |          42.9 |       29.8 
 abcijk-jkmc-miab |  1536 | 1536 |   24 | 1.00 | 0.50 |      43.8 |        43.7 |          42.3 |       36.7 
 abcijk-eiab-jkec |  1536 | 1536 |   24 | 1.00 | 0.50 |      43.7 |        43.9 |          42.4 |       36.5 
 abcijk-eiac-jkeb |  1536 | 1536 |   24 | 1.00 | 0.75 |      44.2 |        44.1 |          43.0 |       29.4 
 abcijk-eibc-jkea |   512 | 4608 |   24 | 1.00 | 0.97 |      42.4 |        42.1 |          40.8 |       36.1 
 abcijk-ejab-ikec |  1536 | 1536 |   24 | 1.00 | 0.50 |      43.3 |        43.2 |          42.4 |       35.2 
 abcijk-ejac-ikeb |  1536 | 1536 |   24 | 1.00 | 0.75 |      44.1 |        44.1 |          43.1 |       34.1 
 abcijk-ejbc-ikea |   512 | 4608 |   24 | 1.00 | 0.97 |      42.0 |        41.9 |          40.9 |       32.8 
 abcijk-ekab-ijec |  1536 | 1536 |   24 | 1.00 | 0.50 |      43.1 |        43.0 |          42.7 |       38.0 
 abcijk-ekac-ijeb |  1536 | 1536 |   24 | 1.00 | 0.75 |      43.9 |        44.0 |          43.0 |       32.7 
 abcijk-ekbc-ijea |   512 | 4608 |   24 | 1.00 | 0.97 |      42.2 |        42.2 |          40.8 |       32.7 
       abc-bk-akc |    72 | 3744 |   52 | 0.89 | 1.00 |      46.9 |        46.0 |          44.9 |       36.0 

=== complex efficiency ratio (c64 GF/s over f64 GF/s; 1.0 = no penalty) ===
             case | plan c64/f64 | packed c64/f64 | upstream c64/f64 | tblis c64/f64 
------------------+--------------+----------------+------------------+---------------
         ij-ik-kj |        0.947 |          1.011 |            1.013 |         1.387 
       ij-ikl-ljk |        0.990 |          0.985 |            0.969 |         1.396 
       ij-kil-lkj |        0.953 |          0.930 |            0.930 |         1.349 
       ijk-ikl-lj |        1.030 |          1.023 |            1.034 |         1.160 
       ijk-il-jlk |        0.969 |          0.917 |            0.944 |         1.300 
       ijk-ilk-jl |        1.020 |          1.002 |            1.018 |         1.182 
       ijk-ilk-lj |        1.048 |          1.022 |            1.028 |         1.196 
     ijk-ilmk-mjl |        1.045 |          1.043 |            1.046 |         1.833 
   ijkl-imjn-lnkm |        0.999 |          0.997 |            0.998 |         1.128 
   ijkl-imjn-nlmk |        0.985 |          0.980 |            0.987 |         1.058 
   ijkl-imkn-jnlm |        0.974 |          0.968 |            0.966 |         1.113 
   ijkl-imkn-njml |        0.982 |          0.977 |            0.981 |         1.079 
   ijkl-imln-jnkm |        0.972 |          0.969 |            0.960 |         1.111 
   ijkl-imln-njmk |        0.977 |          0.976 |            0.980 |         1.091 
   ijkl-imnj-nlkm |        0.984 |          0.982 |            0.986 |         1.084 
   ijkl-imnk-njml |        0.972 |          0.975 |            0.972 |         1.078 
   ijkl-minj-nlmk |        0.972 |          0.973 |            0.983 |         1.071 
   ijkl-mink-jnlm |        0.979 |          0.977 |            0.978 |         1.080 
   ijkl-minl-njmk |        0.975 |          0.973 |            0.974 |         1.067 
     aqrs-pa-pqrs |        0.665 |          0.933 |            0.911 |         1.808 
     abrs-qb-aqrs |        1.239 |          1.231 |            1.253 |         1.747 
     abcs-rc-abrs |        1.081 |          1.060 |            1.092 |         1.805 
       abj-bka-kj |        1.187 |          1.183 |            1.191 |         1.185 
       ajb-kba-jk |        1.046 |          1.020 |            1.020 |         1.061 
     abjc-cbka-kj |        1.390 |          1.376 |            1.359 |         1.811 
     ajbc-ckba-jk |        1.119 |          1.082 |            1.072 |         1.517 
     abjc-kbac-jk |        1.160 |          1.116 |            1.124 |         1.585 
   abjcd-dkbac-jk |        1.420 |          1.402 |            1.407 |         1.965 
   adbjc-cbdka-kj |        1.929 |          1.951 |            1.897 |         2.245 
   ajbdc-ckbad-jk |        1.563 |          1.596 |            1.586 |         1.794 
 abcijk-ijma-mkbc |        1.064 |          1.072 |            1.078 |         1.154 
 abcijk-ijmb-mkac |        1.054 |          1.050 |            1.076 |         1.217 
 abcijk-ijmc-mkab |        1.075 |          1.057 |            1.115 |         1.169 
 abcijk-ikma-mjbc |        1.070 |          1.060 |            1.093 |         1.153 
 abcijk-ikmb-mjac |        1.066 |          1.057 |            1.071 |         1.221 
 abcijk-ikmc-mjab |        1.071 |          1.062 |            1.118 |         1.234 
 abcijk-jkma-mibc |        1.072 |          1.063 |            1.089 |         1.132 
 abcijk-jkmb-miac |        1.062 |          1.047 |            1.070 |         1.348 
 abcijk-jkmc-miab |        1.084 |          1.066 |            1.090 |         1.213 
 abcijk-eiab-jkec |        1.076 |          1.072 |            1.092 |         1.208 
 abcijk-eiac-jkeb |        1.056 |          1.054 |            1.072 |         1.333 
 abcijk-eibc-jkea |        1.063 |          1.059 |            1.072 |         1.125 
 abcijk-ejab-ikec |        1.070 |          1.055 |            1.114 |         1.243 
 abcijk-ejac-ikeb |        1.066 |          1.056 |            1.075 |         1.223 
 abcijk-ejbc-ikea |        1.059 |          1.062 |            1.076 |         1.168 
 abcijk-ekab-ijec |        1.065 |          1.057 |            1.118 |         1.173 
 abcijk-ekac-ijeb |        1.062 |          1.051 |            1.074 |         1.216 
 abcijk-ekbc-ijea |        1.069 |          1.066 |            1.077 |         1.152 
       abc-bk-akc |        1.032 |          1.011 |            1.016 |         1.176 
             MEAN |        1.078 |          1.076 |            1.087 |         1.309 

wrote /home/shinaoka/projects/tensor4all/tprims-rs/benchmarks/benchmarks/tcbench/results/scaling-layout/candidate/A2-1m-1t.pending.csv
