# threads: requested=12 pool=12 budget=12
host        : shinaoka-EVO-X1Pro
target      : x86_64 / linux
cpu features: avx2 fma avx512f avx512dq 
caches      : L1=48KiB/12-way/2sh L2=1024KiB/16-way/2sh L3=16384KiB/16-way/8sh (via sysfs), blocking=legacy
l3 domains  : t1=1 t4=1 t8=2 t16=4
baselines   : tblis=true blas=false
tblis       : abi 2.x, 12 thread(s)

running 49 cases at 16 MiB nominal tensor size, 5 reps, stress=none


=== f64 ===
             case |      m |     n |     k | regA | regB | plan GF/s | packed GF/s | upstream GF/s | tblis GF/s 
------------------+--------+-------+-------+------+------+-----------+-------------+---------------+------------
         ij-ik-kj |   1464 |  1448 |  1464 | 0.00 | 0.00 |     463.3 |       383.4 |         193.3 |      448.9 
       ij-ikl-ljk |    144 |   128 | 18432 | 1.00 | 1.00 |     178.4 |       191.3 |         145.3 |      158.4 
       ij-kil-lkj |    144 |   128 | 20736 | 1.00 | 1.00 |     174.2 |       175.9 |         150.4 |      157.7 
       ijk-ikl-lj |  18432 |   128 |   144 | 1.00 | 1.00 |     388.3 |       238.3 |         209.1 |      223.2 
       ijk-il-jlk |    144 | 18432 |   128 | 1.00 | 1.00 |     293.2 |       297.9 |         196.8 |      379.4 
       ijk-ilk-jl |  18432 |   144 |   128 | 1.00 | 1.00 |     426.8 |       445.0 |         247.6 |      276.3 
       ijk-ilk-lj |  18432 |   128 |   144 | 1.00 | 1.00 |     350.9 |       445.4 |         222.2 |      261.3 
     ijk-ilmk-mjl |   1920 |    40 |  1920 | 1.00 | 1.00 |     182.0 |       261.5 |         145.7 |      213.1 
   ijkl-imjn-lnkm |   1920 |  1920 |  1600 | 1.00 | 1.00 |     420.3 |       433.8 |         404.0 |      476.9 
   ijkl-imjn-nlmk |   1920 |  1600 |  1920 | 1.00 | 1.00 |     413.9 |       439.2 |         296.7 |      470.3 
   ijkl-imkn-jnlm |   1920 |  1920 |  1600 | 1.00 | 1.00 |     494.1 |       492.0 |         350.3 |      467.7 
   ijkl-imkn-njml |   1920 |  1600 |  1920 | 1.00 | 1.00 |     480.4 |       481.4 |         424.1 |      467.6 
   ijkl-imln-jnkm |   1920 |  1920 |  1600 | 1.00 | 1.00 |     496.4 |       470.2 |         376.8 |      466.5 
   ijkl-imln-njmk |   1920 |  1600 |  1920 | 1.00 | 1.00 |     481.4 |       483.6 |         269.7 |      472.9 
   ijkl-imnj-nlkm |   1920 |  1600 |  1920 | 1.00 | 1.00 |     438.5 |       434.2 |         382.3 |      467.7 
   ijkl-imnk-njml |   1920 |  1600 |  1920 | 1.00 | 1.00 |     478.4 |       440.1 |         355.9 |      467.2 
   ijkl-minj-nlmk |   1920 |  1600 |  2304 | 1.00 | 1.00 |     448.3 |       442.6 |         375.9 |      447.7 
   ijkl-mink-jnlm |   1920 |  1920 |  1920 | 1.00 | 1.00 |     437.7 |       442.5 |         374.7 |      475.4 
   ijkl-minl-njmk |   1920 |  1600 |  2304 | 1.00 | 1.00 |     467.6 |       434.9 |         312.6 |      461.4 
     aqrs-pa-pqrs |     48 | 64000 |    48 | 0.00 | 0.00 |     252.3 |       217.6 |         165.3 |      153.0 
     abrs-qb-aqrs |     40 | 76800 |    48 | 1.00 | 1.00 |     254.4 |       261.7 |         158.8 |      116.4 
     abcs-rc-abrs |     40 | 76800 |    48 | 1.00 | 1.00 |     198.2 |       159.9 |         106.0 |       90.7 
       abj-bka-kj |  20736 |   128 |   144 | 1.00 | 1.00 |     195.9 |       206.7 |         119.9 |      132.6 
       ajb-kba-jk |  18432 |   144 |   144 | 1.00 | 1.00 |     322.4 |       308.9 |         268.2 |      207.7 
     abjc-cbka-kj |  92160 |    40 |    48 | 1.00 | 1.00 |      44.8 |        50.2 |          32.7 |       59.1 
     ajbc-ckba-jk |  92160 |    48 |    40 | 1.00 | 1.00 |      88.7 |        86.8 |          76.1 |      100.3 
     abjc-kbac-jk |  76800 |    48 |    48 | 1.00 | 1.00 |     174.2 |       175.1 |         102.4 |       94.9 
   abjcd-dkbac-jk | 230400 |    24 |    20 | 1.00 | 1.00 |      46.7 |        46.4 |          39.0 |       53.0 
   adbjc-cbdka-kj | 230400 |    20 |    24 | 1.00 | 1.00 |      27.5 |        30.0 |          21.7 |       27.3 
   ajbdc-ckbad-jk | 230400 |    24 |    20 | 1.00 | 1.00 |      42.1 |        42.0 |          40.7 |       43.8 
 abcijk-ijma-mkbc |   6912 |  1728 |    24 | 1.00 | 1.00 |     153.4 |       135.8 |         148.4 |      167.6 
 abcijk-ijmb-mkac |   3456 |  3456 |    24 | 1.00 | 0.67 |     147.6 |       158.7 |         165.9 |       82.5 
 abcijk-ijmc-mkab |   3456 |  3456 |    24 | 1.00 | 0.67 |     170.5 |       155.1 |         158.6 |      123.6 
 abcijk-ikma-mjbc |   6912 |  1728 |    24 | 1.00 | 1.00 |     143.1 |       157.6 |         152.9 |      157.2 
 abcijk-ikmb-mjac |   3456 |  3456 |    24 | 1.00 | 0.67 |     173.3 |       172.7 |         161.6 |      110.3 
 abcijk-ikmc-mjab |   3456 |  3456 |    24 | 1.00 | 0.67 |     147.9 |       160.9 |         158.3 |      105.5 
 abcijk-jkma-mibc |   6912 |  1728 |    24 | 1.00 | 1.00 |     135.2 |       151.0 |         152.4 |      158.7 
 abcijk-jkmb-miac |   3456 |  3456 |    24 | 1.00 | 0.67 |     154.4 |       169.6 |         163.5 |       79.6 
 abcijk-jkmc-miab |   3456 |  3456 |    24 | 1.00 | 0.67 |     166.2 |       157.1 |         166.1 |      100.0 
 abcijk-eiab-jkec |   3456 |  3456 |    24 | 1.00 | 0.67 |     163.4 |       158.8 |         158.6 |       97.3 
 abcijk-eiac-jkeb |   3456 |  3456 |    24 | 1.00 | 0.67 |     155.4 |       167.7 |         161.3 |       84.3 
 abcijk-eibc-jkea |   1728 |  6912 |    24 | 1.00 | 1.00 |     155.2 |       150.8 |         152.4 |      163.7 
 abcijk-ejab-ikec |   3456 |  3456 |    24 | 1.00 | 0.67 |     162.0 |       157.6 |         156.2 |      106.4 
 abcijk-ejac-ikeb |   3456 |  3456 |    24 | 1.00 | 0.67 |     163.1 |       170.4 |         170.1 |      111.1 
 abcijk-ejbc-ikea |   1728 |  6912 |    24 | 1.00 | 1.00 |     144.3 |       147.5 |         152.4 |      167.7 
 abcijk-ekab-ijec |   3456 |  3456 |    24 | 1.00 | 0.67 |     153.2 |       158.2 |         159.6 |      122.1 
 abcijk-ekac-ijeb |   3456 |  3456 |    24 | 1.00 | 0.67 |     149.6 |       167.2 |         159.8 |       86.9 
 abcijk-ekbc-ijea |   1728 |  6912 |    24 | 1.00 | 1.00 |     152.1 |       155.6 |         152.3 |      166.5 
       abc-bk-akc |    144 | 18432 |   128 | 1.00 | 1.00 |     334.5 |       333.1 |         168.0 |      221.2 

=== c64 ===
             case |      m |     n |     k | regA | regB | plan GF/s | packed GF/s | upstream GF/s | tblis GF/s 
------------------+--------+-------+-------+------+------+-----------+-------------+---------------+------------
         ij-ik-kj |   1464 |  1448 |  1464 | 1.00 | 1.00 |     311.5 |       257.8 |         299.9 |      508.4 
       ij-ikl-ljk |    144 |   128 | 18432 | 1.00 | 1.00 |     213.2 |       222.8 |         240.9 |      271.1 
       ij-kil-lkj |    144 |   128 | 20736 | 1.00 | 1.00 |     345.3 |       335.1 |         219.7 |      255.9 
       ijk-ikl-lj |  18432 |   128 |   144 | 1.00 | 1.00 |     465.6 |       493.3 |         263.3 |      300.8 
       ijk-il-jlk |    144 | 18432 |   128 | 1.00 | 1.00 |     500.7 |       496.9 |         361.3 |      465.2 
       ijk-ilk-jl |  18432 |   144 |   128 | 1.00 | 1.00 |     496.2 |       540.2 |         301.1 |      355.0 
       ijk-ilk-lj |  18432 |   128 |   144 | 1.00 | 1.00 |     526.5 |       525.2 |         267.7 |      351.8 
     ijk-ilmk-mjl |   1920 |    40 |  1920 | 1.00 | 1.00 |     329.7 |       337.6 |         185.0 |      295.4 
   ijkl-imjn-lnkm |   1920 |  1920 |  1600 | 1.00 | 0.90 |     439.4 |       454.0 |         365.7 |      493.8 
   ijkl-imjn-nlmk |   1920 |  1600 |  1920 | 1.00 | 0.90 |     485.5 |       448.7 |         353.3 |      508.6 
   ijkl-imkn-jnlm |   1920 |  1920 |  1600 | 1.00 | 1.00 |     459.8 |       376.6 |         341.5 |      501.5 
   ijkl-imkn-njml |   1920 |  1600 |  1920 | 1.00 | 0.90 |     442.7 |       403.1 |         362.4 |      502.9 
   ijkl-imln-jnkm |   1920 |  1920 |  1600 | 1.00 | 1.00 |     482.4 |       477.0 |         369.4 |      501.7 
   ijkl-imln-njmk |   1920 |  1600 |  1920 | 1.00 | 0.90 |     257.2 |       258.8 |         342.0 |      504.5 
   ijkl-imnj-nlkm |   1920 |  1600 |  1920 | 1.00 | 0.90 |     508.6 |       504.8 |         486.4 |      500.4 
   ijkl-imnk-njml |   1920 |  1600 |  1920 | 1.00 | 0.90 |     485.7 |       446.1 |         352.1 |      508.1 
   ijkl-minj-nlmk |   1920 |  1600 |  2304 | 1.00 | 0.90 |     411.4 |       304.5 |         321.6 |      495.1 
   ijkl-mink-jnlm |   1920 |  1920 |  1920 | 1.00 | 1.00 |     489.3 |       369.3 |         333.8 |      501.8 
   ijkl-minl-njmk |   1920 |  1600 |  2304 | 1.00 | 0.90 |     486.2 |       488.5 |         419.5 |      497.8 
     aqrs-pa-pqrs |     48 | 64000 |    48 | 1.00 | 1.00 |     333.9 |       330.9 |         224.3 |      295.4 
     abrs-qb-aqrs |     40 | 76800 |    48 | 1.00 | 1.00 |     377.7 |       332.7 |         212.4 |      181.1 
     abcs-rc-abrs |     40 | 76800 |    48 | 1.00 | 1.00 |     277.3 |       277.5 |         168.5 |      148.3 
       abj-bka-kj |  20736 |   128 |   144 | 1.00 | 1.00 |     310.3 |       317.5 |         211.1 |      223.0 
       ajb-kba-jk |  18432 |   144 |   144 | 1.00 | 1.00 |     388.0 |       387.1 |         219.2 |      287.4 
     abjc-cbka-kj |  92160 |    40 |    48 | 1.00 | 1.00 |     128.4 |       130.9 |          90.4 |      116.0 
     ajbc-ckba-jk |  92160 |    48 |    40 | 1.00 | 1.00 |     180.3 |       184.1 |         118.7 |      167.7 
     abjc-kbac-jk |  76800 |    48 |    48 | 1.00 | 1.00 |     313.8 |       307.8 |         165.5 |      160.5 
   abjcd-dkbac-jk | 230400 |    24 |    20 | 0.67 | 1.00 |     100.4 |       115.1 |          80.3 |      101.1 
   adbjc-cbdka-kj | 230400 |    20 |    24 | 0.67 | 1.00 |      75.1 |        71.5 |          53.9 |       74.5 
   ajbdc-ckbad-jk | 230400 |    24 |    20 | 1.00 | 1.00 |     106.8 |       105.8 |          73.2 |      109.3 
 abcijk-ijma-mkbc |   6912 |  1728 |    24 | 1.00 | 1.00 |     203.4 |       227.0 |         228.7 |      261.1 
 abcijk-ijmb-mkac |   3456 |  3456 |    24 | 1.00 | 1.00 |     270.3 |       252.1 |         274.1 |      169.9 
 abcijk-ijmc-mkab |   3456 |  3456 |    24 | 1.00 | 1.00 |     247.4 |       249.3 |         271.0 |      229.5 
 abcijk-ikma-mjbc |   6912 |  1728 |    24 | 1.00 | 1.00 |     228.2 |       235.4 |         226.8 |      260.8 
 abcijk-ikmb-mjac |   3456 |  3456 |    24 | 1.00 | 1.00 |     267.4 |       268.5 |         280.0 |      213.5 
 abcijk-ikmc-mjab |   3456 |  3456 |    24 | 1.00 | 1.00 |     270.8 |       250.3 |         273.2 |      226.1 
 abcijk-jkma-mibc |   6912 |  1728 |    24 | 1.00 | 1.00 |     222.0 |       225.2 |         230.1 |      261.8 
 abcijk-jkmb-miac |   3456 |  3456 |    24 | 1.00 | 1.00 |     276.0 |       279.6 |         275.6 |      155.8 
 abcijk-jkmc-miab |   3456 |  3456 |    24 | 1.00 | 1.00 |     252.4 |       266.2 |         271.4 |      199.9 
 abcijk-eiab-jkec |   3456 |  3456 |    24 | 1.00 | 1.00 |     273.5 |       278.0 |         270.3 |      198.8 
 abcijk-eiac-jkeb |   3456 |  3456 |    24 | 1.00 | 1.00 |     280.4 |       269.2 |         278.2 |      151.1 
 abcijk-eibc-jkea |   1728 |  6912 |    24 | 1.00 | 1.00 |     221.3 |       229.6 |         227.6 |      263.1 
 abcijk-ejab-ikec |   3456 |  3456 |    24 | 1.00 | 1.00 |     275.0 |       273.9 |         273.9 |      227.4 
 abcijk-ejac-ikeb |   3456 |  3456 |    24 | 1.00 | 1.00 |     269.7 |       244.9 |         277.2 |      213.2 
 abcijk-ejbc-ikea |   1728 |  6912 |    24 | 1.00 | 1.00 |     220.6 |       236.2 |         224.2 |      258.9 
 abcijk-ekab-ijec |   3456 |  3456 |    24 | 1.00 | 1.00 |     257.1 |       278.4 |         275.1 |      230.5 
 abcijk-ekac-ijeb |   3456 |  3456 |    24 | 1.00 | 1.00 |     268.4 |       248.2 |         276.7 |      172.1 
 abcijk-ekbc-ijea |   1728 |  6912 |    24 | 1.00 | 1.00 |     233.4 |       235.8 |         229.9 |      261.2 
       abc-bk-akc |    144 | 18432 |   128 | 1.00 | 1.00 |     394.0 |       391.4 |         213.2 |      294.6 

=== complex efficiency ratio (c64 GF/s over f64 GF/s; 1.0 = no penalty) ===
             case | plan c64/f64 | packed c64/f64 | upstream c64/f64 | tblis c64/f64 
------------------+--------------+----------------+------------------+---------------
         ij-ik-kj |        0.673 |          0.672 |            1.552 |         1.133 
       ij-ikl-ljk |        1.195 |          1.165 |            1.658 |         1.711 
       ij-kil-lkj |        1.983 |          1.905 |            1.460 |         1.623 
       ijk-ikl-lj |        1.199 |          2.070 |            1.259 |         1.348 
       ijk-il-jlk |        1.708 |          1.668 |            1.836 |         1.226 
       ijk-ilk-jl |        1.163 |          1.214 |            1.216 |         1.285 
       ijk-ilk-lj |        1.500 |          1.179 |            1.205 |         1.346 
     ijk-ilmk-mjl |        1.811 |          1.291 |            1.269 |         1.386 
   ijkl-imjn-lnkm |        1.045 |          1.047 |            0.905 |         1.035 
   ijkl-imjn-nlmk |        1.173 |          1.022 |            1.191 |         1.082 
   ijkl-imkn-jnlm |        0.931 |          0.766 |            0.975 |         1.072 
   ijkl-imkn-njml |        0.922 |          0.837 |            0.854 |         1.075 
   ijkl-imln-jnkm |        0.972 |          1.014 |            0.981 |         1.076 
   ijkl-imln-njmk |        0.534 |          0.535 |            1.268 |         1.067 
   ijkl-imnj-nlkm |        1.160 |          1.163 |            1.272 |         1.070 
   ijkl-imnk-njml |        1.015 |          1.014 |            0.989 |         1.088 
   ijkl-minj-nlmk |        0.918 |          0.688 |            0.855 |         1.106 
   ijkl-mink-jnlm |        1.118 |          0.835 |            0.891 |         1.056 
   ijkl-minl-njmk |        1.040 |          1.123 |            1.342 |         1.079 
     aqrs-pa-pqrs |        1.323 |          1.521 |            1.357 |         1.931 
     abrs-qb-aqrs |        1.485 |          1.271 |            1.337 |         1.557 
     abcs-rc-abrs |        1.399 |          1.735 |            1.589 |         1.634 
       abj-bka-kj |        1.584 |          1.536 |            1.761 |         1.682 
       ajb-kba-jk |        1.203 |          1.253 |            0.817 |         1.384 
     abjc-cbka-kj |        2.864 |          2.607 |            2.761 |         1.964 
     ajbc-ckba-jk |        2.033 |          2.121 |            1.561 |         1.673 
     abjc-kbac-jk |        1.802 |          1.758 |            1.616 |         1.690 
   abjcd-dkbac-jk |        2.151 |          2.481 |            2.060 |         1.909 
   adbjc-cbdka-kj |        2.731 |          2.385 |            2.487 |         2.730 
   ajbdc-ckbad-jk |        2.537 |          2.520 |            1.800 |         2.495 
 abcijk-ijma-mkbc |        1.325 |          1.672 |            1.541 |         1.558 
 abcijk-ijmb-mkac |        1.832 |          1.589 |            1.652 |         2.059 
 abcijk-ijmc-mkab |        1.451 |          1.608 |            1.709 |         1.857 
 abcijk-ikma-mjbc |        1.594 |          1.494 |            1.483 |         1.659 
 abcijk-ikmb-mjac |        1.543 |          1.555 |            1.733 |         1.935 
 abcijk-ikmc-mjab |        1.831 |          1.556 |            1.726 |         2.142 
 abcijk-jkma-mibc |        1.642 |          1.491 |            1.510 |         1.650 
 abcijk-jkmb-miac |        1.788 |          1.649 |            1.686 |         1.956 
 abcijk-jkmc-miab |        1.519 |          1.694 |            1.634 |         2.000 
 abcijk-eiab-jkec |        1.674 |          1.751 |            1.704 |         2.044 
 abcijk-eiac-jkeb |        1.804 |          1.605 |            1.725 |         1.793 
 abcijk-eibc-jkea |        1.426 |          1.522 |            1.494 |         1.607 
 abcijk-ejab-ikec |        1.698 |          1.738 |            1.753 |         2.136 
 abcijk-ejac-ikeb |        1.654 |          1.437 |            1.629 |         1.919 
 abcijk-ejbc-ikea |        1.528 |          1.601 |            1.471 |         1.544 
 abcijk-ekab-ijec |        1.679 |          1.760 |            1.723 |         1.888 
 abcijk-ekac-ijeb |        1.793 |          1.485 |            1.731 |         1.980 
 abcijk-ekbc-ijea |        1.535 |          1.516 |            1.510 |         1.569 
       abc-bk-akc |        1.178 |          1.175 |            1.269 |         1.332 
             MEAN |        1.503 |          1.475 |            1.486 |         1.595 

wrote /home/shinaoka/projects/tensor4all/tprims-rs/benchmarks/benchmarks/tcbench/results/2026-10-07-native/A-16m-12t.pending.csv
