# threads: requested=4 pool=4 budget=4
host        : shinaoka-EVO-X1Pro
target      : x86_64 / linux
cpu features: avx2 fma avx512f avx512dq 
caches      : L1=48KiB/12-way/2sh L2=1024KiB/16-way/2sh L3=16384KiB/16-way/8sh (via sysfs), blocking=legacy
l3 domains  : t1=1 t4=1 t8=2
baselines   : tblis=true blas=false
tblis       : abi 2.x, 4 thread(s)

running 49 cases at 16 MiB nominal tensor size, 5 reps, stress=none


=== f64 ===
             case |      m |     n |     k | regA | regB | plan GF/s | packed GF/s | upstream GF/s | tblis GF/s 
------------------+--------+-------+-------+------+------+-----------+-------------+---------------+------------
         ij-ik-kj |   1464 |  1448 |  1464 | 0.00 | 0.00 |     145.3 |       130.4 |         127.3 |      175.2 
       ij-ikl-ljk |    144 |   128 | 18432 | 1.00 | 1.00 |     102.9 |       102.5 |          98.9 |       88.7 
       ij-kil-lkj |    144 |   128 | 20736 | 1.00 | 1.00 |      98.0 |        98.1 |          95.4 |       79.4 
       ijk-ikl-lj |  18432 |   128 |   144 | 1.00 | 1.00 |     162.7 |       160.3 |         156.8 |      107.7 
       ijk-il-jlk |    144 | 18432 |   128 | 1.00 | 1.00 |     124.0 |       125.6 |         117.3 |      141.2 
       ijk-ilk-jl |  18432 |   144 |   128 | 1.00 | 1.00 |     150.2 |       170.8 |         165.2 |      125.3 
       ijk-ilk-lj |  18432 |   128 |   144 | 1.00 | 1.00 |     164.6 |       169.5 |         163.2 |      119.6 
     ijk-ilmk-mjl |   1920 |    40 |  1920 | 1.00 | 1.00 |     124.9 |       126.5 |         129.2 |       82.7 
   ijkl-imjn-lnkm |   1920 |  1920 |  1600 | 1.00 | 1.00 |     179.2 |       179.4 |         175.5 |      180.0 
   ijkl-imjn-nlmk |   1920 |  1600 |  1920 | 1.00 | 1.00 |     181.3 |       181.1 |         176.1 |      175.1 
   ijkl-imkn-jnlm |   1920 |  1920 |  1600 | 1.00 | 1.00 |     182.6 |       182.3 |         180.3 |      177.8 
   ijkl-imkn-njml |   1920 |  1600 |  1920 | 1.00 | 1.00 |     181.6 |       181.7 |         179.0 |      174.2 
   ijkl-imln-jnkm |   1920 |  1920 |  1600 | 1.00 | 1.00 |     182.9 |       183.0 |         181.1 |      176.3 
   ijkl-imln-njmk |   1920 |  1600 |  1920 | 1.00 | 1.00 |     182.0 |       181.9 |         180.3 |      174.8 
   ijkl-imnj-nlkm |   1920 |  1600 |  1920 | 1.00 | 1.00 |     180.6 |       180.6 |         175.6 |      176.2 
   ijkl-imnk-njml |   1920 |  1600 |  1920 | 1.00 | 1.00 |     181.6 |       181.1 |         179.7 |      176.2 
   ijkl-minj-nlmk |   1920 |  1600 |  2304 | 1.00 | 1.00 |     178.7 |       178.4 |         174.2 |      171.2 
   ijkl-mink-jnlm |   1920 |  1920 |  1920 | 1.00 | 1.00 |     181.6 |       181.1 |         179.0 |      177.5 
   ijkl-minl-njmk |   1920 |  1600 |  2304 | 1.00 | 1.00 |     177.4 |       177.5 |         172.8 |      170.5 
     aqrs-pa-pqrs |     48 | 64000 |    48 | 0.00 | 0.00 |     134.0 |       108.6 |         103.1 |       61.3 
     abrs-qb-aqrs |     40 | 76800 |    48 | 1.00 | 1.00 |     129.0 |       131.3 |         123.2 |       68.3 
     abcs-rc-abrs |     40 | 76800 |    48 | 1.00 | 1.00 |     114.1 |       118.4 |         106.5 |       60.3 
       abj-bka-kj |  20736 |   128 |   144 | 1.00 | 1.00 |     136.0 |       136.6 |         132.0 |       78.9 
       ajb-kba-jk |  18432 |   144 |   144 | 1.00 | 1.00 |     159.0 |       162.7 |         151.8 |      126.6 
     abjc-cbka-kj |  92160 |    40 |    48 | 1.00 | 1.00 |      27.4 |        27.7 |          26.7 |       39.5 
     ajbc-ckba-jk |  92160 |    48 |    40 | 1.00 | 1.00 |      47.2 |        47.2 |          44.7 |       63.3 
     abjc-kbac-jk |  76800 |    48 |    48 | 1.00 | 1.00 |     101.3 |        99.5 |          94.4 |       52.7 
   abjcd-dkbac-jk | 230400 |    24 |    20 | 1.00 | 1.00 |      31.3 |        31.3 |          29.9 |       29.9 
   adbjc-cbdka-kj | 230400 |    20 |    24 | 1.00 | 1.00 |      16.9 |        16.5 |          15.9 |       17.6 
   ajbdc-ckbad-jk | 230400 |    24 |    20 | 1.00 | 1.00 |      31.5 |        31.7 |          29.7 |       32.5 
 abcijk-ijma-mkbc |   6912 |  1728 |    24 | 1.00 | 1.00 |     130.6 |       130.9 |         122.4 |      109.4 
 abcijk-ijmb-mkac |   3456 |  3456 |    24 | 1.00 | 0.67 |     117.2 |       123.9 |         116.7 |       66.1 
 abcijk-ijmc-mkab |   3456 |  3456 |    24 | 1.00 | 0.67 |     119.0 |       119.4 |         113.6 |       83.6 
 abcijk-ikma-mjbc |   6912 |  1728 |    24 | 1.00 | 1.00 |     130.1 |       130.6 |         122.4 |      109.4 
 abcijk-ikmb-mjac |   3456 |  3456 |    24 | 1.00 | 0.67 |     123.5 |       123.9 |         116.4 |       90.1 
 abcijk-ikmc-mjab |   3456 |  3456 |    24 | 1.00 | 0.67 |     118.4 |       120.1 |         114.1 |       75.6 
 abcijk-jkma-mibc |   6912 |  1728 |    24 | 1.00 | 1.00 |     133.2 |       133.9 |         124.7 |      111.6 
 abcijk-jkmb-miac |   3456 |  3456 |    24 | 1.00 | 0.67 |     122.3 |       123.7 |         115.6 |       49.3 
 abcijk-jkmc-miab |   3456 |  3456 |    24 | 1.00 | 0.67 |     118.9 |       118.4 |         115.1 |       61.9 
 abcijk-eiab-jkec |   3456 |  3456 |    24 | 1.00 | 0.67 |     120.1 |       121.7 |         115.0 |       61.4 
 abcijk-eiac-jkeb |   3456 |  3456 |    24 | 1.00 | 0.67 |     122.5 |       122.3 |         115.0 |       49.4 
 abcijk-eibc-jkea |   1728 |  6912 |    24 | 1.00 | 1.00 |     133.7 |       132.9 |         123.3 |      111.2 
 abcijk-ejab-ikec |   3456 |  3456 |    24 | 1.00 | 0.67 |     121.9 |       120.3 |         112.7 |       76.0 
 abcijk-ejac-ikeb |   3456 |  3456 |    24 | 1.00 | 0.67 |     123.7 |       124.1 |         116.4 |       89.6 
 abcijk-ejbc-ikea |   1728 |  6912 |    24 | 1.00 | 1.00 |     130.7 |       129.3 |         121.4 |      109.9 
 abcijk-ekab-ijec |   3456 |  3456 |    24 | 1.00 | 0.67 |     120.2 |       119.7 |         115.4 |       83.9 
 abcijk-ekac-ijeb |   3456 |  3456 |    24 | 1.00 | 0.67 |     123.0 |       123.6 |         116.8 |       64.8 
 abcijk-ekbc-ijea |   1728 |  6912 |    24 | 1.00 | 1.00 |     129.9 |       131.2 |         122.2 |      109.4 
       abc-bk-akc |    144 | 18432 |   128 | 1.00 | 1.00 |     153.9 |       169.9 |         165.8 |      125.7 

=== c64 ===
             case |      m |     n |     k | regA | regB | plan GF/s | packed GF/s | upstream GF/s | tblis GF/s 
------------------+--------+-------+-------+------+------+-----------+-------------+---------------+------------
         ij-ik-kj |   1464 |  1448 |  1464 | 1.00 | 1.00 |     190.8 |       190.8 |         189.6 |      185.6 
       ij-ikl-ljk |    144 |   128 | 18432 | 1.00 | 1.00 |     121.0 |       120.2 |         116.4 |      117.4 
       ij-kil-lkj |    144 |   128 | 20736 | 1.00 | 1.00 |     116.9 |       116.9 |         111.9 |      108.2 
       ijk-ikl-lj |  18432 |   128 |   144 | 1.00 | 1.00 |     176.6 |       180.8 |         179.1 |      134.1 
       ijk-il-jlk |    144 | 18432 |   128 | 1.00 | 1.00 |     137.0 |       135.4 |         136.8 |      169.4 
       ijk-ilk-jl |  18432 |   144 |   128 | 1.00 | 1.00 |     190.7 |       190.4 |         188.1 |      146.1 
       ijk-ilk-lj |  18432 |   128 |   144 | 1.00 | 1.00 |     184.7 |       183.9 |         182.2 |      143.1 
     ijk-ilmk-mjl |   1920 |    40 |  1920 | 1.00 | 1.00 |     148.5 |       148.4 |         145.7 |      108.6 
   ijkl-imjn-lnkm |   1920 |  1920 |  1600 | 1.00 | 0.90 |     186.9 |       186.9 |         184.6 |      181.3 
   ijkl-imjn-nlmk |   1920 |  1600 |  1920 | 1.00 | 0.90 |     187.9 |       188.0 |         186.3 |      180.4 
   ijkl-imkn-jnlm |   1920 |  1920 |  1600 | 1.00 | 1.00 |     190.1 |       190.2 |         188.1 |      178.7 
   ijkl-imkn-njml |   1920 |  1600 |  1920 | 1.00 | 0.90 |     189.6 |       189.5 |         187.5 |      179.4 
   ijkl-imln-jnkm |   1920 |  1920 |  1600 | 1.00 | 1.00 |     190.9 |       190.8 |         188.7 |      178.9 
   ijkl-imln-njmk |   1920 |  1600 |  1920 | 1.00 | 0.90 |     190.3 |       190.3 |         188.3 |      179.2 
   ijkl-imnj-nlkm |   1920 |  1600 |  1920 | 1.00 | 0.90 |     188.0 |       188.0 |         186.7 |      181.3 
   ijkl-imnk-njml |   1920 |  1600 |  1920 | 1.00 | 0.90 |     189.7 |       189.8 |         188.2 |      180.4 
   ijkl-minj-nlmk |   1920 |  1600 |  2304 | 1.00 | 0.90 |     185.9 |       185.8 |         184.2 |      178.8 
   ijkl-mink-jnlm |   1920 |  1920 |  1920 | 1.00 | 1.00 |     188.5 |       188.6 |         185.8 |      180.1 
   ijkl-minl-njmk |   1920 |  1600 |  2304 | 1.00 | 0.90 |     187.9 |       187.9 |         185.6 |      178.8 
     aqrs-pa-pqrs |     48 | 64000 |    48 | 1.00 | 1.00 |     147.2 |       147.1 |         142.9 |      111.5 
     abrs-qb-aqrs |     40 | 76800 |    48 | 1.00 | 1.00 |     153.1 |       152.2 |         150.9 |      100.6 
     abcs-rc-abrs |     40 | 76800 |    48 | 1.00 | 1.00 |     147.6 |       147.9 |         145.9 |       95.9 
       abj-bka-kj |  20736 |   128 |   144 | 1.00 | 1.00 |     156.4 |       156.6 |         154.0 |      114.8 
       ajb-kba-jk |  18432 |   144 |   144 | 1.00 | 1.00 |     188.8 |       189.3 |         187.7 |      153.3 
     abjc-cbka-kj |  92160 |    40 |    48 | 1.00 | 1.00 |      68.7 |        70.1 |          69.1 |       74.4 
     ajbc-ckba-jk |  92160 |    48 |    40 | 1.00 | 1.00 |      95.1 |        96.0 |          95.0 |      105.1 
     abjc-kbac-jk |  76800 |    48 |    48 | 1.00 | 1.00 |     159.0 |       154.4 |         151.9 |       77.8 
   abjcd-dkbac-jk | 230400 |    24 |    20 | 0.67 | 1.00 |      68.1 |        67.9 |          65.1 |       62.6 
   adbjc-cbdka-kj | 230400 |    20 |    24 | 0.67 | 1.00 |      38.7 |        37.3 |          37.0 |       45.5 
   ajbdc-ckbad-jk | 230400 |    24 |    20 | 1.00 | 1.00 |      58.1 |        58.1 |          54.7 |       67.1 
 abcijk-ijma-mkbc |   6912 |  1728 |    24 | 1.00 | 1.00 |     165.9 |       166.0 |         160.9 |      142.7 
 abcijk-ijmb-mkac |   3456 |  3456 |    24 | 1.00 | 1.00 |     170.9 |       171.1 |         166.8 |      108.1 
 abcijk-ijmc-mkab |   3456 |  3456 |    24 | 1.00 | 1.00 |     168.3 |       168.6 |         165.4 |      137.6 
 abcijk-ikma-mjbc |   6912 |  1728 |    24 | 1.00 | 1.00 |     165.2 |       164.6 |         160.6 |      142.8 
 abcijk-ikmb-mjac |   3456 |  3456 |    24 | 1.00 | 1.00 |     171.0 |       171.2 |         166.9 |      127.6 
 abcijk-ikmc-mjab |   3456 |  3456 |    24 | 1.00 | 1.00 |     168.7 |       168.9 |         165.6 |      124.4 
 abcijk-jkma-mibc |   6912 |  1728 |    24 | 1.00 | 1.00 |     166.2 |       165.6 |         161.5 |      143.1 
 abcijk-jkmb-miac |   3456 |  3456 |    24 | 1.00 | 1.00 |     170.5 |       170.8 |         169.4 |       85.2 
 abcijk-jkmc-miab |   3456 |  3456 |    24 | 1.00 | 1.00 |     167.2 |       167.4 |         163.2 |       98.4 
 abcijk-eiab-jkec |   3456 |  3456 |    24 | 1.00 | 1.00 |     167.2 |       166.0 |         162.7 |       99.2 
 abcijk-eiac-jkeb |   3456 |  3456 |    24 | 1.00 | 1.00 |     170.9 |       170.5 |         169.7 |       84.8 
 abcijk-eibc-jkea |   1728 |  6912 |    24 | 1.00 | 1.00 |     166.2 |       165.5 |         161.5 |      143.3 
 abcijk-ejab-ikec |   3456 |  3456 |    24 | 1.00 | 1.00 |     169.1 |       169.1 |         165.6 |      125.2 
 abcijk-ejac-ikeb |   3456 |  3456 |    24 | 1.00 | 1.00 |     171.1 |       171.6 |         170.9 |      127.2 
 abcijk-ejbc-ikea |   1728 |  6912 |    24 | 1.00 | 1.00 |     166.5 |       159.4 |         161.7 |      142.6 
 abcijk-ekab-ijec |   3456 |  3456 |    24 | 1.00 | 1.00 |     168.8 |       170.8 |         165.8 |      138.9 
 abcijk-ekac-ijeb |   3456 |  3456 |    24 | 1.00 | 1.00 |     171.1 |       170.7 |         166.2 |      108.6 
 abcijk-ekbc-ijea |   1728 |  6912 |    24 | 1.00 | 1.00 |     166.0 |       165.6 |         160.1 |      142.7 
       abc-bk-akc |    144 | 18432 |   128 | 1.00 | 1.00 |     190.2 |       184.9 |         188.0 |      146.1 

=== complex efficiency ratio (c64 GF/s over f64 GF/s; 1.0 = no penalty) ===
             case | plan c64/f64 | packed c64/f64 | upstream c64/f64 | tblis c64/f64 
------------------+--------------+----------------+------------------+---------------
         ij-ik-kj |        1.313 |          1.463 |            1.490 |         1.059 
       ij-ikl-ljk |        1.176 |          1.172 |            1.177 |         1.323 
       ij-kil-lkj |        1.193 |          1.191 |            1.173 |         1.362 
       ijk-ikl-lj |        1.085 |          1.128 |            1.142 |         1.246 
       ijk-il-jlk |        1.105 |          1.078 |            1.167 |         1.200 
       ijk-ilk-jl |        1.269 |          1.115 |            1.139 |         1.166 
       ijk-ilk-lj |        1.122 |          1.085 |            1.116 |         1.196 
     ijk-ilmk-mjl |        1.188 |          1.173 |            1.128 |         1.313 
   ijkl-imjn-lnkm |        1.043 |          1.042 |            1.052 |         1.007 
   ijkl-imjn-nlmk |        1.037 |          1.038 |            1.058 |         1.030 
   ijkl-imkn-jnlm |        1.041 |          1.044 |            1.043 |         1.005 
   ijkl-imkn-njml |        1.044 |          1.043 |            1.047 |         1.030 
   ijkl-imln-jnkm |        1.043 |          1.042 |            1.042 |         1.015 
   ijkl-imln-njmk |        1.046 |          1.046 |            1.044 |         1.025 
   ijkl-imnj-nlkm |        1.041 |          1.041 |            1.063 |         1.029 
   ijkl-imnk-njml |        1.045 |          1.048 |            1.048 |         1.024 
   ijkl-minj-nlmk |        1.040 |          1.042 |            1.057 |         1.045 
   ijkl-mink-jnlm |        1.038 |          1.041 |            1.038 |         1.015 
   ijkl-minl-njmk |        1.060 |          1.059 |            1.074 |         1.048 
     aqrs-pa-pqrs |        1.098 |          1.355 |            1.387 |         1.817 
     abrs-qb-aqrs |        1.187 |          1.159 |            1.226 |         1.472 
     abcs-rc-abrs |        1.294 |          1.249 |            1.369 |         1.590 
       abj-bka-kj |        1.150 |          1.146 |            1.167 |         1.456 
       ajb-kba-jk |        1.187 |          1.163 |            1.237 |         1.211 
     abjc-cbka-kj |        2.506 |          2.529 |            2.585 |         1.882 
     ajbc-ckba-jk |        2.014 |          2.034 |            2.124 |         1.660 
     abjc-kbac-jk |        1.569 |          1.552 |            1.610 |         1.476 
   abjcd-dkbac-jk |        2.172 |          2.171 |            2.178 |         2.090 
   adbjc-cbdka-kj |        2.297 |          2.253 |            2.331 |         2.589 
   ajbdc-ckbad-jk |        1.845 |          1.832 |            1.841 |         2.066 
 abcijk-ijma-mkbc |        1.271 |          1.268 |            1.314 |         1.305 
 abcijk-ijmb-mkac |        1.458 |          1.381 |            1.429 |         1.635 
 abcijk-ijmc-mkab |        1.415 |          1.412 |            1.457 |         1.647 
 abcijk-ikma-mjbc |        1.270 |          1.261 |            1.312 |         1.305 
 abcijk-ikmb-mjac |        1.385 |          1.382 |            1.433 |         1.417 
 abcijk-ikmc-mjab |        1.425 |          1.406 |            1.451 |         1.646 
 abcijk-jkma-mibc |        1.248 |          1.237 |            1.296 |         1.282 
 abcijk-jkmb-miac |        1.395 |          1.381 |            1.465 |         1.728 
 abcijk-jkmc-miab |        1.406 |          1.414 |            1.418 |         1.589 
 abcijk-eiab-jkec |        1.392 |          1.364 |            1.415 |         1.615 
 abcijk-eiac-jkeb |        1.395 |          1.394 |            1.476 |         1.719 
 abcijk-eibc-jkea |        1.243 |          1.245 |            1.310 |         1.289 
 abcijk-ejab-ikec |        1.387 |          1.406 |            1.469 |         1.647 
 abcijk-ejac-ikeb |        1.383 |          1.382 |            1.468 |         1.420 
 abcijk-ejbc-ikea |        1.275 |          1.233 |            1.332 |         1.298 
 abcijk-ekab-ijec |        1.405 |          1.427 |            1.437 |         1.655 
 abcijk-ekac-ijeb |        1.391 |          1.381 |            1.423 |         1.676 
 abcijk-ekbc-ijea |        1.278 |          1.262 |            1.309 |         1.304 
       abc-bk-akc |        1.236 |          1.089 |            1.134 |         1.163 
             MEAN |        1.325 |          1.320 |            1.357 |         1.404 

wrote /home/shinaoka/projects/tensor4all/tprims-rs/benchmarks/benchmarks/tcbench/results/2026-10-07-native/A-16m-4t.pending.csv
