# threads: requested=8 pool=8 budget=8
host        : shinaoka-EVO-X1Pro
target      : x86_64 / linux
cpu features: avx2 fma avx512f avx512dq 
caches      : L1=48KiB/12-way/2sh L2=1024KiB/16-way/2sh L3=16384KiB/16-way/8sh (via sysfs), blocking=legacy
l3 domains  : t1=1 t4=1 t8=2 t16=4
baselines   : tblis=true blas=false
tblis       : abi 2.x, 8 thread(s)

running 49 cases at 16 MiB nominal tensor size, 5 reps, stress=none


=== f64 ===
             case |      m |     n |     k | regA | regB | plan GF/s | packed GF/s | upstream GF/s | tblis GF/s 
------------------+--------+-------+-------+------+------+-----------+-------------+---------------+------------
         ij-ik-kj |   1464 |  1448 |  1464 | 0.00 | 0.00 |     283.2 |       254.4 |         246.7 |      317.6 
       ij-ikl-ljk |    144 |   128 | 18432 | 1.00 | 1.00 |     203.0 |       215.1 |         197.8 |      134.7 
       ij-kil-lkj |    144 |   128 | 20736 | 1.00 | 1.00 |     180.8 |       181.4 |         169.9 |      118.9 
       ijk-ikl-lj |  18432 |   128 |   144 | 1.00 | 1.00 |     283.2 |       285.0 |         274.6 |      161.8 
       ijk-il-jlk |    144 | 18432 |   128 | 1.00 | 1.00 |     264.6 |       265.9 |         241.0 |      260.7 
       ijk-ilk-jl |  18432 |   144 |   128 | 1.00 | 1.00 |     306.3 |       306.6 |         293.4 |      191.8 
       ijk-ilk-lj |  18432 |   128 |   144 | 1.00 | 1.00 |     303.7 |       308.3 |         292.4 |      184.8 
     ijk-ilmk-mjl |   1920 |    40 |  1920 | 1.00 | 1.00 |     170.2 |       208.1 |         184.5 |      142.5 
   ijkl-imjn-lnkm |   1920 |  1920 |  1600 | 1.00 | 1.00 |     329.8 |       330.0 |         320.8 |      327.4 
   ijkl-imjn-nlmk |   1920 |  1600 |  1920 | 1.00 | 1.00 |     327.4 |       327.1 |         320.6 |      324.3 
   ijkl-imkn-jnlm |   1920 |  1920 |  1600 | 1.00 | 1.00 |     352.1 |       352.1 |         342.2 |      319.5 
   ijkl-imkn-njml |   1920 |  1600 |  1920 | 1.00 | 1.00 |     351.6 |       351.9 |         344.8 |      321.4 
   ijkl-imln-jnkm |   1920 |  1920 |  1600 | 1.00 | 1.00 |     352.3 |       353.5 |         342.2 |      318.9 
   ijkl-imln-njmk |   1920 |  1600 |  1920 | 1.00 | 1.00 |     351.6 |       352.2 |         347.2 |      321.5 
   ijkl-imnj-nlkm |   1920 |  1600 |  1920 | 1.00 | 1.00 |     325.9 |       326.7 |         317.8 |      329.2 
   ijkl-imnk-njml |   1920 |  1600 |  1920 | 1.00 | 1.00 |     350.1 |       350.0 |         343.3 |      327.3 
   ijkl-minj-nlmk |   1920 |  1600 |  2304 | 1.00 | 1.00 |     323.0 |       322.9 |         315.5 |      316.1 
   ijkl-mink-jnlm |   1920 |  1920 |  1920 | 1.00 | 1.00 |     351.1 |       348.5 |         339.6 |      324.3 
   ijkl-minl-njmk |   1920 |  1600 |  2304 | 1.00 | 1.00 |     337.8 |       337.6 |         332.6 |      316.6 
     aqrs-pa-pqrs |     48 | 64000 |    48 | 0.00 | 0.00 |     183.6 |       172.9 |         159.2 |      105.8 
     abrs-qb-aqrs |     40 | 76800 |    48 | 1.00 | 1.00 |     185.3 |       189.6 |         179.9 |       87.3 
     abcs-rc-abrs |     40 | 76800 |    48 | 1.00 | 1.00 |     151.3 |       150.4 |         142.7 |       68.7 
       abj-bka-kj |  20736 |   128 |   144 | 1.00 | 1.00 |     177.4 |       176.0 |         165.6 |      115.4 
       ajb-kba-jk |  18432 |   144 |   144 | 1.00 | 1.00 |     278.7 |       281.7 |         262.6 |      201.9 
     abjc-cbka-kj |  92160 |    40 |    48 | 1.00 | 1.00 |      41.4 |        41.1 |          41.0 |       49.6 
     ajbc-ckba-jk |  92160 |    48 |    40 | 1.00 | 1.00 |      69.2 |        69.3 |          66.2 |       89.4 
     abjc-kbac-jk |  76800 |    48 |    48 | 1.00 | 1.00 |     142.6 |       147.4 |         136.9 |       71.8 
   abjcd-dkbac-jk | 230400 |    24 |    20 | 1.00 | 1.00 |      49.6 |        49.8 |          45.9 |       42.8 
   adbjc-cbdka-kj | 230400 |    20 |    24 | 1.00 | 1.00 |      27.6 |        27.2 |          26.4 |       24.0 
   ajbdc-ckbad-jk | 230400 |    24 |    20 | 1.00 | 1.00 |      50.0 |        50.0 |          46.3 |       47.2 
 abcijk-ijma-mkbc |   6912 |  1728 |    24 | 1.00 | 1.00 |     155.7 |       156.9 |         154.9 |      147.0 
 abcijk-ijmb-mkac |   3456 |  3456 |    24 | 1.00 | 0.67 |     161.3 |       161.3 |         153.4 |       81.0 
 abcijk-ijmc-mkab |   3456 |  3456 |    24 | 1.00 | 0.67 |     155.7 |       159.5 |         153.6 |      108.5 
 abcijk-ikma-mjbc |   6912 |  1728 |    24 | 1.00 | 1.00 |     156.4 |       156.6 |         155.8 |      147.3 
 abcijk-ikmb-mjac |   3456 |  3456 |    24 | 1.00 | 0.67 |     159.8 |       161.0 |         152.6 |      120.0 
 abcijk-ikmc-mjab |   3456 |  3456 |    24 | 1.00 | 0.67 |     156.2 |       156.1 |         150.0 |      106.4 
 abcijk-jkma-mibc |   6912 |  1728 |    24 | 1.00 | 1.00 |     154.7 |       156.1 |         152.1 |      149.8 
 abcijk-jkmb-miac |   3456 |  3456 |    24 | 1.00 | 0.67 |     161.8 |       160.6 |         150.4 |       76.3 
 abcijk-jkmc-miab |   3456 |  3456 |    24 | 1.00 | 0.67 |     159.0 |       159.6 |         154.8 |       85.7 
 abcijk-eiab-jkec |   3456 |  3456 |    24 | 1.00 | 0.67 |     160.9 |       160.1 |         153.8 |       86.2 
 abcijk-eiac-jkeb |   3456 |  3456 |    24 | 1.00 | 0.67 |     158.7 |       158.5 |         152.1 |       76.5 
 abcijk-eibc-jkea |   1728 |  6912 |    24 | 1.00 | 1.00 |     154.0 |       154.8 |         154.8 |      149.6 
 abcijk-ejab-ikec |   3456 |  3456 |    24 | 1.00 | 0.67 |     156.7 |       158.3 |         150.1 |      105.7 
 abcijk-ejac-ikeb |   3456 |  3456 |    24 | 1.00 | 0.67 |     160.2 |       159.8 |         153.0 |      120.8 
 abcijk-ejbc-ikea |   1728 |  6912 |    24 | 1.00 | 1.00 |     158.4 |       155.6 |         153.8 |      147.8 
 abcijk-ekab-ijec |   3456 |  3456 |    24 | 1.00 | 0.67 |     160.4 |       157.6 |         151.9 |      107.2 
 abcijk-ekac-ijeb |   3456 |  3456 |    24 | 1.00 | 0.67 |     160.8 |       159.2 |         152.6 |       84.1 
 abcijk-ekbc-ijea |   1728 |  6912 |    24 | 1.00 | 1.00 |     156.7 |       156.0 |         154.9 |      147.5 
       abc-bk-akc |    144 | 18432 |   128 | 1.00 | 1.00 |     300.4 |       309.3 |         291.7 |      195.7 

=== c64 ===
             case |      m |     n |     k | regA | regB | plan GF/s | packed GF/s | upstream GF/s | tblis GF/s 
------------------+--------+-------+-------+------+------+-----------+-------------+---------------+------------
         ij-ik-kj |   1464 |  1448 |  1464 | 1.00 | 1.00 |     347.8 |       348.0 |         335.9 |      359.5 
       ij-ikl-ljk |    144 |   128 | 18432 | 1.00 | 1.00 |     169.8 |       169.3 |         162.3 |      197.2 
       ij-kil-lkj |    144 |   128 | 20736 | 1.00 | 1.00 |     165.2 |       164.7 |         157.1 |      172.9 
       ijk-ikl-lj |  18432 |   128 |   144 | 1.00 | 1.00 |     344.2 |       348.4 |         338.4 |      227.1 
       ijk-il-jlk |    144 | 18432 |   128 | 1.00 | 1.00 |     201.2 |       201.0 |         199.3 |      326.9 
       ijk-ilk-jl |  18432 |   144 |   128 | 1.00 | 1.00 |     370.8 |       360.0 |         364.7 |      255.0 
       ijk-ilk-lj |  18432 |   128 |   144 | 1.00 | 1.00 |     361.3 |       357.9 |         353.2 |      246.8 
     ijk-ilmk-mjl |   1920 |    40 |  1920 | 1.00 | 1.00 |     256.2 |       271.5 |         258.1 |      186.2 
   ijkl-imjn-lnkm |   1920 |  1920 |  1600 | 1.00 | 0.90 |     344.6 |       344.6 |         335.9 |      351.6 
   ijkl-imjn-nlmk |   1920 |  1600 |  1920 | 1.00 | 0.90 |     351.3 |       350.8 |         344.1 |      350.1 
   ijkl-imkn-jnlm |   1920 |  1920 |  1600 | 1.00 | 1.00 |     362.3 |       361.8 |         355.1 |      345.8 
   ijkl-imkn-njml |   1920 |  1600 |  1920 | 1.00 | 0.90 |     358.7 |       358.5 |         349.3 |      348.4 
   ijkl-imln-jnkm |   1920 |  1920 |  1600 | 1.00 | 1.00 |     363.8 |       363.8 |         356.3 |      345.4 
   ijkl-imln-njmk |   1920 |  1600 |  1920 | 1.00 | 0.90 |     359.1 |       359.6 |         349.9 |      349.3 
   ijkl-imnj-nlkm |   1920 |  1600 |  1920 | 1.00 | 0.90 |     352.7 |       352.4 |         346.2 |      352.7 
   ijkl-imnk-njml |   1920 |  1600 |  1920 | 1.00 | 0.90 |     359.2 |       359.2 |         349.0 |      351.8 
   ijkl-minj-nlmk |   1920 |  1600 |  2304 | 1.00 | 0.90 |     353.5 |       353.3 |         349.9 |      349.3 
   ijkl-mink-jnlm |   1920 |  1920 |  1920 | 1.00 | 1.00 |     364.1 |       363.9 |         356.3 |      348.0 
   ijkl-minl-njmk |   1920 |  1600 |  2304 | 1.00 | 0.90 |     360.3 |       359.0 |         353.8 |      347.5 
     aqrs-pa-pqrs |     48 | 64000 |    48 | 1.00 | 1.00 |     269.5 |       267.2 |         260.5 |      208.0 
     abrs-qb-aqrs |     40 | 76800 |    48 | 1.00 | 1.00 |     289.3 |       293.1 |         285.7 |      135.6 
     abcs-rc-abrs |     40 | 76800 |    48 | 1.00 | 1.00 |     257.3 |       256.0 |         243.8 |      126.3 
       abj-bka-kj |  20736 |   128 |   144 | 1.00 | 1.00 |     283.7 |       278.4 |         273.3 |      194.4 
       ajb-kba-jk |  18432 |   144 |   144 | 1.00 | 1.00 |     365.4 |       367.8 |         359.9 |      267.9 
     abjc-cbka-kj |  92160 |    40 |    48 | 1.00 | 1.00 |     121.2 |       121.2 |         118.1 |      107.1 
     ajbc-ckba-jk |  92160 |    48 |    40 | 1.00 | 1.00 |      35.3 |        35.0 |          33.3 |      138.4 
     abjc-kbac-jk |  76800 |    48 |    48 | 1.00 | 1.00 |     206.3 |       207.1 |         197.2 |      132.5 
   abjcd-dkbac-jk | 230400 |    24 |    20 | 0.67 | 1.00 |      98.1 |        99.5 |          95.8 |       82.1 
   adbjc-cbdka-kj | 230400 |    20 |    24 | 0.67 | 1.00 |      67.2 |        65.4 |          64.2 |       62.1 
   ajbdc-ckbad-jk | 230400 |    24 |    20 | 1.00 | 1.00 |      32.0 |        30.5 |          25.1 |       91.6 
 abcijk-ijma-mkbc |   6912 |  1728 |    24 | 1.00 | 1.00 |     222.9 |       224.1 |         217.9 |      231.6 
 abcijk-ijmb-mkac |   3456 |  3456 |    24 | 1.00 | 1.00 |     256.5 |       273.0 |         279.8 |      171.3 
 abcijk-ijmc-mkab |   3456 |  3456 |    24 | 1.00 | 1.00 |     256.4 |       256.6 |         257.5 |      220.0 
 abcijk-ikma-mjbc |   6912 |  1728 |    24 | 1.00 | 1.00 |     219.3 |       222.2 |         216.1 |      234.3 
 abcijk-ikmb-mjac |   3456 |  3456 |    24 | 1.00 | 1.00 |     263.5 |       260.6 |         276.1 |      207.3 
 abcijk-ikmc-mjab |   3456 |  3456 |    24 | 1.00 | 1.00 |     256.4 |       256.0 |         256.5 |      195.5 
 abcijk-jkma-mibc |   6912 |  1728 |    24 | 1.00 | 1.00 |     226.9 |       223.3 |         220.3 |      233.8 
 abcijk-jkmb-miac |   3456 |  3456 |    24 | 1.00 | 1.00 |     270.4 |       280.5 |         282.0 |      135.0 
 abcijk-jkmc-miab |   3456 |  3456 |    24 | 1.00 | 1.00 |     257.0 |       256.5 |         256.9 |      158.6 
 abcijk-eiab-jkec |   3456 |  3456 |    24 | 1.00 | 1.00 |     254.0 |       254.6 |         254.8 |      161.0 
 abcijk-eiac-jkeb |   3456 |  3456 |    24 | 1.00 | 1.00 |     283.0 |       287.2 |         274.8 |      137.8 
 abcijk-eibc-jkea |   1728 |  6912 |    24 | 1.00 | 1.00 |     225.8 |       223.6 |         222.5 |      235.6 
 abcijk-ejab-ikec |   3456 |  3456 |    24 | 1.00 | 1.00 |     254.4 |       254.7 |         257.8 |      197.2 
 abcijk-ejac-ikeb |   3456 |  3456 |    24 | 1.00 | 1.00 |     271.9 |       259.1 |         267.6 |      204.7 
 abcijk-ejbc-ikea |   1728 |  6912 |    24 | 1.00 | 1.00 |     219.5 |       218.2 |         213.3 |      233.6 
 abcijk-ekab-ijec |   3456 |  3456 |    24 | 1.00 | 1.00 |     254.2 |       255.3 |         257.7 |      220.2 
 abcijk-ekac-ijeb |   3456 |  3456 |    24 | 1.00 | 1.00 |     255.3 |       263.2 |         256.7 |      168.7 
 abcijk-ekbc-ijea |   1728 |  6912 |    24 | 1.00 | 1.00 |     226.3 |       225.2 |         218.0 |      233.5 
       abc-bk-akc |    144 | 18432 |   128 | 1.00 | 1.00 |     369.3 |       369.5 |         364.4 |      254.6 

=== complex efficiency ratio (c64 GF/s over f64 GF/s; 1.0 = no penalty) ===
             case | plan c64/f64 | packed c64/f64 | upstream c64/f64 | tblis c64/f64 
------------------+--------------+----------------+------------------+---------------
         ij-ik-kj |        1.228 |          1.368 |            1.362 |         1.132 
       ij-ikl-ljk |        0.836 |          0.787 |            0.821 |         1.465 
       ij-kil-lkj |        0.913 |          0.908 |            0.924 |         1.453 
       ijk-ikl-lj |        1.215 |          1.223 |            1.232 |         1.404 
       ijk-il-jlk |        0.760 |          0.756 |            0.827 |         1.254 
       ijk-ilk-jl |        1.211 |          1.174 |            1.243 |         1.330 
       ijk-ilk-lj |        1.190 |          1.161 |            1.208 |         1.336 
     ijk-ilmk-mjl |        1.505 |          1.304 |            1.399 |         1.307 
   ijkl-imjn-lnkm |        1.045 |          1.044 |            1.047 |         1.074 
   ijkl-imjn-nlmk |        1.073 |          1.072 |            1.073 |         1.079 
   ijkl-imkn-jnlm |        1.029 |          1.028 |            1.038 |         1.082 
   ijkl-imkn-njml |        1.020 |          1.019 |            1.013 |         1.084 
   ijkl-imln-jnkm |        1.033 |          1.029 |            1.041 |         1.083 
   ijkl-imln-njmk |        1.021 |          1.021 |            1.008 |         1.087 
   ijkl-imnj-nlkm |        1.082 |          1.079 |            1.089 |         1.071 
   ijkl-imnk-njml |        1.026 |          1.026 |            1.017 |         1.075 
   ijkl-minj-nlmk |        1.094 |          1.094 |            1.109 |         1.105 
   ijkl-mink-jnlm |        1.037 |          1.044 |            1.049 |         1.073 
   ijkl-minl-njmk |        1.066 |          1.063 |            1.064 |         1.097 
     aqrs-pa-pqrs |        1.468 |          1.546 |            1.636 |         1.965 
     abrs-qb-aqrs |        1.561 |          1.546 |            1.588 |         1.553 
     abcs-rc-abrs |        1.700 |          1.702 |            1.708 |         1.838 
       abj-bka-kj |        1.599 |          1.582 |            1.650 |         1.685 
       ajb-kba-jk |        1.311 |          1.306 |            1.371 |         1.327 
     abjc-cbka-kj |        2.930 |          2.952 |            2.878 |         2.158 
     ajbc-ckba-jk |        0.510 |          0.504 |            0.504 |         1.549 
     abjc-kbac-jk |        1.447 |          1.405 |            1.441 |         1.845 
   abjcd-dkbac-jk |        1.978 |          1.997 |            2.088 |         1.918 
   adbjc-cbdka-kj |        2.435 |          2.408 |            2.433 |         2.592 
   ajbdc-ckbad-jk |        0.640 |          0.610 |            0.541 |         1.940 
 abcijk-ijma-mkbc |        1.431 |          1.429 |            1.407 |         1.576 
 abcijk-ijmb-mkac |        1.591 |          1.693 |            1.824 |         2.114 
 abcijk-ijmc-mkab |        1.647 |          1.609 |            1.677 |         2.028 
 abcijk-ikma-mjbc |        1.403 |          1.419 |            1.387 |         1.590 
 abcijk-ikmb-mjac |        1.648 |          1.618 |            1.809 |         1.728 
 abcijk-ikmc-mjab |        1.642 |          1.640 |            1.709 |         1.838 
 abcijk-jkma-mibc |        1.467 |          1.431 |            1.448 |         1.561 
 abcijk-jkmb-miac |        1.671 |          1.747 |            1.874 |         1.770 
 abcijk-jkmc-miab |        1.616 |          1.607 |            1.659 |         1.852 
 abcijk-eiab-jkec |        1.578 |          1.590 |            1.657 |         1.867 
 abcijk-eiac-jkeb |        1.783 |          1.812 |            1.806 |         1.801 
 abcijk-eibc-jkea |        1.465 |          1.445 |            1.437 |         1.574 
 abcijk-ejab-ikec |        1.624 |          1.609 |            1.718 |         1.866 
 abcijk-ejac-ikeb |        1.698 |          1.621 |            1.749 |         1.694 
 abcijk-ejbc-ikea |        1.386 |          1.402 |            1.387 |         1.581 
 abcijk-ekab-ijec |        1.585 |          1.621 |            1.697 |         2.055 
 abcijk-ekac-ijeb |        1.588 |          1.653 |            1.682 |         2.005 
 abcijk-ekbc-ijea |        1.444 |          1.444 |            1.408 |         1.583 
       abc-bk-akc |        1.229 |          1.195 |            1.249 |         1.301 
             MEAN |        1.377 |          1.374 |            1.408 |         1.558 

wrote /home/shinaoka/projects/tensor4all/tprims-rs/benchmarks/benchmarks/tcbench/results/2026-10-07-native/A-16m-8t.pending.csv
