# threads: requested=1 pool=1 budget=1
host        : shinaoka-EVO-X1Pro
target      : x86_64 / linux
cpu features: avx2 fma avx512f avx512dq 
caches      : L1=48KiB/12-way/2sh L2=1024KiB/16-way/2sh L3=16384KiB/16-way/8sh (via sysfs), blocking=legacy
l3 domains  : t1=1
baselines   : tblis=true blas=false
tblis       : abi 2.x, 1 thread(s)

running 49 cases at 16 MiB nominal tensor size, 5 reps, stress=none


=== f64 ===
             case |      m |     n |     k | regA | regB | plan GF/s | packed GF/s | upstream GF/s | tblis GF/s 
------------------+--------+-------+-------+------+------+-----------+-------------+---------------+------------
         ij-ik-kj |   1464 |  1448 |  1464 | 0.00 | 0.00 |      36.7 |        48.7 |          47.6 |       46.0 
       ij-ikl-ljk |    144 |   128 | 18432 | 1.00 | 1.00 |      38.1 |        38.0 |          36.9 |       27.6 
       ij-kil-lkj |    144 |   128 | 20736 | 1.00 | 1.00 |      35.8 |        35.8 |          35.3 |       25.2 
       ijk-ikl-lj |  18432 |   128 |   144 | 1.00 | 1.00 |      43.7 |        43.8 |          42.7 |       30.8 
       ijk-il-jlk |    144 | 18432 |   128 | 1.00 | 1.00 |      40.3 |        38.4 |          36.3 |       36.5 
       ijk-ilk-jl |  18432 |   144 |   128 | 1.00 | 1.00 |      44.4 |        44.5 |          43.6 |       35.8 
       ijk-ilk-lj |  18432 |   128 |   144 | 1.00 | 1.00 |      44.3 |        44.4 |          43.3 |       33.2 
     ijk-ilmk-mjl |   1920 |    40 |  1920 | 1.00 | 1.00 |      40.4 |        40.4 |          39.4 |       22.1 
   ijkl-imjn-lnkm |   1920 |  1920 |  1600 | 1.00 | 1.00 |      47.7 |        47.7 |          46.6 |       46.7 
   ijkl-imjn-nlmk |   1920 |  1600 |  1920 | 1.00 | 1.00 |      47.3 |        47.3 |          46.3 |       45.8 
   ijkl-imkn-jnlm |   1920 |  1920 |  1600 | 1.00 | 1.00 |      47.1 |        47.0 |          46.6 |       46.8 
   ijkl-imkn-njml |   1920 |  1600 |  1920 | 1.00 | 1.00 |      47.0 |        47.0 |          46.7 |       45.9 
   ijkl-imln-jnkm |   1920 |  1920 |  1600 | 1.00 | 1.00 |      47.2 |        47.4 |          46.6 |       46.4 
   ijkl-imln-njmk |   1920 |  1600 |  1920 | 1.00 | 1.00 |      46.9 |        46.9 |          46.6 |       45.5 
   ijkl-imnj-nlkm |   1920 |  1600 |  1920 | 1.00 | 1.00 |      47.2 |        47.2 |          46.2 |       45.7 
   ijkl-imnk-njml |   1920 |  1600 |  1920 | 1.00 | 1.00 |      47.1 |        47.1 |          46.6 |       45.7 
   ijkl-minj-nlmk |   1920 |  1600 |  2304 | 1.00 | 1.00 |      46.6 |        46.6 |          45.4 |       45.2 
   ijkl-mink-jnlm |   1920 |  1920 |  1920 | 1.00 | 1.00 |      46.6 |        46.5 |          46.0 |       46.3 
   ijkl-minl-njmk |   1920 |  1600 |  2304 | 1.00 | 1.00 |      46.6 |        46.7 |          45.8 |       44.8 
     aqrs-pa-pqrs |     48 | 64000 |    48 | 0.00 | 0.00 |      39.6 |        32.9 |          29.0 |       18.8 
     abrs-qb-aqrs |     40 | 76800 |    48 | 1.00 | 1.00 |      35.5 |        35.4 |          33.6 |       19.3 
     abcs-rc-abrs |     40 | 76800 |    48 | 1.00 | 1.00 |      33.2 |        33.0 |          30.0 |       20.9 
       abj-bka-kj |  20736 |   128 |   144 | 1.00 | 1.00 |      38.9 |        38.9 |          37.8 |       25.9 
       ajb-kba-jk |  18432 |   144 |   144 | 1.00 | 1.00 |      42.9 |        42.9 |          42.8 |       38.1 
     abjc-cbka-kj |  92160 |    40 |    48 | 1.00 | 1.00 |       9.2 |         9.2 |           8.8 |       13.6 
     ajbc-ckba-jk |  92160 |    48 |    40 | 1.00 | 1.00 |      16.1 |        16.1 |          15.4 |       19.4 
     abjc-kbac-jk |  76800 |    48 |    48 | 1.00 | 1.00 |      29.1 |        29.1 |          28.7 |       17.3 
   abjcd-dkbac-jk | 230400 |    24 |    20 | 1.00 | 1.00 |      13.0 |        13.1 |          11.9 |       10.1 
   adbjc-cbdka-kj | 230400 |    20 |    24 | 1.00 | 1.00 |       5.4 |         5.4 |           5.1 |        5.3 
   ajbdc-ckbad-jk | 230400 |    24 |    20 | 1.00 | 1.00 |      13.0 |        12.9 |          11.9 |       10.6 
 abcijk-ijma-mkbc |   6912 |  1728 |    24 | 1.00 | 1.00 |      41.5 |        41.1 |          38.8 |       33.2 
 abcijk-ijmb-mkac |   3456 |  3456 |    24 | 1.00 | 0.67 |      40.9 |        40.8 |          38.3 |       24.2 
 abcijk-ijmc-mkab |   3456 |  3456 |    24 | 1.00 | 0.67 |      40.1 |        39.9 |          37.4 |       31.5 
 abcijk-ikma-mjbc |   6912 |  1728 |    24 | 1.00 | 1.00 |      41.1 |        41.0 |          38.9 |       33.1 
 abcijk-ikmb-mjac |   3456 |  3456 |    24 | 1.00 | 0.67 |      41.3 |        40.9 |          38.0 |       29.5 
 abcijk-ikmc-mjab |   3456 |  3456 |    24 | 1.00 | 0.67 |      39.9 |        39.9 |          37.3 |       26.3 
 abcijk-jkma-mibc |   6912 |  1728 |    24 | 1.00 | 1.00 |      42.2 |        42.0 |          39.2 |       33.4 
 abcijk-jkmb-miac |   3456 |  3456 |    24 | 1.00 | 0.67 |      41.7 |        41.2 |          38.8 |       16.4 
 abcijk-jkmc-miab |   3456 |  3456 |    24 | 1.00 | 0.67 |      40.1 |        40.0 |          37.6 |       20.0 
 abcijk-eiab-jkec |   3456 |  3456 |    24 | 1.00 | 0.67 |      40.2 |        40.3 |          37.5 |       20.1 
 abcijk-eiac-jkeb |   3456 |  3456 |    24 | 1.00 | 0.67 |      41.8 |        41.2 |          38.8 |       16.2 
 abcijk-eibc-jkea |   1728 |  6912 |    24 | 1.00 | 1.00 |      41.9 |        41.7 |          39.2 |       33.2 
 abcijk-ejab-ikec |   3456 |  3456 |    24 | 1.00 | 0.67 |      40.0 |        39.9 |          37.3 |       26.0 
 abcijk-ejac-ikeb |   3456 |  3456 |    24 | 1.00 | 0.67 |      41.1 |        40.8 |          38.1 |       29.5 
 abcijk-ejbc-ikea |   1728 |  6912 |    24 | 1.00 | 1.00 |      41.5 |        41.3 |          38.7 |       33.2 
 abcijk-ekab-ijec |   3456 |  3456 |    24 | 1.00 | 0.67 |      39.9 |        39.8 |          37.2 |       31.5 
 abcijk-ekac-ijeb |   3456 |  3456 |    24 | 1.00 | 0.67 |      41.1 |        40.9 |          38.3 |       24.2 
 abcijk-ekbc-ijea |   1728 |  6912 |    24 | 1.00 | 1.00 |      41.4 |        41.1 |          39.0 |       33.2 
       abc-bk-akc |    144 | 18432 |   128 | 1.00 | 1.00 |      44.6 |        44.6 |          43.9 |       36.6 

=== c64 ===
             case |      m |     n |     k | regA | regB | plan GF/s | packed GF/s | upstream GF/s | tblis GF/s 
------------------+--------+-------+-------+------+------+-----------+-------------+---------------+------------
         ij-ik-kj |   1464 |  1448 |  1464 | 1.00 | 1.00 |      47.8 |        47.8 |          48.1 |       46.8 
       ij-ikl-ljk |    144 |   128 | 18432 | 1.00 | 1.00 |      41.9 |        41.9 |          40.3 |       33.7 
       ij-kil-lkj |    144 |   128 | 20736 | 1.00 | 1.00 |      40.1 |        40.1 |          38.4 |       30.8 
       ijk-ikl-lj |  18432 |   128 |   144 | 1.00 | 1.00 |      46.4 |        46.4 |          46.1 |       36.0 
       ijk-il-jlk |    144 | 18432 |   128 | 1.00 | 1.00 |      45.8 |        45.9 |          45.6 |       42.5 
       ijk-ilk-jl |  18432 |   144 |   128 | 1.00 | 1.00 |      48.7 |        48.7 |          48.2 |       39.3 
       ijk-ilk-lj |  18432 |   128 |   144 | 1.00 | 1.00 |      47.1 |        47.1 |          46.7 |       38.0 
     ijk-ilmk-mjl |   1920 |    40 |  1920 | 1.00 | 1.00 |      41.5 |        41.5 |          40.9 |       28.1 
   ijkl-imjn-lnkm |   1920 |  1920 |  1600 | 1.00 | 0.90 |      47.5 |        47.5 |          47.7 |       45.5 
   ijkl-imjn-nlmk |   1920 |  1600 |  1920 | 1.00 | 0.90 |      47.7 |        47.7 |          47.7 |       45.4 
   ijkl-imkn-jnlm |   1920 |  1920 |  1600 | 1.00 | 1.00 |      47.8 |        47.8 |          47.8 |       45.3 
   ijkl-imkn-njml |   1920 |  1600 |  1920 | 1.00 | 0.90 |      47.8 |        47.8 |          47.8 |       44.8 
   ijkl-imln-jnkm |   1920 |  1920 |  1600 | 1.00 | 1.00 |      47.9 |        47.8 |          47.8 |       45.0 
   ijkl-imln-njmk |   1920 |  1600 |  1920 | 1.00 | 0.90 |      48.0 |        48.0 |          47.9 |       45.4 
   ijkl-imnj-nlkm |   1920 |  1600 |  1920 | 1.00 | 0.90 |      47.6 |        47.6 |          47.7 |       45.3 
   ijkl-imnk-njml |   1920 |  1600 |  1920 | 1.00 | 0.90 |      47.8 |        47.7 |          47.9 |       45.4 
   ijkl-minj-nlmk |   1920 |  1600 |  2304 | 1.00 | 0.90 |      46.8 |        46.8 |          46.7 |       45.6 
   ijkl-mink-jnlm |   1920 |  1920 |  1920 | 1.00 | 1.00 |      47.2 |        47.3 |          47.0 |       45.3 
   ijkl-minl-njmk |   1920 |  1600 |  2304 | 1.00 | 0.90 |      47.4 |        47.4 |          47.1 |       45.5 
     aqrs-pa-pqrs |     48 | 64000 |    48 | 1.00 | 1.00 |      38.6 |        38.7 |          37.4 |       29.0 
     abrs-qb-aqrs |     40 | 76800 |    48 | 1.00 | 1.00 |      40.2 |        40.4 |          39.1 |       28.9 
     abcs-rc-abrs |     40 | 76800 |    48 | 1.00 | 1.00 |      39.5 |        39.5 |          38.5 |       29.1 
       abj-bka-kj |  20736 |   128 |   144 | 1.00 | 1.00 |      41.3 |        41.3 |          40.6 |       31.1 
       ajb-kba-jk |  18432 |   144 |   144 | 1.00 | 1.00 |      48.7 |        48.7 |          48.2 |       41.0 
     abjc-cbka-kj |  92160 |    40 |    48 | 1.00 | 1.00 |      19.0 |        19.0 |          18.8 |       22.7 
     ajbc-ckba-jk |  92160 |    48 |    40 | 1.00 | 1.00 |      25.7 |        25.6 |          25.0 |       32.5 
     abjc-kbac-jk |  76800 |    48 |    48 | 1.00 | 1.00 |      39.3 |        39.5 |          38.8 |       27.1 
   abjcd-dkbac-jk | 230400 |    24 |    20 | 0.67 | 1.00 |      20.9 |        20.9 |          19.7 |       18.9 
   adbjc-cbdka-kj | 230400 |    20 |    24 | 0.67 | 1.00 |      11.6 |        11.6 |          11.4 |       16.8 
   ajbdc-ckbad-jk | 230400 |    24 |    20 | 1.00 | 1.00 |      20.2 |        20.2 |          19.4 |       19.0 
 abcijk-ijma-mkbc |   6912 |  1728 |    24 | 1.00 | 1.00 |      43.8 |        43.8 |          42.5 |       37.0 
 abcijk-ijmb-mkac |   3456 |  3456 |    24 | 1.00 | 1.00 |      45.2 |        45.2 |          44.1 |       33.0 
 abcijk-ijmc-mkab |   3456 |  3456 |    24 | 1.00 | 1.00 |      44.3 |        44.3 |          43.1 |       38.9 
 abcijk-ikma-mjbc |   6912 |  1728 |    24 | 1.00 | 1.00 |      43.7 |        43.7 |          42.4 |       37.0 
 abcijk-ikmb-mjac |   3456 |  3456 |    24 | 1.00 | 1.00 |      45.2 |        45.2 |          44.1 |       35.3 
 abcijk-ikmc-mjab |   3456 |  3456 |    24 | 1.00 | 1.00 |      44.3 |        44.3 |          43.2 |       34.5 
 abcijk-jkma-mibc |   6912 |  1728 |    24 | 1.00 | 1.00 |      43.9 |        43.9 |          42.6 |       37.1 
 abcijk-jkmb-miac |   3456 |  3456 |    24 | 1.00 | 1.00 |      44.9 |        44.9 |          43.6 |       27.8 
 abcijk-jkmc-miab |   3456 |  3456 |    24 | 1.00 | 1.00 |      44.3 |        44.3 |          43.0 |       31.9 
 abcijk-eiab-jkec |   3456 |  3456 |    24 | 1.00 | 1.00 |      44.2 |        44.4 |          43.0 |       32.0 
 abcijk-eiac-jkeb |   3456 |  3456 |    24 | 1.00 | 1.00 |      44.9 |        45.0 |          43.5 |       27.7 
 abcijk-eibc-jkea |   1728 |  6912 |    24 | 1.00 | 1.00 |      43.8 |        43.8 |          42.6 |       37.0 
 abcijk-ejab-ikec |   3456 |  3456 |    24 | 1.00 | 1.00 |      44.3 |        44.3 |          43.3 |       34.6 
 abcijk-ejac-ikeb |   3456 |  3456 |    24 | 1.00 | 1.00 |      45.2 |        45.2 |          44.1 |       35.1 
 abcijk-ejbc-ikea |   1728 |  6912 |    24 | 1.00 | 1.00 |      43.7 |        43.7 |          42.5 |       36.9 
 abcijk-ekab-ijec |   3456 |  3456 |    24 | 1.00 | 1.00 |      44.3 |        44.3 |          43.0 |       38.9 
 abcijk-ekac-ijeb |   3456 |  3456 |    24 | 1.00 | 1.00 |      45.2 |        45.2 |          44.1 |       32.9 
 abcijk-ekbc-ijea |   1728 |  6912 |    24 | 1.00 | 1.00 |      43.7 |        43.8 |          42.6 |       37.0 
       abc-bk-akc |    144 | 18432 |   128 | 1.00 | 1.00 |      48.7 |        48.7 |          48.2 |       39.2 

=== complex efficiency ratio (c64 GF/s over f64 GF/s; 1.0 = no penalty) ===
             case | plan c64/f64 | packed c64/f64 | upstream c64/f64 | tblis c64/f64 
------------------+--------------+----------------+------------------+---------------
         ij-ik-kj |        1.305 |          0.982 |            1.010 |         1.018 
       ij-ikl-ljk |        1.101 |          1.101 |            1.092 |         1.222 
       ij-kil-lkj |        1.120 |          1.119 |            1.088 |         1.224 
       ijk-ikl-lj |        1.061 |          1.060 |            1.080 |         1.169 
       ijk-il-jlk |        1.138 |          1.198 |            1.254 |         1.166 
       ijk-ilk-jl |        1.097 |          1.094 |            1.105 |         1.097 
       ijk-ilk-lj |        1.063 |          1.062 |            1.078 |         1.145 
     ijk-ilmk-mjl |        1.026 |          1.027 |            1.036 |         1.271 
   ijkl-imjn-lnkm |        0.996 |          0.997 |            1.025 |         0.975 
   ijkl-imjn-nlmk |        1.008 |          1.008 |            1.031 |         0.991 
   ijkl-imkn-jnlm |        1.015 |          1.015 |            1.026 |         0.968 
   ijkl-imkn-njml |        1.018 |          1.019 |            1.025 |         0.976 
   ijkl-imln-jnkm |        1.014 |          1.009 |            1.025 |         0.970 
   ijkl-imln-njmk |        1.025 |          1.024 |            1.028 |         0.998 
   ijkl-imnj-nlkm |        1.008 |          1.008 |            1.032 |         0.991 
   ijkl-imnk-njml |        1.015 |          1.014 |            1.027 |         0.994 
   ijkl-minj-nlmk |        1.004 |          1.005 |            1.030 |         1.009 
   ijkl-mink-jnlm |        1.013 |          1.016 |            1.022 |         0.979 
   ijkl-minl-njmk |        1.016 |          1.015 |            1.030 |         1.014 
     aqrs-pa-pqrs |        0.975 |          1.177 |            1.290 |         1.544 
     abrs-qb-aqrs |        1.133 |          1.141 |            1.163 |         1.495 
     abcs-rc-abrs |        1.190 |          1.198 |            1.283 |         1.395 
       abj-bka-kj |        1.060 |          1.061 |            1.074 |         1.205 
       ajb-kba-jk |        1.135 |          1.133 |            1.125 |         1.076 
     abjc-cbka-kj |        2.076 |          2.078 |            2.140 |         1.668 
     ajbc-ckba-jk |        1.594 |          1.591 |            1.626 |         1.675 
     abjc-kbac-jk |        1.350 |          1.357 |            1.354 |         1.568 
   abjcd-dkbac-jk |        1.599 |          1.587 |            1.661 |         1.863 
   adbjc-cbdka-kj |        2.169 |          2.159 |            2.232 |         3.180 
   ajbdc-ckbad-jk |        1.553 |          1.565 |            1.635 |         1.791 
 abcijk-ijma-mkbc |        1.056 |          1.068 |            1.095 |         1.115 
 abcijk-ijmb-mkac |        1.105 |          1.109 |            1.152 |         1.364 
 abcijk-ijmc-mkab |        1.105 |          1.109 |            1.153 |         1.236 
 abcijk-ikma-mjbc |        1.065 |          1.068 |            1.091 |         1.116 
 abcijk-ikmb-mjac |        1.094 |          1.106 |            1.160 |         1.195 
 abcijk-ikmc-mjab |        1.109 |          1.110 |            1.158 |         1.312 
 abcijk-jkma-mibc |        1.041 |          1.044 |            1.086 |         1.109 
 abcijk-jkmb-miac |        1.079 |          1.090 |            1.124 |         1.696 
 abcijk-jkmc-miab |        1.106 |          1.109 |            1.142 |         1.595 
 abcijk-eiab-jkec |        1.101 |          1.104 |            1.146 |         1.589 
 abcijk-eiac-jkeb |        1.075 |          1.091 |            1.121 |         1.705 
 abcijk-eibc-jkea |        1.048 |          1.051 |            1.085 |         1.114 
 abcijk-ejab-ikec |        1.107 |          1.109 |            1.161 |         1.332 
 abcijk-ejac-ikeb |        1.098 |          1.107 |            1.157 |         1.190 
 abcijk-ejbc-ikea |        1.053 |          1.057 |            1.098 |         1.112 
 abcijk-ekab-ijec |        1.110 |          1.111 |            1.157 |         1.236 
 abcijk-ekac-ijeb |        1.099 |          1.105 |            1.150 |         1.361 
 abcijk-ekbc-ijea |        1.056 |          1.065 |            1.093 |         1.114 
       abc-bk-akc |        1.093 |          1.092 |            1.098 |         1.069 
             MEAN |        1.153 |          1.154 |            1.185 |         1.290 

wrote /home/shinaoka/projects/tensor4all/tprims-rs/benchmarks/benchmarks/tcbench/results/2026-10-07-native/A-16m-1t.pending.csv
