# threads: requested=4 pool=4 budget=4
host        : shinaoka-EVO-X1Pro
target      : x86_64 / linux
cpu features: avx2 fma avx512f avx512dq 
caches      : L1=48KiB/12-way/2sh L2=1024KiB/16-way/2sh L3=16384KiB/16-way/8sh (via sysfs), blocking=legacy
l3 domains  : t1=1 t4=1 t8=2
baselines   : tblis=true blas=false
tblis       : abi 2.x, 4 thread(s)

running 49 cases at 1 MiB nominal tensor size, 5 reps, stress=none


=== f64 ===
             case |     m |    n |    k | regA | regB | plan GF/s | packed GF/s | upstream GF/s | tblis GF/s 
------------------+-------+------+------+------+------+-----------+-------------+---------------+------------
         ij-ik-kj |   384 |  364 |  384 | 0.00 | 0.00 |     146.6 |       134.0 |         121.3 |      105.8 
       ij-ikl-ljk |    72 |   52 | 3744 | 1.00 | 1.00 |      62.7 |        64.2 |          55.0 |       38.3 
       ij-kil-lkj |    72 |   52 | 5184 | 1.00 | 1.00 |      61.6 |        62.3 |          53.5 |       38.2 
       ijk-ikl-lj |  3744 |   52 |   72 | 1.00 | 1.00 |     113.5 |       114.1 |          87.2 |       71.0 
       ijk-il-jlk |    72 | 3744 |   52 | 1.00 | 1.00 |      58.5 |       116.5 |          92.3 |       75.6 
       ijk-ilk-jl |  3744 |   72 |   52 | 1.00 | 1.00 |     125.9 |       125.4 |          94.1 |       80.7 
       ijk-ilk-lj |  3744 |   52 |   72 | 1.00 | 1.00 |     132.9 |       135.6 |         104.3 |       85.6 
     ijk-ilmk-mjl |   480 |   20 |  480 | 1.00 | 1.00 |     114.2 |       116.8 |          73.6 |       52.5 
   ijkl-imjn-lnkm |   480 |  480 |  400 | 1.00 | 0.80 |     186.3 |       186.4 |         172.2 |      147.6 
   ijkl-imjn-nlmk |   480 |  400 |  480 | 1.00 | 0.80 |     187.2 |       193.2 |         177.9 |      150.7 
   ijkl-imkn-jnlm |   480 |  480 |  400 | 1.00 | 1.00 |     190.8 |       191.1 |         176.5 |      153.2 
   ijkl-imkn-njml |   480 |  400 |  480 | 1.00 | 0.80 |     192.6 |       193.6 |         178.8 |      151.1 
   ijkl-imln-jnkm |   480 |  480 |  400 | 1.00 | 1.00 |     190.2 |       190.9 |         176.1 |      152.2 
   ijkl-imln-njmk |   480 |  400 |  480 | 1.00 | 0.80 |     192.5 |       193.2 |         177.2 |      152.1 
   ijkl-imnj-nlkm |   480 |  400 |  480 | 1.00 | 0.80 |     192.3 |       192.5 |         177.9 |      153.5 
   ijkl-imnk-njml |   480 |  400 |  480 | 1.00 | 0.80 |     192.2 |       193.9 |         176.2 |      152.9 
   ijkl-minj-nlmk |   480 |  400 |  576 | 1.00 | 0.80 |     186.7 |       187.3 |         171.2 |      149.5 
   ijkl-mink-jnlm |   480 |  480 |  480 | 1.00 | 1.00 |     189.1 |       192.2 |         174.5 |      150.7 
   ijkl-minl-njmk |   480 |  400 |  576 | 1.00 | 0.80 |     189.2 |       189.7 |         174.4 |      151.5 
     aqrs-pa-pqrs |    24 | 8000 |   24 | 0.00 | 0.00 |      87.8 |        31.6 |          69.7 |       43.5 
     abrs-qb-aqrs |    20 | 9600 |   24 | 1.00 | 1.00 |     105.5 |       106.2 |          66.0 |       40.0 
     abcs-rc-abrs |    20 | 9600 |   24 | 1.00 | 1.00 |     103.9 |       106.7 |          65.5 |       40.7 
       abj-bka-kj |  5184 |   52 |   72 | 1.00 | 1.00 |     125.9 |       130.4 |         105.0 |       84.3 
       ajb-kba-jk |  3744 |   72 |   72 | 1.00 | 1.00 |     166.4 |       170.1 |         135.3 |      112.3 
     abjc-cbka-kj | 11520 |   20 |   24 | 1.00 | 1.00 |      49.2 |        53.2 |          38.3 |       37.6 
     ajbc-ckba-jk | 11520 |   24 |   20 | 1.00 | 1.00 |      82.4 |        83.7 |          50.7 |       44.2 
     abjc-kbac-jk |  9600 |   24 |   24 | 1.00 | 1.00 |     112.8 |       113.4 |          71.7 |       47.3 
   abjcd-dkbac-jk | 82944 |   24 |   12 | 1.00 | 1.00 |      36.4 |        39.8 |          35.8 |       23.3 
   adbjc-cbdka-kj | 82944 |   12 |   24 | 1.00 | 1.00 |       9.3 |         9.4 |           8.5 |       18.1 
   ajbdc-ckbad-jk | 82944 |   24 |   12 | 1.00 | 1.00 |      38.1 |        37.8 |          35.1 |       24.2 
 abcijk-ijma-mkbc |  4608 |  512 |   24 | 1.00 | 1.00 |     133.0 |       132.4 |         112.8 |      101.2 
 abcijk-ijmb-mkac |  1536 | 1536 |   24 | 1.00 | 1.00 |     139.9 |       143.6 |         133.6 |       61.6 
 abcijk-ijmc-mkab |  1536 | 1536 |   24 | 1.00 | 1.00 |     138.3 |       142.7 |         121.0 |       91.2 
 abcijk-ikma-mjbc |  4608 |  512 |   24 | 1.00 | 1.00 |     127.9 |       135.6 |         120.6 |      100.2 
 abcijk-ikmb-mjac |  1536 | 1536 |   24 | 1.00 | 1.00 |     143.1 |       149.3 |         124.2 |       98.2 
 abcijk-ikmc-mjab |  1536 | 1536 |   24 | 1.00 | 1.00 |     132.0 |       145.3 |         124.6 |       85.6 
 abcijk-jkma-mibc |  4608 |  512 |   24 | 1.00 | 1.00 |     129.2 |       140.4 |         116.9 |      109.6 
 abcijk-jkmb-miac |  1536 | 1536 |   24 | 1.00 | 1.00 |     147.0 |       151.2 |         126.0 |       61.6 
 abcijk-jkmc-miab |  1536 | 1536 |   24 | 1.00 | 1.00 |     140.8 |       138.4 |         123.7 |       84.9 
 abcijk-eiab-jkec |  1536 | 1536 |   24 | 1.00 | 1.00 |     139.8 |       146.9 |         125.3 |       81.7 
 abcijk-eiac-jkeb |  1536 | 1536 |   24 | 1.00 | 1.00 |     145.5 |       131.0 |         129.7 |       61.2 
 abcijk-eibc-jkea |   512 | 4608 |   24 | 1.00 | 1.00 |     127.7 |       142.4 |         116.5 |      111.7 
 abcijk-ejab-ikec |  1536 | 1536 |   24 | 1.00 | 1.00 |     105.2 |       142.0 |         124.1 |       82.1 
 abcijk-ejac-ikeb |  1536 | 1536 |   24 | 1.00 | 1.00 |     139.8 |       142.6 |         130.2 |       96.9 
 abcijk-ejbc-ikea |   512 | 4608 |   24 | 1.00 | 1.00 |     135.3 |       138.3 |         114.4 |      101.6 
 abcijk-ekab-ijec |  1536 | 1536 |   24 | 1.00 | 1.00 |     139.6 |       134.8 |         119.5 |       95.5 
 abcijk-ekac-ijeb |  1536 | 1536 |   24 | 1.00 | 1.00 |     141.5 |       152.9 |         130.1 |       62.5 
 abcijk-ekbc-ijea |   512 | 4608 |   24 | 1.00 | 1.00 |     127.3 |       134.5 |         122.5 |       99.9 
       abc-bk-akc |    72 | 3744 |   52 | 1.00 | 1.00 |      94.7 |       168.6 |         123.7 |      109.2 

=== c64 ===
             case |     m |    n |    k | regA | regB | plan GF/s | packed GF/s | upstream GF/s | tblis GF/s 
------------------+-------+------+------+------+------+-----------+-------------+---------------+------------
         ij-ik-kj |   384 |  364 |  384 | 1.00 | 1.00 |     137.2 |       138.5 |         132.7 |      126.0 
       ij-ikl-ljk |    72 |   52 | 3744 | 1.00 | 1.00 |      64.6 |        65.0 |          60.9 |       77.3 
       ij-kil-lkj |    72 |   52 | 5184 | 1.00 | 1.00 |      60.2 |        60.5 |          56.3 |       75.3 
       ijk-ikl-lj |  3744 |   52 |   72 | 1.00 | 1.00 |     123.9 |       123.0 |         115.1 |       91.0 
       ijk-il-jlk |    72 | 3744 |   52 | 1.00 | 1.00 |      65.1 |        64.7 |          68.5 |      108.4 
       ijk-ilk-jl |  3744 |   72 |   52 | 0.89 | 1.00 |     137.0 |       138.6 |         130.3 |      117.5 
       ijk-ilk-lj |  3744 |   52 |   72 | 0.89 | 1.00 |     150.3 |       153.8 |         140.5 |      120.8 
     ijk-ilmk-mjl |   480 |   20 |  480 | 0.67 | 1.00 |     127.0 |       129.4 |         107.4 |      114.4 
   ijkl-imjn-lnkm |   480 |  480 |  400 | 0.67 | 0.80 |     162.2 |       173.9 |         168.8 |      166.1 
   ijkl-imjn-nlmk |   480 |  400 |  480 | 0.67 | 0.81 |     175.8 |       175.2 |         170.6 |      165.5 
   ijkl-imkn-jnlm |   480 |  480 |  400 | 0.67 | 1.00 |     172.9 |       175.2 |         169.5 |      167.1 
   ijkl-imkn-njml |   480 |  400 |  480 | 0.67 | 0.81 |     175.0 |       176.6 |         171.7 |      166.9 
   ijkl-imln-jnkm |   480 |  480 |  400 | 0.67 | 1.00 |     175.5 |       175.9 |         169.6 |      167.1 
   ijkl-imln-njmk |   480 |  400 |  480 | 0.67 | 0.81 |     176.5 |       176.0 |         172.8 |      169.7 
   ijkl-imnj-nlkm |   480 |  400 |  480 | 0.67 | 0.81 |     175.7 |       175.3 |         171.9 |      171.0 
   ijkl-imnk-njml |   480 |  400 |  480 | 0.67 | 0.81 |     175.7 |       177.0 |         171.9 |      170.4 
   ijkl-minj-nlmk |   480 |  400 |  576 | 0.67 | 0.81 |     168.3 |       164.2 |         163.6 |      161.2 
   ijkl-mink-jnlm |   480 |  480 |  480 | 0.67 | 1.00 |     172.9 |       173.8 |         168.8 |      168.0 
   ijkl-minl-njmk |   480 |  400 |  576 | 0.67 | 0.81 |     170.2 |       170.7 |         166.2 |      165.8 
     aqrs-pa-pqrs |    24 | 8000 |   24 | 1.00 | 1.00 |      93.1 |        97.9 |          88.1 |       90.1 
     abrs-qb-aqrs |    20 | 9600 |   24 | 1.00 | 1.00 |     150.0 |       149.5 |         118.3 |       80.1 
     abcs-rc-abrs |    20 | 9600 |   24 | 1.00 | 1.00 |     130.8 |       132.3 |         106.0 |       79.6 
       abj-bka-kj |  5184 |   52 |   72 | 0.89 | 1.00 |     154.9 |       154.3 |         145.8 |       98.7 
       ajb-kba-jk |  3744 |   72 |   72 | 0.89 | 1.00 |     176.7 |       176.1 |         158.1 |      126.7 
     abjc-cbka-kj | 11520 |   20 |   24 | 0.67 | 1.00 |      90.7 |        90.2 |          78.9 |       70.4 
     ajbc-ckba-jk | 11520 |   24 |   20 | 1.00 | 1.00 |     104.8 |       105.7 |          87.4 |       68.7 
     abjc-kbac-jk |  9600 |   24 |   24 | 0.67 | 1.00 |     145.2 |       148.7 |         116.9 |       84.3 
   abjcd-dkbac-jk | 82944 |   24 |   12 | 0.67 | 1.00 |      61.1 |        60.4 |          57.4 |       46.7 
   adbjc-cbdka-kj | 82944 |   12 |   24 | 0.67 | 1.00 |      30.3 |        29.6 |          29.0 |       32.7 
   ajbdc-ckbad-jk | 82944 |   24 |   12 | 1.00 | 1.00 |      60.9 |        61.0 |          55.2 |       49.1 
 abcijk-ijma-mkbc |  4608 |  512 |   24 | 1.00 | 0.97 |     154.0 |       157.7 |         149.3 |      124.2 
 abcijk-ijmb-mkac |  1536 | 1536 |   24 | 1.00 | 0.75 |     168.8 |       168.7 |         161.3 |      114.8 
 abcijk-ijmc-mkab |  1536 | 1536 |   24 | 1.00 | 0.50 |     163.3 |       162.6 |         158.9 |      134.3 
 abcijk-ikma-mjbc |  4608 |  512 |   24 | 1.00 | 0.97 |     158.0 |       158.1 |         149.3 |      124.1 
 abcijk-ikmb-mjac |  1536 | 1536 |   24 | 1.00 | 0.75 |     170.3 |       166.3 |         160.0 |      123.9 
 abcijk-ikmc-mjab |  1536 | 1536 |   24 | 1.00 | 0.50 |     164.8 |       164.0 |         158.4 |      125.5 
 abcijk-jkma-mibc |  4608 |  512 |   24 | 1.00 | 0.97 |     156.4 |       156.6 |         150.5 |      135.4 
 abcijk-jkmb-miac |  1536 | 1536 |   24 | 1.00 | 0.75 |     168.5 |       167.4 |         158.1 |      105.5 
 abcijk-jkmc-miab |  1536 | 1536 |   24 | 1.00 | 0.50 |     160.8 |       161.1 |         155.5 |      121.2 
 abcijk-eiab-jkec |  1536 | 1536 |   24 | 1.00 | 0.50 |     161.3 |       159.5 |         155.7 |      120.8 
 abcijk-eiac-jkeb |  1536 | 1536 |   24 | 1.00 | 0.75 |     167.0 |       168.3 |         159.2 |      105.2 
 abcijk-eibc-jkea |   512 | 4608 |   24 | 1.00 | 0.97 |     155.8 |       158.1 |         151.2 |      136.5 
 abcijk-ejab-ikec |  1536 | 1536 |   24 | 1.00 | 0.50 |     165.3 |       161.5 |         158.7 |      123.8 
 abcijk-ejac-ikeb |  1536 | 1536 |   24 | 1.00 | 0.75 |     170.4 |       169.0 |         160.6 |      124.0 
 abcijk-ejbc-ikea |   512 | 4608 |   24 | 1.00 | 0.97 |     158.2 |       156.9 |         147.3 |      124.4 
 abcijk-ekab-ijec |  1536 | 1536 |   24 | 1.00 | 0.50 |     164.5 |       162.6 |         160.3 |      137.1 
 abcijk-ekac-ijeb |  1536 | 1536 |   24 | 1.00 | 0.75 |     168.5 |       167.9 |         159.9 |      116.2 
 abcijk-ekbc-ijea |   512 | 4608 |   24 | 1.00 | 0.97 |     158.1 |       157.5 |         152.1 |      124.8 
       abc-bk-akc |    72 | 3744 |   52 | 0.89 | 1.00 |     180.2 |       178.0 |         165.8 |      143.6 

=== complex efficiency ratio (c64 GF/s over f64 GF/s; 1.0 = no penalty) ===
             case | plan c64/f64 | packed c64/f64 | upstream c64/f64 | tblis c64/f64 
------------------+--------------+----------------+------------------+---------------
         ij-ik-kj |        0.936 |          1.034 |            1.095 |         1.191 
       ij-ikl-ljk |        1.030 |          1.012 |            1.108 |         2.018 
       ij-kil-lkj |        0.977 |          0.970 |            1.053 |         1.971 
       ijk-ikl-lj |        1.092 |          1.078 |            1.321 |         1.282 
       ijk-il-jlk |        1.113 |          0.555 |            0.742 |         1.434 
       ijk-ilk-jl |        1.088 |          1.105 |            1.384 |         1.456 
       ijk-ilk-lj |        1.131 |          1.134 |            1.347 |         1.412 
     ijk-ilmk-mjl |        1.112 |          1.108 |            1.460 |         2.178 
   ijkl-imjn-lnkm |        0.871 |          0.933 |            0.980 |         1.125 
   ijkl-imjn-nlmk |        0.939 |          0.907 |            0.959 |         1.098 
   ijkl-imkn-jnlm |        0.906 |          0.917 |            0.960 |         1.091 
   ijkl-imkn-njml |        0.909 |          0.912 |            0.960 |         1.105 
   ijkl-imln-jnkm |        0.923 |          0.921 |            0.963 |         1.098 
   ijkl-imln-njmk |        0.917 |          0.911 |            0.975 |         1.116 
   ijkl-imnj-nlkm |        0.914 |          0.910 |            0.966 |         1.114 
   ijkl-imnk-njml |        0.914 |          0.913 |            0.975 |         1.114 
   ijkl-minj-nlmk |        0.902 |          0.877 |            0.956 |         1.078 
   ijkl-mink-jnlm |        0.914 |          0.904 |            0.967 |         1.114 
   ijkl-minl-njmk |        0.899 |          0.900 |            0.953 |         1.095 
     aqrs-pa-pqrs |        1.061 |          3.099 |            1.264 |         2.073 
     abrs-qb-aqrs |        1.422 |          1.407 |            1.791 |         2.003 
     abcs-rc-abrs |        1.259 |          1.241 |            1.617 |         1.955 
       abj-bka-kj |        1.230 |          1.183 |            1.388 |         1.171 
       ajb-kba-jk |        1.062 |          1.035 |            1.168 |         1.128 
     abjc-cbka-kj |        1.842 |          1.694 |            2.061 |         1.874 
     ajbc-ckba-jk |        1.272 |          1.263 |            1.725 |         1.553 
     abjc-kbac-jk |        1.287 |          1.311 |            1.630 |         1.782 
   abjcd-dkbac-jk |        1.676 |          1.520 |            1.606 |         2.006 
   adbjc-cbdka-kj |        3.263 |          3.155 |            3.410 |         1.806 
   ajbdc-ckbad-jk |        1.601 |          1.614 |            1.573 |         2.027 
 abcijk-ijma-mkbc |        1.158 |          1.192 |            1.324 |         1.227 
 abcijk-ijmb-mkac |        1.207 |          1.175 |            1.208 |         1.866 
 abcijk-ijmc-mkab |        1.181 |          1.140 |            1.313 |         1.474 
 abcijk-ikma-mjbc |        1.235 |          1.166 |            1.237 |         1.239 
 abcijk-ikmb-mjac |        1.190 |          1.114 |            1.288 |         1.262 
 abcijk-ikmc-mjab |        1.248 |          1.129 |            1.271 |         1.467 
 abcijk-jkma-mibc |        1.211 |          1.116 |            1.287 |         1.235 
 abcijk-jkmb-miac |        1.147 |          1.108 |            1.255 |         1.713 
 abcijk-jkmc-miab |        1.142 |          1.164 |            1.257 |         1.428 
 abcijk-eiab-jkec |        1.154 |          1.086 |            1.242 |         1.479 
 abcijk-eiac-jkeb |        1.148 |          1.284 |            1.228 |         1.719 
 abcijk-eibc-jkea |        1.221 |          1.111 |            1.297 |         1.222 
 abcijk-ejab-ikec |        1.570 |          1.138 |            1.279 |         1.509 
 abcijk-ejac-ikeb |        1.219 |          1.186 |            1.233 |         1.280 
 abcijk-ejbc-ikea |        1.169 |          1.135 |            1.288 |         1.224 
 abcijk-ekab-ijec |        1.178 |          1.206 |            1.341 |         1.435 
 abcijk-ekac-ijeb |        1.191 |          1.098 |            1.229 |         1.861 
 abcijk-ekbc-ijea |        1.242 |          1.171 |            1.241 |         1.249 
       abc-bk-akc |        1.903 |          1.056 |            1.341 |         1.315 
             MEAN |        1.208 |          1.190 |            1.296 |         1.463 

wrote /home/shinaoka/projects/tensor4all/tprims-rs/benchmarks/benchmarks/tcbench/results/2026-10-07-native/A-1m-4t.pending.csv
