# threads: requested=12 pool=12 budget=12
host        : shinaoka-EVO-X1Pro
target      : x86_64 / linux
cpu features: avx2 fma avx512f avx512dq 
caches      : L1=48KiB/12-way/2sh L2=1024KiB/16-way/2sh L3=16384KiB/16-way/8sh (via sysfs), blocking=legacy
l3 domains  : t1=1 t4=1 t8=2 t16=4
baselines   : tblis=true blas=false
tblis       : abi 2.x, 12 thread(s)

running 49 cases at 1 MiB nominal tensor size, 5 reps, stress=none


=== f64 ===
             case |     m |    n |    k | regA | regB | plan GF/s | packed GF/s | upstream GF/s | tblis GF/s 
------------------+-------+------+------+------+------+-----------+-------------+---------------+------------
         ij-ik-kj |   384 |  364 |  384 | 0.00 | 0.00 |      47.5 |       189.7 |         121.1 |      214.8 
       ij-ikl-ljk |    72 |   52 | 3744 | 1.00 | 1.00 |     105.3 |        97.1 |          57.0 |       62.9 
       ij-kil-lkj |    72 |   52 | 5184 | 1.00 | 1.00 |      82.1 |        93.8 |          54.6 |       63.6 
       ijk-ikl-lj |  3744 |   52 |   72 | 1.00 | 1.00 |     166.9 |       178.8 |          98.7 |      173.0 
       ijk-il-jlk |    72 | 3744 |   52 | 1.00 | 1.00 |     154.6 |       151.7 |         105.0 |      137.7 
       ijk-ilk-jl |  3744 |   72 |   52 | 1.00 | 1.00 |     249.0 |       329.2 |          99.8 |      212.3 
       ijk-ilk-lj |  3744 |   52 |   72 | 1.00 | 1.00 |     188.0 |       289.1 |          92.2 |      198.2 
     ijk-ilmk-mjl |   480 |   20 |  480 | 1.00 | 1.00 |     124.4 |        92.5 |          34.5 |       92.1 
   ijkl-imjn-lnkm |   480 |  480 |  400 | 1.00 | 0.80 |     335.7 |       337.2 |         178.1 |      338.5 
   ijkl-imjn-nlmk |   480 |  400 |  480 | 1.00 | 0.80 |     278.6 |       338.0 |         197.2 |      323.5 
   ijkl-imkn-jnlm |   480 |  480 |  400 | 1.00 | 1.00 |     330.9 |       245.2 |         263.0 |      327.5 
   ijkl-imkn-njml |   480 |  400 |  480 | 1.00 | 0.80 |     352.5 |       355.9 |         190.5 |      327.1 
   ijkl-imln-jnkm |   480 |  480 |  400 | 1.00 | 1.00 |     350.6 |       357.2 |         195.6 |      344.7 
   ijkl-imln-njmk |   480 |  400 |  480 | 1.00 | 0.80 |     356.4 |       357.7 |         198.4 |      344.2 
   ijkl-imnj-nlkm |   480 |  400 |  480 | 1.00 | 0.80 |     345.6 |       342.6 |         183.1 |      357.9 
   ijkl-imnk-njml |   480 |  400 |  480 | 1.00 | 0.80 |     344.0 |       353.5 |         190.9 |      326.9 
   ijkl-minj-nlmk |   480 |  400 |  576 | 1.00 | 0.80 |     316.6 |       327.1 |         190.9 |      359.5 
   ijkl-mink-jnlm |   480 |  480 |  480 | 1.00 | 1.00 |     348.5 |       360.2 |         201.1 |      380.9 
   ijkl-minl-njmk |   480 |  400 |  576 | 1.00 | 0.80 |     350.5 |       351.9 |         179.3 |      331.3 
     aqrs-pa-pqrs |    24 | 8000 |   24 | 0.00 | 0.00 |      45.8 |       113.4 |          45.7 |       56.8 
     abrs-qb-aqrs |    20 | 9600 |   24 | 1.00 | 1.00 |     125.1 |       132.5 |          30.7 |       61.9 
     abcs-rc-abrs |    20 | 9600 |   24 | 1.00 | 1.00 |     136.8 |       136.2 |          36.8 |       61.9 
       abj-bka-kj |  5184 |   52 |   72 | 1.00 | 1.00 |     147.1 |       153.1 |          95.5 |      121.8 
       ajb-kba-jk |  3744 |   72 |   72 | 1.00 | 1.00 |     327.9 |       343.3 |         106.5 |      150.7 
     abjc-cbka-kj | 11520 |   20 |   24 | 1.00 | 1.00 |      82.9 |        95.8 |          31.2 |       66.2 
     ajbc-ckba-jk | 11520 |   24 |   20 | 1.00 | 1.00 |     106.2 |       122.6 |          39.3 |       57.6 
     abjc-kbac-jk |  9600 |   24 |   24 | 1.00 | 1.00 |     104.3 |        99.0 |          42.4 |       61.8 
   abjcd-dkbac-jk | 82944 |   24 |   12 | 1.00 | 1.00 |      62.3 |        64.9 |          38.3 |       35.3 
   adbjc-cbdka-kj | 82944 |   12 |   24 | 1.00 | 1.00 |      21.2 |        21.2 |          12.8 |       24.9 
   ajbdc-ckbad-jk | 82944 |   24 |   12 | 1.00 | 1.00 |      48.4 |        53.3 |          38.2 |       46.3 
 abcijk-ijma-mkbc |  4608 |  512 |   24 | 1.00 | 1.00 |     182.4 |       183.4 |         143.5 |      225.7 
 abcijk-ijmb-mkac |  1536 | 1536 |   24 | 1.00 | 1.00 |     329.0 |       319.0 |         227.3 |      154.7 
 abcijk-ijmc-mkab |  1536 | 1536 |   24 | 1.00 | 1.00 |     314.9 |       321.4 |         224.8 |      230.3 
 abcijk-ikma-mjbc |  4608 |  512 |   24 | 1.00 | 1.00 |     193.5 |       193.3 |         144.5 |        7.4 
 abcijk-ikmb-mjac |  1536 | 1536 |   24 | 1.00 | 1.00 |     311.1 |       315.1 |         222.1 |      200.6 
 abcijk-ikmc-mjab |  1536 | 1536 |   24 | 1.00 | 1.00 |     316.0 |       321.3 |         225.3 |      175.9 
 abcijk-jkma-mibc |  4608 |  512 |   24 | 1.00 | 1.00 |     183.9 |       186.9 |         155.2 |      238.2 
 abcijk-jkmb-miac |  1536 | 1536 |   24 | 1.00 | 1.00 |     329.7 |       321.4 |         236.5 |       10.6 
 abcijk-jkmc-miab |  1536 | 1536 |   24 | 1.00 | 1.00 |     214.1 |       214.5 |         227.3 |       37.8 
 abcijk-eiab-jkec |  1536 | 1536 |   24 | 1.00 | 1.00 |     219.2 |       226.9 |         236.0 |      153.0 
 abcijk-eiac-jkeb |  1536 | 1536 |   24 | 1.00 | 1.00 |     202.3 |       219.1 |         258.8 |      161.5 
 abcijk-eibc-jkea |   512 | 4608 |   24 | 1.00 | 1.00 |     134.0 |       133.6 |         151.6 |      210.4 
 abcijk-ejab-ikec |  1536 | 1536 |   24 | 1.00 | 1.00 |     232.3 |       210.2 |         239.8 |      164.6 
 abcijk-ejac-ikeb |  1536 | 1536 |   24 | 1.00 | 1.00 |     182.3 |       216.8 |         235.9 |      187.5 
 abcijk-ejbc-ikea |   512 | 4608 |   24 | 1.00 | 1.00 |     131.8 |       127.5 |         145.1 |      217.7 
 abcijk-ekab-ijec |  1536 | 1536 |   24 | 1.00 | 1.00 |     290.2 |       219.9 |         240.5 |      207.5 
 abcijk-ekac-ijeb |  1536 | 1536 |   24 | 1.00 | 1.00 |     280.2 |       333.1 |         214.8 |      147.5 
 abcijk-ekbc-ijea |   512 | 4608 |   24 | 1.00 | 1.00 |     174.3 |       180.2 |         149.5 |      228.5 
       abc-bk-akc |    72 | 3744 |   52 | 1.00 | 1.00 |     190.7 |       223.5 |          81.3 |      155.6 

=== c64 ===
             case |     m |    n |    k | regA | regB | plan GF/s | packed GF/s | upstream GF/s | tblis GF/s 
------------------+-------+------+------+------+------+-----------+-------------+---------------+------------
         ij-ik-kj |   384 |  364 |  384 | 1.00 | 1.00 |     333.4 |       335.6 |         170.7 |      318.6 
       ij-ikl-ljk |    72 |   52 | 3744 | 1.00 | 1.00 |     154.2 |       150.8 |         119.2 |      129.7 
       ij-kil-lkj |    72 |   52 | 5184 | 1.00 | 1.00 |     128.5 |       125.0 |          89.2 |      171.9 
       ijk-ikl-lj |  3744 |   52 |   72 | 1.00 | 1.00 |     423.3 |       447.2 |         174.2 |      358.3 
       ijk-il-jlk |    72 | 3744 |   52 | 1.00 | 1.00 |     186.8 |       273.1 |         301.6 |      389.6 
       ijk-ilk-jl |  3744 |   72 |   52 | 0.89 | 1.00 |     279.8 |       289.3 |         254.7 |      391.0 
       ijk-ilk-lj |  3744 |   52 |   72 | 0.89 | 1.00 |     419.2 |       416.5 |         179.9 |      366.6 
     ijk-ilmk-mjl |   480 |   20 |  480 | 0.67 | 1.00 |     215.4 |       227.0 |          92.7 |      236.6 
   ijkl-imjn-lnkm |   480 |  480 |  400 | 0.67 | 0.80 |     404.9 |       403.7 |         235.1 |      410.2 
   ijkl-imjn-nlmk |   480 |  400 |  480 | 0.67 | 0.81 |     408.2 |       410.8 |         249.3 |      423.2 
   ijkl-imkn-jnlm |   480 |  480 |  400 | 0.67 | 1.00 |     403.3 |       409.0 |         379.3 |      422.6 
   ijkl-imkn-njml |   480 |  400 |  480 | 0.67 | 0.81 |     412.7 |       415.9 |         232.1 |      417.2 
   ijkl-imln-jnkm |   480 |  480 |  400 | 0.67 | 1.00 |     407.1 |       401.8 |         212.7 |      435.1 
   ijkl-imln-njmk |   480 |  400 |  480 | 0.67 | 0.81 |     411.4 |       415.8 |         217.4 |      426.3 
   ijkl-imnj-nlkm |   480 |  400 |  480 | 0.67 | 0.81 |     411.3 |       408.4 |         251.5 |      437.1 
   ijkl-imnk-njml |   480 |  400 |  480 | 0.67 | 0.81 |     406.2 |       343.3 |         212.1 |      456.6 
   ijkl-minj-nlmk |   480 |  400 |  576 | 0.67 | 0.81 |     397.9 |       397.5 |         238.2 |      412.7 
   ijkl-mink-jnlm |   480 |  480 |  480 | 0.67 | 1.00 |     418.4 |       414.1 |         242.4 |      429.1 
   ijkl-minl-njmk |   480 |  400 |  576 | 0.67 | 0.81 |     411.3 |       408.4 |         235.9 |      424.0 
     aqrs-pa-pqrs |    24 | 8000 |   24 | 1.00 | 1.00 |     203.2 |       147.3 |          93.2 |      202.2 
     abrs-qb-aqrs |    20 | 9600 |   24 | 1.00 | 1.00 |     266.9 |       283.2 |         102.4 |      191.4 
     abcs-rc-abrs |    20 | 9600 |   24 | 1.00 | 1.00 |     287.3 |       254.8 |          96.6 |      119.2 
       abj-bka-kj |  5184 |   52 |   72 | 0.89 | 1.00 |     400.2 |       385.3 |         176.6 |      282.9 
       ajb-kba-jk |  3744 |   72 |   72 | 0.89 | 1.00 |     262.0 |       480.6 |         195.0 |      399.7 
     abjc-cbka-kj | 11520 |   20 |   24 | 0.67 | 1.00 |     199.8 |       230.6 |          87.7 |      159.5 
     ajbc-ckba-jk | 11520 |   24 |   20 | 1.00 | 1.00 |     147.1 |       152.2 |          92.0 |      142.6 
     abjc-kbac-jk |  9600 |   24 |   24 | 0.67 | 1.00 |     293.2 |       325.4 |          99.5 |      163.7 
   abjcd-dkbac-jk | 82944 |   24 |   12 | 0.67 | 1.00 |     101.3 |       101.7 |          73.4 |       71.6 
   adbjc-cbdka-kj | 82944 |   12 |   24 | 0.67 | 1.00 |      53.8 |        52.9 |          38.6 |       48.9 
   ajbdc-ckbad-jk | 82944 |   24 |   12 | 1.00 | 1.00 |      91.9 |        92.2 |          75.4 |       86.1 
 abcijk-ijma-mkbc |  4608 |  512 |   24 | 1.00 | 0.97 |     192.4 |       178.9 |         163.7 |      255.8 
 abcijk-ijmb-mkac |  1536 | 1536 |   24 | 1.00 | 0.75 |     307.6 |       311.1 |         277.5 |      202.6 
 abcijk-ijmc-mkab |  1536 | 1536 |   24 | 1.00 | 0.50 |     310.6 |       314.5 |         271.1 |      263.6 
 abcijk-ikma-mjbc |  4608 |  512 |   24 | 1.00 | 0.97 |     176.7 |       184.2 |         169.2 |      256.4 
 abcijk-ikmb-mjac |  1536 | 1536 |   24 | 1.00 | 0.75 |     306.7 |       313.6 |         275.5 |      236.9 
 abcijk-ikmc-mjab |  1536 | 1536 |   24 | 1.00 | 0.50 |     311.9 |       314.0 |         288.0 |      232.8 
 abcijk-jkma-mibc |  4608 |  512 |   24 | 1.00 | 0.97 |     202.7 |       183.7 |         180.6 |      273.2 
 abcijk-jkmb-miac |  1536 | 1536 |   24 | 1.00 | 0.75 |     213.7 |       221.4 |         284.4 |      175.9 
 abcijk-jkmc-miab |  1536 | 1536 |   24 | 1.00 | 0.50 |     218.6 |       236.7 |         301.0 |      239.4 
 abcijk-eiab-jkec |  1536 | 1536 |   24 | 1.00 | 0.50 |     217.4 |       232.3 |         308.8 |      234.1 
 abcijk-eiac-jkeb |  1536 | 1536 |   24 | 1.00 | 0.75 |     201.2 |       207.3 |         298.0 |      199.4 
 abcijk-eibc-jkea |   512 | 4608 |   24 | 1.00 | 0.97 |     163.6 |       164.4 |         184.7 |      258.2 
 abcijk-ejab-ikec |  1536 | 1536 |   24 | 1.00 | 0.50 |     219.0 |       231.6 |         291.5 |      226.5 
 abcijk-ejac-ikeb |  1536 | 1536 |   24 | 1.00 | 0.75 |     186.9 |       219.7 |         275.3 |      227.8 
 abcijk-ejbc-ikea |   512 | 4608 |   24 | 1.00 | 0.97 |     168.9 |       179.3 |         165.5 |      258.6 
 abcijk-ekab-ijec |  1536 | 1536 |   24 | 1.00 | 0.50 |     303.0 |       314.1 |         303.8 |      197.9 
 abcijk-ekac-ijeb |  1536 | 1536 |   24 | 1.00 | 0.75 |     301.7 |       306.2 |         281.4 |      212.8 
 abcijk-ekbc-ijea |   512 | 4608 |   24 | 1.00 | 0.97 |     190.5 |       205.4 |         166.2 |      257.4 
       abc-bk-akc |    72 | 3744 |   52 | 0.89 | 1.00 |     180.6 |       233.0 |         182.9 |      276.1 

=== complex efficiency ratio (c64 GF/s over f64 GF/s; 1.0 = no penalty) ===
             case | plan c64/f64 | packed c64/f64 | upstream c64/f64 | tblis c64/f64 
------------------+--------------+----------------+------------------+---------------
         ij-ik-kj |        7.016 |          1.769 |            1.409 |         1.483 
       ij-ikl-ljk |        1.464 |          1.554 |            2.093 |         2.061 
       ij-kil-lkj |        1.566 |          1.333 |            1.634 |         2.701 
       ijk-ikl-lj |        2.536 |          2.501 |            1.764 |         2.071 
       ijk-il-jlk |        1.208 |          1.800 |            2.871 |         2.828 
       ijk-ilk-jl |        1.124 |          0.879 |            2.552 |         1.842 
       ijk-ilk-lj |        2.229 |          1.441 |            1.950 |         1.850 
     ijk-ilmk-mjl |        1.732 |          2.453 |            2.685 |         2.568 
   ijkl-imjn-lnkm |        1.206 |          1.197 |            1.320 |         1.212 
   ijkl-imjn-nlmk |        1.465 |          1.215 |            1.264 |         1.308 
   ijkl-imkn-jnlm |        1.219 |          1.668 |            1.442 |         1.290 
   ijkl-imkn-njml |        1.171 |          1.169 |            1.219 |         1.275 
   ijkl-imln-jnkm |        1.161 |          1.125 |            1.087 |         1.262 
   ijkl-imln-njmk |        1.154 |          1.163 |            1.096 |         1.238 
   ijkl-imnj-nlkm |        1.190 |          1.192 |            1.374 |         1.221 
   ijkl-imnk-njml |        1.181 |          0.971 |            1.111 |         1.397 
   ijkl-minj-nlmk |        1.257 |          1.215 |            1.248 |         1.148 
   ijkl-mink-jnlm |        1.201 |          1.150 |            1.205 |         1.126 
   ijkl-minl-njmk |        1.173 |          1.160 |            1.316 |         1.280 
     aqrs-pa-pqrs |        4.437 |          1.299 |            2.039 |         3.560 
     abrs-qb-aqrs |        2.135 |          2.137 |            3.337 |         3.092 
     abcs-rc-abrs |        2.101 |          1.870 |            2.626 |         1.927 
       abj-bka-kj |        2.720 |          2.516 |            1.849 |         2.323 
       ajb-kba-jk |        0.799 |          1.400 |            1.831 |         2.653 
     abjc-cbka-kj |        2.409 |          2.407 |            2.809 |         2.411 
     ajbc-ckba-jk |        1.385 |          1.241 |            2.341 |         2.474 
     abjc-kbac-jk |        2.811 |          3.287 |            2.344 |         2.651 
   abjcd-dkbac-jk |        1.627 |          1.567 |            1.917 |         2.028 
   adbjc-cbdka-kj |        2.544 |          2.489 |            3.016 |         1.968 
   ajbdc-ckbad-jk |        1.899 |          1.730 |            1.977 |         1.859 
 abcijk-ijma-mkbc |        1.055 |          0.976 |            1.141 |         1.133 
 abcijk-ijmb-mkac |        0.935 |          0.975 |            1.221 |         1.310 
 abcijk-ijmc-mkab |        0.987 |          0.979 |            1.206 |         1.145 
 abcijk-ikma-mjbc |        0.913 |          0.953 |            1.171 |        34.479 
 abcijk-ikmb-mjac |        0.986 |          0.995 |            1.240 |         1.181 
 abcijk-ikmc-mjab |        0.987 |          0.977 |            1.278 |         1.324 
 abcijk-jkma-mibc |        1.102 |          0.983 |            1.164 |         1.147 
 abcijk-jkmb-miac |        0.648 |          0.689 |            1.202 |        16.573 
 abcijk-jkmc-miab |        1.021 |          1.103 |            1.324 |         6.330 
 abcijk-eiab-jkec |        0.992 |          1.024 |            1.309 |         1.530 
 abcijk-eiac-jkeb |        0.995 |          0.946 |            1.151 |         1.235 
 abcijk-eibc-jkea |        1.221 |          1.231 |            1.218 |         1.227 
 abcijk-ejab-ikec |        0.943 |          1.101 |            1.216 |         1.376 
 abcijk-ejac-ikeb |        1.025 |          1.014 |            1.167 |         1.215 
 abcijk-ejbc-ikea |        1.281 |          1.406 |            1.141 |         1.188 
 abcijk-ekab-ijec |        1.044 |          1.428 |            1.263 |         0.954 
 abcijk-ekac-ijeb |        1.077 |          0.919 |            1.310 |         1.442 
 abcijk-ekbc-ijea |        1.093 |          1.140 |            1.111 |         1.127 
       abc-bk-akc |        0.947 |          1.043 |            2.249 |         1.774 
             MEAN |        1.559 |          1.404 |            1.649 |         2.771 

wrote /home/shinaoka/projects/tensor4all/tprims-rs/benchmarks/benchmarks/tcbench/results/2026-10-07-native/A-1m-12t.pending.csv
