# threads: requested=8 pool=8 budget=8
host        : shinaoka-EVO-X1Pro
target      : x86_64 / linux
cpu features: avx2 fma avx512f avx512dq 
caches      : L1=48KiB/12-way/2sh L2=1024KiB/16-way/2sh L3=16384KiB/16-way/8sh (via sysfs), blocking=legacy
l3 domains  : t1=1 t4=1 t8=2 t16=4
baselines   : tblis=true blas=false
tblis       : abi 2.x, 8 thread(s)

running 49 cases at 1 MiB nominal tensor size, 5 reps, stress=none


=== f64 ===
             case |     m |    n |    k | regA | regB | plan GF/s | packed GF/s | upstream GF/s | tblis GF/s 
------------------+-------+------+------+------+------+-----------+-------------+---------------+------------
         ij-ik-kj |   384 |  364 |  384 | 0.00 | 0.00 |     258.7 |       254.5 |         182.5 |      176.5 
       ij-ikl-ljk |    72 |   52 | 3744 | 1.00 | 1.00 |      92.8 |        90.9 |          68.3 |       48.6 
       ij-kil-lkj |    72 |   52 | 5184 | 1.00 | 1.00 |      89.2 |        89.8 |          70.1 |       48.4 
       ijk-ikl-lj |  3744 |   52 |   72 | 1.00 | 1.00 |     205.2 |       204.1 |         111.0 |      119.9 
       ijk-il-jlk |    72 | 3744 |   52 | 1.00 | 1.00 |     207.2 |       220.7 |         125.2 |      128.6 
       ijk-ilk-jl |  3744 |   72 |   52 | 1.00 | 1.00 |      91.5 |       112.1 |          80.3 |      129.6 
       ijk-ilk-lj |  3744 |   52 |   72 | 1.00 | 1.00 |     199.9 |       202.0 |         114.7 |      119.8 
     ijk-ilmk-mjl |   480 |   20 |  480 | 1.00 | 1.00 |     116.8 |       115.4 |          42.0 |       59.7 
   ijkl-imjn-lnkm |   480 |  480 |  400 | 1.00 | 0.80 |     214.6 |       216.1 |         186.3 |      185.4 
   ijkl-imjn-nlmk |   480 |  400 |  480 | 1.00 | 0.80 |     244.9 |       251.5 |         220.6 |      224.9 
   ijkl-imkn-jnlm |   480 |  480 |  400 | 1.00 | 1.00 |     307.6 |       311.7 |         263.4 |      271.0 
   ijkl-imkn-njml |   480 |  400 |  480 | 1.00 | 0.80 |     308.7 |       315.9 |         267.6 |      264.0 
   ijkl-imln-jnkm |   480 |  480 |  400 | 1.00 | 1.00 |     306.6 |       304.8 |         259.1 |      268.8 
   ijkl-imln-njmk |   480 |  400 |  480 | 1.00 | 0.80 |     308.9 |       315.3 |         262.5 |      264.1 
   ijkl-imnj-nlkm |   480 |  400 |  480 | 1.00 | 0.80 |     299.0 |       306.2 |         262.5 |      265.4 
   ijkl-imnk-njml |   480 |  400 |  480 | 1.00 | 0.80 |     314.5 |       313.8 |         262.7 |      265.1 
   ijkl-minj-nlmk |   480 |  400 |  576 | 1.00 | 0.80 |     295.8 |       303.7 |         260.3 |      256.4 
   ijkl-mink-jnlm |   480 |  480 |  480 | 1.00 | 1.00 |     307.0 |       312.4 |         270.3 |      266.3 
   ijkl-minl-njmk |   480 |  400 |  576 | 1.00 | 0.80 |     304.4 |       305.5 |         265.1 |      261.3 
     aqrs-pa-pqrs |    24 | 8000 |   24 | 0.00 | 0.00 |      52.5 |        29.1 |          74.9 |       62.4 
     abrs-qb-aqrs |    20 | 9600 |   24 | 1.00 | 1.00 |     160.9 |       168.8 |          55.7 |       57.6 
     abcs-rc-abrs |    20 | 9600 |   24 | 1.00 | 1.00 |     164.1 |       166.0 |          51.1 |       58.1 
       abj-bka-kj |  5184 |   52 |   72 | 1.00 | 1.00 |     243.7 |       243.7 |         137.7 |      151.2 
       ajb-kba-jk |  3744 |   72 |   72 | 1.00 | 1.00 |     300.0 |       305.4 |         181.3 |      195.5 
     abjc-cbka-kj | 11520 |   20 |   24 | 1.00 | 1.00 |      72.6 |        66.2 |          37.4 |       57.8 
     ajbc-ckba-jk | 11520 |   24 |   20 | 1.00 | 1.00 |     112.8 |       119.7 |          56.0 |       62.6 
     abjc-kbac-jk |  9600 |   24 |   24 | 1.00 | 1.00 |     178.3 |       183.2 |          78.8 |       67.6 
   abjcd-dkbac-jk | 82944 |   24 |   12 | 1.00 | 1.00 |      45.7 |        51.7 |          41.8 |       31.7 
   adbjc-cbdka-kj | 82944 |   12 |   24 | 1.00 | 1.00 |      15.8 |        16.0 |          14.3 |       23.6 
   ajbdc-ckbad-jk | 82944 |   24 |   12 | 1.00 | 1.00 |      49.3 |        48.9 |          39.5 |       32.6 
 abcijk-ijma-mkbc |  4608 |  512 |   24 | 1.00 | 1.00 |     151.7 |       154.3 |         138.0 |      169.0 
 abcijk-ijmb-mkac |  1536 | 1536 |   24 | 1.00 | 1.00 |     201.9 |       197.2 |         166.4 |      102.0 
 abcijk-ijmc-mkab |  1536 | 1536 |   24 | 1.00 | 1.00 |     188.7 |       226.0 |         168.1 |      132.3 
 abcijk-ikma-mjbc |  4608 |  512 |   24 | 1.00 | 1.00 |     151.2 |       155.9 |         136.9 |      162.1 
 abcijk-ikmb-mjac |  1536 | 1536 |   24 | 1.00 | 1.00 |     188.3 |       213.5 |         168.7 |      146.8 
 abcijk-ikmc-mjab |  1536 | 1536 |   24 | 1.00 | 1.00 |     185.6 |       202.3 |         170.4 |      112.0 
 abcijk-jkma-mibc |  4608 |  512 |   24 | 1.00 | 1.00 |     151.4 |       155.5 |         139.6 |      175.5 
 abcijk-jkmb-miac |  1536 | 1536 |   24 | 1.00 | 1.00 |     196.4 |       223.3 |         171.7 |      103.2 
 abcijk-jkmc-miab |  1536 | 1536 |   24 | 1.00 | 1.00 |     182.7 |       195.6 |         160.3 |      117.0 
 abcijk-eiab-jkec |  1536 | 1536 |   24 | 1.00 | 1.00 |     181.8 |       217.8 |         167.6 |      129.9 
 abcijk-eiac-jkeb |  1536 | 1536 |   24 | 1.00 | 1.00 |     203.1 |       218.8 |         182.8 |      100.1 
 abcijk-eibc-jkea |   512 | 4608 |   24 | 1.00 | 1.00 |     149.8 |       155.8 |         139.3 |      178.9 
 abcijk-ejab-ikec |  1536 | 1536 |   24 | 1.00 | 1.00 |     211.0 |       233.0 |         169.8 |      118.1 
 abcijk-ejac-ikeb |  1536 | 1536 |   24 | 1.00 | 1.00 |     198.2 |       227.3 |         173.4 |      149.0 
 abcijk-ejbc-ikea |   512 | 4608 |   24 | 1.00 | 1.00 |     152.1 |       149.0 |         135.9 |      164.5 
 abcijk-ekab-ijec |  1536 | 1536 |   24 | 1.00 | 1.00 |     187.1 |       209.7 |         159.1 |      137.2 
 abcijk-ekac-ijeb |  1536 | 1536 |   24 | 1.00 | 1.00 |     205.2 |       229.5 |         165.4 |      103.7 
 abcijk-ekbc-ijea |   512 | 4608 |   24 | 1.00 | 1.00 |     148.9 |       156.9 |         132.8 |      161.5 
       abc-bk-akc |    72 | 3744 |   52 | 1.00 | 1.00 |     154.2 |       156.1 |         108.8 |      182.7 

=== c64 ===
             case |     m |    n |    k | regA | regB | plan GF/s | packed GF/s | upstream GF/s | tblis GF/s 
------------------+-------+------+------+------+------+-----------+-------------+---------------+------------
         ij-ik-kj |   384 |  364 |  384 | 1.00 | 1.00 |     270.7 |       271.7 |         241.9 |      235.2 
       ij-ikl-ljk |    72 |   52 | 3744 | 1.00 | 1.00 |     116.8 |       115.2 |         103.7 |      116.6 
       ij-kil-lkj |    72 |   52 | 5184 | 1.00 | 1.00 |     103.9 |       104.9 |          93.8 |      111.2 
       ijk-ikl-lj |  3744 |   52 |   72 | 1.00 | 1.00 |     240.3 |       236.7 |         190.6 |      180.5 
       ijk-il-jlk |    72 | 3744 |   52 | 1.00 | 1.00 |     223.8 |       223.2 |         183.4 |      204.2 
       ijk-ilk-jl |  3744 |   72 |   52 | 0.89 | 1.00 |     163.2 |       163.7 |         136.8 |      203.5 
       ijk-ilk-lj |  3744 |   52 |   72 | 0.89 | 1.00 |     240.6 |       237.7 |         188.8 |      189.6 
     ijk-ilmk-mjl |   480 |   20 |  480 | 0.67 | 1.00 |     166.1 |       171.7 |         110.4 |      138.0 
   ijkl-imjn-lnkm |   480 |  480 |  400 | 0.67 | 0.80 |     245.0 |       244.6 |         228.2 |      233.7 
   ijkl-imjn-nlmk |   480 |  400 |  480 | 0.67 | 0.81 |     307.2 |       308.9 |         293.3 |      299.9 
   ijkl-imkn-jnlm |   480 |  480 |  400 | 0.67 | 1.00 |     340.7 |       341.1 |         312.4 |      296.4 
   ijkl-imkn-njml |   480 |  400 |  480 | 0.67 | 0.81 |     340.9 |       341.9 |         321.4 |      310.3 
   ijkl-imln-jnkm |   480 |  480 |  400 | 0.67 | 1.00 |     339.7 |       339.3 |         314.5 |      296.8 
   ijkl-imln-njmk |   480 |  400 |  480 | 0.67 | 0.81 |     343.5 |       343.9 |         322.7 |      315.9 
   ijkl-imnj-nlkm |   480 |  400 |  480 | 0.67 | 0.81 |     337.4 |       338.6 |         319.2 |      317.1 
   ijkl-imnk-njml |   480 |  400 |  480 | 0.67 | 0.81 |     343.6 |       344.0 |         320.1 |      317.1 
   ijkl-minj-nlmk |   480 |  400 |  576 | 0.67 | 0.81 |     332.3 |       331.7 |         306.4 |      302.6 
   ijkl-mink-jnlm |   480 |  480 |  480 | 0.67 | 1.00 |     340.8 |       339.9 |         320.5 |      305.4 
   ijkl-minl-njmk |   480 |  400 |  576 | 0.67 | 0.81 |     333.1 |       336.0 |         312.7 |      307.1 
     aqrs-pa-pqrs |    24 | 8000 |   24 | 1.00 | 1.00 |     166.6 |       171.9 |         126.0 |      152.7 
     abrs-qb-aqrs |    20 | 9600 |   24 | 1.00 | 1.00 |     253.6 |       274.9 |         145.8 |      142.3 
     abcs-rc-abrs |    20 | 9600 |   24 | 1.00 | 1.00 |     240.7 |       242.6 |         139.9 |      143.0 
       abj-bka-kj |  5184 |   52 |   72 | 0.89 | 1.00 |     301.6 |       305.0 |         239.8 |      188.9 
       ajb-kba-jk |  3744 |   72 |   72 | 0.89 | 1.00 |     352.3 |       350.0 |         278.4 |      267.0 
     abjc-cbka-kj | 11520 |   20 |   24 | 0.67 | 1.00 |     175.8 |       173.2 |         115.9 |      126.4 
     ajbc-ckba-jk | 11520 |   24 |   20 | 1.00 | 1.00 |      40.3 |        39.4 |          30.8 |      135.6 
     abjc-kbac-jk |  9600 |   24 |   24 | 0.67 | 1.00 |     273.0 |       283.1 |         175.8 |      160.3 
   abjcd-dkbac-jk | 82944 |   24 |   12 | 0.67 | 1.00 |      83.7 |        83.3 |          79.4 |       64.7 
   adbjc-cbdka-kj | 82944 |   12 |   24 | 0.67 | 1.00 |      51.3 |        51.2 |          48.5 |       41.7 
   ajbdc-ckbad-jk | 82944 |   24 |   12 | 1.00 | 1.00 |      49.9 |        51.4 |          47.3 |       67.6 
 abcijk-ijma-mkbc |  4608 |  512 |   24 | 1.00 | 0.97 |     163.1 |       160.0 |         153.2 |      203.4 
 abcijk-ijmb-mkac |  1536 | 1536 |   24 | 1.00 | 0.75 |     256.0 |       265.0 |         236.8 |      166.3 
 abcijk-ijmc-mkab |  1536 | 1536 |   24 | 1.00 | 0.50 |     255.8 |       251.3 |         239.0 |      215.0 
 abcijk-ikma-mjbc |  4608 |  512 |   24 | 1.00 | 0.97 |     159.8 |       166.1 |         144.9 |      207.2 
 abcijk-ikmb-mjac |  1536 | 1536 |   24 | 1.00 | 0.75 |     262.0 |       259.8 |         239.3 |      184.1 
 abcijk-ikmc-mjab |  1536 | 1536 |   24 | 1.00 | 0.50 |     262.7 |       254.2 |         256.8 |      180.2 
 abcijk-jkma-mibc |  4608 |  512 |   24 | 1.00 | 0.97 |     161.5 |       155.9 |         143.6 |      220.4 
 abcijk-jkmb-miac |  1536 | 1536 |   24 | 1.00 | 0.75 |     260.8 |       258.9 |         236.3 |      153.6 
 abcijk-jkmc-miab |  1536 | 1536 |   24 | 1.00 | 0.50 |     262.8 |       225.9 |         253.6 |      198.4 
 abcijk-eiab-jkec |  1536 | 1536 |   24 | 1.00 | 0.50 |     262.8 |       261.5 |         242.8 |      198.4 
 abcijk-eiac-jkeb |  1536 | 1536 |   24 | 1.00 | 0.75 |     264.0 |       260.9 |         241.4 |      152.6 
 abcijk-eibc-jkea |   512 | 4608 |   24 | 1.00 | 0.97 |     160.2 |       158.6 |         164.0 |      218.9 
 abcijk-ejab-ikec |  1536 | 1536 |   24 | 1.00 | 0.50 |     264.0 |       275.4 |         242.6 |      177.0 
 abcijk-ejac-ikeb |  1536 | 1536 |   24 | 1.00 | 0.75 |     255.7 |       259.8 |         243.7 |      182.8 
 abcijk-ejbc-ikea |   512 | 4608 |   24 | 1.00 | 0.97 |     157.6 |       158.2 |         156.5 |      199.6 
 abcijk-ekab-ijec |  1536 | 1536 |   24 | 1.00 | 0.50 |     256.6 |       274.8 |         247.2 |      212.7 
 abcijk-ekac-ijeb |  1536 | 1536 |   24 | 1.00 | 0.75 |     259.0 |       263.3 |         234.9 |      166.4 
 abcijk-ekbc-ijea |   512 | 4608 |   24 | 1.00 | 0.97 |     156.0 |       156.6 |         147.7 |      205.4 
       abc-bk-akc |    72 | 3744 |   52 | 0.89 | 1.00 |     229.0 |       228.6 |         188.4 |      285.3 

=== complex efficiency ratio (c64 GF/s over f64 GF/s; 1.0 = no penalty) ===
             case | plan c64/f64 | packed c64/f64 | upstream c64/f64 | tblis c64/f64 
------------------+--------------+----------------+------------------+---------------
         ij-ik-kj |        1.046 |          1.068 |            1.325 |         1.332 
       ij-ikl-ljk |        1.258 |          1.267 |            1.517 |         2.401 
       ij-kil-lkj |        1.166 |          1.167 |            1.339 |         2.299 
       ijk-ikl-lj |        1.171 |          1.160 |            1.718 |         1.506 
       ijk-il-jlk |        1.080 |          1.011 |            1.465 |         1.588 
       ijk-ilk-jl |        1.784 |          1.460 |            1.704 |         1.570 
       ijk-ilk-lj |        1.203 |          1.176 |            1.646 |         1.582 
     ijk-ilmk-mjl |        1.423 |          1.488 |            2.630 |         2.311 
   ijkl-imjn-lnkm |        1.142 |          1.132 |            1.225 |         1.261 
   ijkl-imjn-nlmk |        1.254 |          1.228 |            1.329 |         1.334 
   ijkl-imkn-jnlm |        1.108 |          1.094 |            1.186 |         1.094 
   ijkl-imkn-njml |        1.104 |          1.082 |            1.201 |         1.176 
   ijkl-imln-jnkm |        1.108 |          1.113 |            1.214 |         1.104 
   ijkl-imln-njmk |        1.112 |          1.091 |            1.229 |         1.196 
   ijkl-imnj-nlkm |        1.128 |          1.106 |            1.216 |         1.195 
   ijkl-imnk-njml |        1.092 |          1.096 |            1.219 |         1.196 
   ijkl-minj-nlmk |        1.123 |          1.092 |            1.177 |         1.180 
   ijkl-mink-jnlm |        1.110 |          1.088 |            1.186 |         1.147 
   ijkl-minl-njmk |        1.094 |          1.100 |            1.179 |         1.175 
     aqrs-pa-pqrs |        3.172 |          5.900 |            1.683 |         2.445 
     abrs-qb-aqrs |        1.576 |          1.628 |            2.620 |         2.469 
     abcs-rc-abrs |        1.466 |          1.461 |            2.737 |         2.462 
       abj-bka-kj |        1.238 |          1.251 |            1.742 |         1.249 
       ajb-kba-jk |        1.174 |          1.146 |            1.536 |         1.366 
     abjc-cbka-kj |        2.422 |          2.618 |            3.100 |         2.186 
     ajbc-ckba-jk |        0.357 |          0.329 |            0.550 |         2.164 
     abjc-kbac-jk |        1.531 |          1.545 |            2.230 |         2.371 
   abjcd-dkbac-jk |        1.831 |          1.613 |            1.899 |         2.039 
   adbjc-cbdka-kj |        3.255 |          3.205 |            3.401 |         1.764 
   ajbdc-ckbad-jk |        1.011 |          1.052 |            1.198 |         2.072 
 abcijk-ijma-mkbc |        1.075 |          1.037 |            1.110 |         1.204 
 abcijk-ijmb-mkac |        1.268 |          1.344 |            1.423 |         1.631 
 abcijk-ijmc-mkab |        1.355 |          1.112 |            1.422 |         1.625 
 abcijk-ikma-mjbc |        1.057 |          1.065 |            1.059 |         1.278 
 abcijk-ikmb-mjac |        1.391 |          1.217 |            1.419 |         1.255 
 abcijk-ikmc-mjab |        1.416 |          1.256 |            1.507 |         1.608 
 abcijk-jkma-mibc |        1.067 |          1.003 |            1.028 |         1.256 
 abcijk-jkmb-miac |        1.328 |          1.159 |            1.376 |         1.488 
 abcijk-jkmc-miab |        1.438 |          1.155 |            1.581 |         1.695 
 abcijk-eiab-jkec |        1.446 |          1.201 |            1.448 |         1.527 
 abcijk-eiac-jkeb |        1.300 |          1.192 |            1.320 |         1.525 
 abcijk-eibc-jkea |        1.069 |          1.018 |            1.177 |         1.223 
 abcijk-ejab-ikec |        1.251 |          1.182 |            1.429 |         1.499 
 abcijk-ejac-ikeb |        1.290 |          1.143 |            1.405 |         1.227 
 abcijk-ejbc-ikea |        1.036 |          1.062 |            1.152 |         1.213 
 abcijk-ekab-ijec |        1.371 |          1.311 |            1.554 |         1.550 
 abcijk-ekac-ijeb |        1.262 |          1.147 |            1.420 |         1.604 
 abcijk-ekbc-ijea |        1.048 |          0.998 |            1.112 |         1.272 
       abc-bk-akc |        1.485 |          1.464 |            1.732 |         1.562 
             MEAN |        1.337 |          1.344 |            1.532 |         1.581 

wrote /home/shinaoka/projects/tensor4all/tprims-rs/benchmarks/benchmarks/tcbench/results/2026-10-07-native/A-1m-8t.pending.csv
