# threads: requested=1 pool=1 budget=1
host        : shinaoka-EVO-X1Pro
target      : x86_64 / linux
cpu features: avx2 fma avx512f avx512dq 
caches      : L1=48KiB/12-way/2sh L2=1024KiB/16-way/2sh L3=16384KiB/16-way/8sh (via sysfs), blocking=legacy
l3 domains  : t1=1
baselines   : tblis=true blas=false
tblis       : abi 2.x, 1 thread(s)

running 49 cases at 1 MiB nominal tensor size, 5 reps, stress=none


=== f64 ===
             case |     m |    n |    k | regA | regB | plan GF/s | packed GF/s | upstream GF/s | tblis GF/s 
------------------+-------+------+------+------+------+-----------+-------------+---------------+------------
         ij-ik-kj |   384 |  364 |  384 | 0.00 | 0.00 |      37.3 |        34.7 |          34.3 |       29.6 
       ij-ikl-ljk |    72 |   52 | 3744 | 1.00 | 1.00 |      37.8 |        38.0 |          37.0 |       21.9 
       ij-kil-lkj |    72 |   52 | 5184 | 1.00 | 1.00 |      34.9 |        35.5 |          34.6 |       21.5 
       ijk-ikl-lj |  3744 |   52 |   72 | 1.00 | 1.00 |      42.4 |        42.6 |          41.2 |       26.3 
       ijk-il-jlk |    72 | 3744 |   52 | 1.00 | 1.00 |      43.4 |        43.7 |          41.3 |       29.4 
       ijk-ilk-jl |  3744 |   72 |   52 | 1.00 | 1.00 |      45.5 |        45.5 |          44.3 |       30.9 
       ijk-ilk-lj |  3744 |   52 |   72 | 1.00 | 1.00 |      42.5 |        42.6 |          41.5 |       27.0 
     ijk-ilmk-mjl |   480 |   20 |  480 | 1.00 | 1.00 |      35.5 |        35.6 |          35.0 |       16.2 
   ijkl-imjn-lnkm |   480 |  480 |  400 | 1.00 | 0.80 |      48.3 |        48.2 |          47.8 |       40.5 
   ijkl-imjn-nlmk |   480 |  400 |  480 | 1.00 | 0.80 |      49.0 |        49.1 |          48.5 |       40.7 
   ijkl-imkn-jnlm |   480 |  480 |  400 | 1.00 | 1.00 |      48.9 |        49.0 |          48.7 |       41.5 
   ijkl-imkn-njml |   480 |  400 |  480 | 1.00 | 0.80 |      48.9 |        48.9 |          48.6 |       40.7 
   ijkl-imln-jnkm |   480 |  480 |  400 | 1.00 | 1.00 |      48.5 |        48.8 |          48.2 |       41.2 
   ijkl-imln-njmk |   480 |  400 |  480 | 1.00 | 0.80 |      48.7 |        48.9 |          48.5 |       41.1 
   ijkl-imnj-nlkm |   480 |  400 |  480 | 1.00 | 0.80 |      48.9 |        49.0 |          48.3 |       41.2 
   ijkl-imnk-njml |   480 |  400 |  480 | 1.00 | 0.80 |      49.1 |        49.4 |          48.6 |       41.0 
   ijkl-minj-nlmk |   480 |  400 |  576 | 1.00 | 0.80 |      47.5 |        47.7 |          46.9 |       40.1 
   ijkl-mink-jnlm |   480 |  480 |  480 | 1.00 | 1.00 |      47.7 |        48.2 |          47.3 |       40.3 
   ijkl-minl-njmk |   480 |  400 |  576 | 1.00 | 0.80 |      47.8 |        47.8 |          47.0 |       40.0 
     aqrs-pa-pqrs |    24 | 8000 |   24 | 0.00 | 0.00 |      48.5 |        32.9 |          30.8 |       14.1 
     abrs-qb-aqrs |    20 | 9600 |   24 | 1.00 | 1.00 |      31.7 |        32.3 |          29.9 |       13.3 
     abcs-rc-abrs |    20 | 9600 |   24 | 1.00 | 1.00 |      31.4 |        31.5 |          29.4 |       13.3 
       abj-bka-kj |  5184 |   52 |   72 | 1.00 | 1.00 |      34.7 |        34.6 |          33.4 |       22.9 
       ajb-kba-jk |  3744 |   72 |   72 | 1.00 | 1.00 |      43.7 |        44.0 |          42.6 |       30.7 
     abjc-cbka-kj | 11520 |   20 |   24 | 1.00 | 1.00 |      17.9 |        17.8 |          16.8 |       13.0 
     ajbc-ckba-jk | 11520 |   24 |   20 | 1.00 | 1.00 |      24.5 |        24.5 |          22.7 |       14.5 
     abjc-kbac-jk |  9600 |   24 |   24 | 1.00 | 1.00 |      33.5 |        34.2 |          32.5 |       16.2 
   abjcd-dkbac-jk | 82944 |   24 |   12 | 1.00 | 1.00 |      16.2 |        16.3 |          14.4 |        8.1 
   adbjc-cbdka-kj | 82944 |   12 |   24 | 1.00 | 1.00 |       5.3 |         5.4 |           5.3 |        6.9 
   ajbdc-ckbad-jk | 82944 |   24 |   12 | 1.00 | 1.00 |      16.0 |        16.2 |          14.8 |        8.9 
 abcijk-ijma-mkbc |  4608 |  512 |   24 | 1.00 | 1.00 |      40.2 |        40.0 |          37.8 |       28.8 
 abcijk-ijmb-mkac |  1536 | 1536 |   24 | 1.00 | 1.00 |      41.6 |        42.0 |          40.5 |       27.2 
 abcijk-ijmc-mkab |  1536 | 1536 |   24 | 1.00 | 1.00 |      41.1 |        41.4 |          39.8 |       31.2 
 abcijk-ikma-mjbc |  4608 |  512 |   24 | 1.00 | 1.00 |      39.6 |        40.5 |          38.0 |       28.0 
 abcijk-ikmb-mjac |  1536 | 1536 |   24 | 1.00 | 1.00 |      41.1 |        42.0 |          40.1 |       26.9 
 abcijk-ikmc-mjab |  1536 | 1536 |   24 | 1.00 | 1.00 |      41.4 |        41.7 |          39.9 |       28.9 
 abcijk-jkma-mibc |  4608 |  512 |   24 | 1.00 | 1.00 |      40.1 |        40.7 |          37.8 |       32.8 
 abcijk-jkmb-miac |  1536 | 1536 |   24 | 1.00 | 1.00 |      41.5 |        42.4 |          40.4 |       23.0 
 abcijk-jkmc-miab |  1536 | 1536 |   24 | 1.00 | 1.00 |      41.3 |        41.6 |          40.1 |       26.8 
 abcijk-eiab-jkec |  1536 | 1536 |   24 | 1.00 | 1.00 |      41.3 |        41.6 |          40.2 |       26.7 
 abcijk-eiac-jkeb |  1536 | 1536 |   24 | 1.00 | 1.00 |      41.8 |        42.3 |          40.4 |       22.4 
 abcijk-eibc-jkea |   512 | 4608 |   24 | 1.00 | 1.00 |      40.5 |        40.7 |          38.2 |       32.7 
 abcijk-ejab-ikec |  1536 | 1536 |   24 | 1.00 | 1.00 |      41.3 |        41.6 |          40.1 |       28.9 
 abcijk-ejac-ikeb |  1536 | 1536 |   24 | 1.00 | 1.00 |      41.3 |        41.9 |          40.4 |       26.9 
 abcijk-ejbc-ikea |   512 | 4608 |   24 | 1.00 | 1.00 |      40.1 |        40.3 |          38.2 |       28.8 
 abcijk-ekab-ijec |  1536 | 1536 |   24 | 1.00 | 1.00 |      41.0 |        41.8 |          39.9 |       31.9 
 abcijk-ekac-ijeb |  1536 | 1536 |   24 | 1.00 | 1.00 |      41.5 |        42.2 |          40.2 |       27.1 
 abcijk-ekbc-ijea |   512 | 4608 |   24 | 1.00 | 1.00 |      40.1 |        40.2 |          38.2 |       29.0 
       abc-bk-akc |    72 | 3744 |   52 | 1.00 | 1.00 |      45.4 |        45.6 |          44.3 |       31.1 

=== c64 ===
             case |     m |    n |    k | regA | regB | plan GF/s | packed GF/s | upstream GF/s | tblis GF/s 
------------------+-------+------+------+------+------+-----------+-------------+---------------+------------
         ij-ik-kj |   384 |  364 |  384 | 1.00 | 1.00 |      35.1 |        35.0 |          34.6 |       40.8 
       ij-ikl-ljk |    72 |   52 | 3744 | 1.00 | 1.00 |      37.4 |        37.4 |          35.8 |       30.4 
       ij-kil-lkj |    72 |   52 | 5184 | 1.00 | 1.00 |      32.6 |        32.8 |          31.7 |       29.5 
       ijk-ikl-lj |  3744 |   52 |   72 | 1.00 | 1.00 |      43.9 |        43.7 |          42.5 |       30.7 
       ijk-il-jlk |    72 | 3744 |   52 | 1.00 | 1.00 |      40.7 |        39.9 |          38.8 |       37.9 
       ijk-ilk-jl |  3744 |   72 |   52 | 0.89 | 1.00 |      46.5 |        45.9 |          45.4 |       36.0 
       ijk-ilk-lj |  3744 |   52 |   72 | 0.89 | 1.00 |      44.0 |        44.0 |          43.0 |       32.2 
     ijk-ilmk-mjl |   480 |   20 |  480 | 0.67 | 1.00 |      37.2 |        37.2 |          36.3 |       30.2 
   ijkl-imjn-lnkm |   480 |  480 |  400 | 0.67 | 0.80 |      48.0 |        48.1 |          47.7 |       45.7 
   ijkl-imjn-nlmk |   480 |  400 |  480 | 0.67 | 0.81 |      48.2 |        48.2 |          47.8 |       44.0 
   ijkl-imkn-jnlm |   480 |  480 |  400 | 0.67 | 1.00 |      48.0 |        48.0 |          47.2 |       45.6 
   ijkl-imkn-njml |   480 |  400 |  480 | 0.67 | 0.81 |      47.7 |        47.8 |          47.3 |       43.8 
   ijkl-imln-jnkm |   480 |  480 |  400 | 0.67 | 1.00 |      48.0 |        47.9 |          47.1 |       45.6 
   ijkl-imln-njmk |   480 |  400 |  480 | 0.67 | 0.81 |      47.8 |        47.9 |          47.4 |       44.4 
   ijkl-imnj-nlkm |   480 |  400 |  480 | 0.67 | 0.81 |      48.0 |        48.0 |          47.6 |       45.0 
   ijkl-imnk-njml |   480 |  400 |  480 | 0.67 | 0.81 |      47.6 |        47.7 |          47.2 |       44.8 
   ijkl-minj-nlmk |   480 |  400 |  576 | 0.67 | 0.81 |      46.5 |        46.4 |          45.7 |       43.2 
   ijkl-mink-jnlm |   480 |  480 |  480 | 0.67 | 1.00 |      47.3 |        47.4 |          46.8 |       44.7 
   ijkl-minl-njmk |   480 |  400 |  576 | 0.67 | 0.81 |      46.7 |        46.6 |          45.8 |       44.0 
     aqrs-pa-pqrs |    24 | 8000 |   24 | 1.00 | 1.00 |      30.0 |        30.0 |          28.2 |       25.7 
     abrs-qb-aqrs |    20 | 9600 |   24 | 1.00 | 1.00 |      39.3 |        39.4 |          37.9 |       23.4 
     abcs-rc-abrs |    20 | 9600 |   24 | 1.00 | 1.00 |      33.8 |        33.5 |          32.7 |       24.1 
       abj-bka-kj |  5184 |   52 |   72 | 0.89 | 1.00 |      41.2 |        40.5 |          40.4 |       27.2 
       ajb-kba-jk |  3744 |   72 |   72 | 0.89 | 1.00 |      45.2 |        44.3 |          42.6 |       30.7 
     abjc-cbka-kj | 11520 |   20 |   24 | 0.67 | 1.00 |      24.2 |        25.7 |          24.7 |       22.2 
     ajbc-ckba-jk | 11520 |   24 |   20 | 1.00 | 1.00 |      27.3 |        27.1 |          25.7 |       22.5 
     abjc-kbac-jk |  9600 |   24 |   24 | 0.67 | 1.00 |      37.5 |        37.0 |          35.3 |       23.8 
   abjcd-dkbac-jk | 82944 |   24 |   12 | 0.67 | 1.00 |      21.8 |        21.6 |          20.4 |       15.9 
   adbjc-cbdka-kj | 82944 |   12 |   24 | 0.67 | 1.00 |      10.3 |        10.3 |          10.0 |       13.9 
   ajbdc-ckbad-jk | 82944 |   24 |   12 | 1.00 | 1.00 |      25.1 |        25.4 |          23.0 |       15.7 
 abcijk-ijma-mkbc |  4608 |  512 |   24 | 1.00 | 0.97 |      42.0 |        41.9 |          40.8 |       32.8 
 abcijk-ijmb-mkac |  1536 | 1536 |   24 | 1.00 | 0.75 |      43.9 |        43.8 |          42.7 |       33.2 
 abcijk-ijmc-mkab |  1536 | 1536 |   24 | 1.00 | 0.50 |      42.9 |        43.0 |          42.6 |       38.1 
 abcijk-ikma-mjbc |  4608 |  512 |   24 | 1.00 | 0.97 |      41.8 |        42.1 |          41.0 |       32.9 
 abcijk-ikmb-mjac |  1536 | 1536 |   24 | 1.00 | 0.75 |      44.2 |        44.1 |          43.1 |       33.5 
 abcijk-ikmc-mjab |  1536 | 1536 |   24 | 1.00 | 0.50 |      43.0 |        42.9 |          42.6 |       35.1 
 abcijk-jkma-mibc |  4608 |  512 |   24 | 1.00 | 0.97 |      42.0 |        42.0 |          40.8 |       36.1 
 abcijk-jkmb-miac |  1536 | 1536 |   24 | 1.00 | 0.75 |      44.1 |        44.0 |          42.8 |       29.4 
 abcijk-jkmc-miab |  1536 | 1536 |   24 | 1.00 | 0.50 |      43.0 |        43.1 |          42.7 |       36.8 
 abcijk-eiab-jkec |  1536 | 1536 |   24 | 1.00 | 0.50 |      43.0 |        43.0 |          42.6 |       36.5 
 abcijk-eiac-jkeb |  1536 | 1536 |   24 | 1.00 | 0.75 |      44.0 |        43.8 |          42.7 |       29.8 
 abcijk-eibc-jkea |   512 | 4608 |   24 | 1.00 | 0.97 |      42.0 |        42.0 |          40.8 |       36.0 
 abcijk-ejab-ikec |  1536 | 1536 |   24 | 1.00 | 0.50 |      43.0 |        42.8 |          42.7 |       34.8 
 abcijk-ejac-ikeb |  1536 | 1536 |   24 | 1.00 | 0.75 |      44.3 |        44.3 |          43.2 |       34.0 
 abcijk-ejbc-ikea |   512 | 4608 |   24 | 1.00 | 0.97 |      41.9 |        42.1 |          41.0 |       33.0 
 abcijk-ekab-ijec |  1536 | 1536 |   24 | 1.00 | 0.50 |      42.9 |        43.0 |          42.6 |       37.9 
 abcijk-ekac-ijeb |  1536 | 1536 |   24 | 1.00 | 0.75 |      44.2 |        44.3 |          43.2 |       33.2 
 abcijk-ekbc-ijea |   512 | 4608 |   24 | 1.00 | 0.97 |      42.0 |        42.0 |          40.8 |       32.9 
       abc-bk-akc |    72 | 3744 |   52 | 0.89 | 1.00 |      46.4 |        45.6 |          45.0 |       35.4 

=== complex efficiency ratio (c64 GF/s over f64 GF/s; 1.0 = no penalty) ===
             case | plan c64/f64 | packed c64/f64 | upstream c64/f64 | tblis c64/f64 
------------------+--------------+----------------+------------------+---------------
         ij-ik-kj |        0.940 |          1.009 |            1.006 |         1.377 
       ij-ikl-ljk |        0.989 |          0.983 |            0.968 |         1.388 
       ij-kil-lkj |        0.934 |          0.924 |            0.918 |         1.372 
       ijk-ikl-lj |        1.034 |          1.027 |            1.032 |         1.167 
       ijk-il-jlk |        0.938 |          0.912 |            0.941 |         1.286 
       ijk-ilk-jl |        1.023 |          1.007 |            1.026 |         1.164 
       ijk-ilk-lj |        1.036 |          1.032 |            1.037 |         1.193 
     ijk-ilmk-mjl |        1.048 |          1.045 |            1.038 |         1.865 
   ijkl-imjn-lnkm |        0.995 |          0.998 |            0.999 |         1.129 
   ijkl-imjn-nlmk |        0.984 |          0.983 |            0.985 |         1.082 
   ijkl-imkn-jnlm |        0.982 |          0.979 |            0.969 |         1.100 
   ijkl-imkn-njml |        0.976 |          0.977 |            0.973 |         1.075 
   ijkl-imln-jnkm |        0.989 |          0.983 |            0.978 |         1.108 
   ijkl-imln-njmk |        0.982 |          0.979 |            0.978 |         1.079 
   ijkl-imnj-nlkm |        0.981 |          0.981 |            0.985 |         1.092 
   ijkl-imnk-njml |        0.968 |          0.965 |            0.971 |         1.095 
   ijkl-minj-nlmk |        0.978 |          0.972 |            0.974 |         1.076 
   ijkl-mink-jnlm |        0.992 |          0.982 |            0.990 |         1.111 
   ijkl-minl-njmk |        0.977 |          0.974 |            0.975 |         1.099 
     aqrs-pa-pqrs |        0.619 |          0.910 |            0.915 |         1.824 
     abrs-qb-aqrs |        1.237 |          1.222 |            1.265 |         1.759 
     abcs-rc-abrs |        1.077 |          1.064 |            1.113 |         1.812 
       abj-bka-kj |        1.187 |          1.172 |            1.208 |         1.191 
       ajb-kba-jk |        1.033 |          1.008 |            1.000 |         0.997 
     abjc-cbka-kj |        1.350 |          1.444 |            1.475 |         1.701 
     ajbc-ckba-jk |        1.114 |          1.105 |            1.134 |         1.548 
     abjc-kbac-jk |        1.118 |          1.083 |            1.087 |         1.473 
   abjcd-dkbac-jk |        1.341 |          1.324 |            1.417 |         1.951 
   adbjc-cbdka-kj |        1.930 |          1.911 |            1.887 |         2.022 
   ajbdc-ckbad-jk |        1.567 |          1.569 |            1.558 |         1.762 
 abcijk-ijma-mkbc |        1.044 |          1.048 |            1.080 |         1.138 
 abcijk-ijmb-mkac |        1.055 |          1.044 |            1.054 |         1.220 
 abcijk-ijmc-mkab |        1.042 |          1.039 |            1.070 |         1.219 
 abcijk-ikma-mjbc |        1.056 |          1.037 |            1.080 |         1.174 
 abcijk-ikmb-mjac |        1.077 |          1.049 |            1.076 |         1.247 
 abcijk-ikmc-mjab |        1.039 |          1.030 |            1.069 |         1.217 
 abcijk-jkma-mibc |        1.048 |          1.034 |            1.081 |         1.101 
 abcijk-jkmb-miac |        1.063 |          1.036 |            1.058 |         1.278 
 abcijk-jkmc-miab |        1.042 |          1.035 |            1.064 |         1.375 
 abcijk-eiab-jkec |        1.042 |          1.033 |            1.058 |         1.366 
 abcijk-eiac-jkeb |        1.052 |          1.036 |            1.058 |         1.330 
 abcijk-eibc-jkea |        1.036 |          1.031 |            1.069 |         1.100 
 abcijk-ejab-ikec |        1.039 |          1.029 |            1.063 |         1.206 
 abcijk-ejac-ikeb |        1.072 |          1.057 |            1.068 |         1.265 
 abcijk-ejbc-ikea |        1.045 |          1.045 |            1.074 |         1.146 
 abcijk-ekab-ijec |        1.046 |          1.028 |            1.069 |         1.189 
 abcijk-ekac-ijeb |        1.067 |          1.049 |            1.075 |         1.223 
 abcijk-ekbc-ijea |        1.047 |          1.046 |            1.068 |         1.136 
       abc-bk-akc |        1.022 |          0.999 |            1.016 |         1.138 
             MEAN |        1.066 |          1.066 |            1.083 |         1.305 

wrote /home/shinaoka/projects/tensor4all/tprims-rs/benchmarks/benchmarks/tcbench/results/2026-10-07-native/A-1m-1t.pending.csv
