# threads: requested=1 pool=1 budget=1
host        : shinaoka-EVO-X1Pro
target      : x86_64 / linux
cpu features: avx2 fma avx512f avx512dq 
caches      : L1=48KiB/12-way/2sh L2=1024KiB/16-way/2sh L3=16384KiB/16-way/8sh (via sysfs), blocking=legacy
l3 domains  : t1=1
baselines   : tblis=true blas=false
tblis       : abi 2.x, 1 thread(s)

running 49 cases at 1 MiB nominal tensor size, 5 reps, stress=none


=== f64 ===
             case |     m |    n |    k | regA | regB | plan GF/s | packed GF/s | upstream GF/s | tblis GF/s 
------------------+-------+------+------+------+------+-----------+-------------+---------------+------------
         ij-ik-kj |   384 |  364 |  384 | 0.00 | 0.00 |      37.3 |        34.7 |          34.2 |       29.8 
       ij-ikl-ljk |    72 |   52 | 3744 | 1.00 | 1.00 |      38.4 |        38.4 |          37.1 |       21.7 
       ij-kil-lkj |    72 |   52 | 5184 | 1.00 | 1.00 |      36.1 |        36.3 |          35.1 |       21.5 
       ijk-ikl-lj |  3744 |   52 |   72 | 1.00 | 1.00 |      42.8 |        42.9 |          41.7 |       26.6 
       ijk-il-jlk |    72 | 3744 |   52 | 1.00 | 1.00 |      42.5 |        42.5 |          41.2 |       29.4 
       ijk-ilk-jl |  3744 |   72 |   52 | 1.00 | 1.00 |      45.6 |        45.7 |          44.4 |       31.2 
       ijk-ilk-lj |  3744 |   52 |   72 | 1.00 | 1.00 |      42.6 |        42.7 |          41.5 |       27.2 
     ijk-ilmk-mjl |   480 |   20 |  480 | 1.00 | 1.00 |      35.5 |        35.6 |          34.9 |       16.1 
   ijkl-imjn-lnkm |   480 |  480 |  400 | 1.00 | 0.80 |      48.3 |        48.3 |          47.7 |       40.4 
   ijkl-imjn-nlmk |   480 |  400 |  480 | 1.00 | 0.80 |      49.1 |        49.2 |          48.5 |       40.2 
   ijkl-imkn-jnlm |   480 |  480 |  400 | 1.00 | 1.00 |      49.5 |        49.5 |          48.3 |       41.9 
   ijkl-imkn-njml |   480 |  400 |  480 | 1.00 | 0.80 |      49.1 |        49.3 |          48.5 |       40.9 
   ijkl-imln-jnkm |   480 |  480 |  400 | 1.00 | 1.00 |      48.9 |        49.2 |          48.5 |       42.4 
   ijkl-imln-njmk |   480 |  400 |  480 | 1.00 | 0.80 |      49.5 |        49.7 |          48.9 |       41.9 
   ijkl-imnj-nlkm |   480 |  400 |  480 | 1.00 | 0.80 |      49.2 |        49.2 |          48.6 |       41.6 
   ijkl-imnk-njml |   480 |  400 |  480 | 1.00 | 0.80 |      49.5 |        49.8 |          48.9 |       42.1 
   ijkl-minj-nlmk |   480 |  400 |  576 | 1.00 | 0.80 |      48.0 |        48.2 |          47.1 |       40.7 
   ijkl-mink-jnlm |   480 |  480 |  480 | 1.00 | 1.00 |      48.6 |        48.4 |          48.1 |       41.7 
   ijkl-minl-njmk |   480 |  400 |  576 | 1.00 | 0.80 |      48.1 |        48.2 |          47.5 |       40.8 
     aqrs-pa-pqrs |    24 | 8000 |   24 | 0.00 | 0.00 |      49.6 |        32.8 |          31.1 |       14.1 
     abrs-qb-aqrs |    20 | 9600 |   24 | 1.00 | 1.00 |      32.1 |        32.4 |          30.2 |       13.4 
     abcs-rc-abrs |    20 | 9600 |   24 | 1.00 | 1.00 |      31.7 |        31.7 |          29.7 |       13.4 
       abj-bka-kj |  5184 |   52 |   72 | 1.00 | 1.00 |      34.2 |        34.2 |          33.2 |       22.8 
       ajb-kba-jk |  3744 |   72 |   72 | 1.00 | 1.00 |      43.1 |        43.5 |          42.1 |       29.6 
     abjc-cbka-kj | 11520 |   20 |   24 | 1.00 | 1.00 |      17.6 |        17.6 |          16.4 |       13.1 
     ajbc-ckba-jk | 11520 |   24 |   20 | 1.00 | 1.00 |      26.7 |        24.7 |          22.8 |       15.1 
     abjc-kbac-jk |  9600 |   24 |   24 | 1.00 | 1.00 |      34.4 |        34.4 |          32.4 |       16.1 
   abjcd-dkbac-jk | 82944 |   24 |   12 | 1.00 | 1.00 |      15.5 |        15.9 |          14.5 |        8.3 
   adbjc-cbdka-kj | 82944 |   12 |   24 | 1.00 | 1.00 |       5.4 |         5.4 |           5.0 |        6.2 
   ajbdc-ckbad-jk | 82944 |   24 |   12 | 1.00 | 1.00 |      16.5 |        16.1 |          15.0 |        8.7 
 abcijk-ijma-mkbc |  4608 |  512 |   24 | 1.00 | 1.00 |      40.4 |        39.9 |          37.8 |       28.4 
 abcijk-ijmb-mkac |  1536 | 1536 |   24 | 1.00 | 1.00 |      41.5 |        41.9 |          40.0 |       27.1 
 abcijk-ijmc-mkab |  1536 | 1536 |   24 | 1.00 | 1.00 |      39.7 |        40.0 |          38.1 |       32.7 
 abcijk-ikma-mjbc |  4608 |  512 |   24 | 1.00 | 1.00 |      39.4 |        40.4 |          37.8 |       28.7 
 abcijk-ikmb-mjac |  1536 | 1536 |   24 | 1.00 | 1.00 |      41.5 |        42.0 |          39.9 |       27.8 
 abcijk-ikmc-mjab |  1536 | 1536 |   24 | 1.00 | 1.00 |      39.7 |        40.2 |          38.0 |       28.6 
 abcijk-jkma-mibc |  4608 |  512 |   24 | 1.00 | 1.00 |      40.1 |        40.2 |          37.8 |       32.4 
 abcijk-jkmb-miac |  1536 | 1536 |   24 | 1.00 | 1.00 |      41.7 |        42.2 |          40.0 |       21.9 
 abcijk-jkmc-miab |  1536 | 1536 |   24 | 1.00 | 1.00 |      39.9 |        40.3 |          38.0 |       30.1 
 abcijk-eiab-jkec |  1536 | 1536 |   24 | 1.00 | 1.00 |      39.9 |        40.2 |          38.1 |       30.0 
 abcijk-eiac-jkeb |  1536 | 1536 |   24 | 1.00 | 1.00 |      41.5 |        41.8 |          40.2 |       21.9 
 abcijk-eibc-jkea |   512 | 4608 |   24 | 1.00 | 1.00 |      40.4 |        40.3 |          38.2 |       32.2 
 abcijk-ejab-ikec |  1536 | 1536 |   24 | 1.00 | 1.00 |      39.9 |        40.3 |          38.1 |       28.4 
 abcijk-ejac-ikeb |  1536 | 1536 |   24 | 1.00 | 1.00 |      41.7 |        41.8 |          39.7 |       27.7 
 abcijk-ejbc-ikea |   512 | 4608 |   24 | 1.00 | 1.00 |      39.6 |        39.9 |          37.7 |       28.2 
 abcijk-ekab-ijec |  1536 | 1536 |   24 | 1.00 | 1.00 |      39.7 |        39.9 |          37.9 |       32.3 
 abcijk-ekac-ijeb |  1536 | 1536 |   24 | 1.00 | 1.00 |      41.5 |        41.9 |          39.8 |       26.9 
 abcijk-ekbc-ijea |   512 | 4608 |   24 | 1.00 | 1.00 |      39.9 |        40.1 |          37.9 |       28.8 
       abc-bk-akc |    72 | 3744 |   52 | 1.00 | 1.00 |      45.7 |        45.8 |          44.4 |       31.3 

=== c64 ===
             case |     m |    n |    k | regA | regB | plan GF/s | packed GF/s | upstream GF/s | tblis GF/s 
------------------+-------+------+------+------+------+-----------+-------------+---------------+------------
         ij-ik-kj |   384 |  364 |  384 | 1.00 | 1.00 |      35.1 |        35.1 |          34.7 |       41.3 
       ij-ikl-ljk |    72 |   52 | 3744 | 1.00 | 1.00 |      37.9 |        37.6 |          36.7 |       31.0 
       ij-kil-lkj |    72 |   52 | 5184 | 1.00 | 1.00 |      32.9 |        33.1 |          32.1 |       29.6 
       ijk-ikl-lj |  3744 |   52 |   72 | 1.00 | 1.00 |      44.5 |        44.1 |          43.7 |       28.4 
       ijk-il-jlk |    72 | 3744 |   52 | 1.00 | 1.00 |      40.5 |        39.6 |          38.6 |       37.9 
       ijk-ilk-jl |  3744 |   72 |   52 | 0.89 | 1.00 |      46.9 |        46.5 |          45.9 |       35.1 
       ijk-ilk-lj |  3744 |   52 |   72 | 0.89 | 1.00 |      44.0 |        43.8 |          42.9 |       32.4 
     ijk-ilmk-mjl |   480 |   20 |  480 | 0.67 | 1.00 |      37.2 |        37.3 |          36.5 |       29.7 
   ijkl-imjn-lnkm |   480 |  480 |  400 | 0.67 | 0.80 |      48.2 |        48.2 |          47.7 |       45.1 
   ijkl-imjn-nlmk |   480 |  400 |  480 | 0.67 | 0.81 |      48.3 |        48.4 |          47.9 |       44.0 
   ijkl-imkn-jnlm |   480 |  480 |  400 | 0.67 | 1.00 |      48.2 |        48.2 |          47.3 |       45.0 
   ijkl-imkn-njml |   480 |  400 |  480 | 0.67 | 0.81 |      48.2 |        48.2 |          47.8 |       44.0 
   ijkl-imln-jnkm |   480 |  480 |  400 | 0.67 | 1.00 |      48.2 |        48.3 |          47.7 |       44.9 
   ijkl-imln-njmk |   480 |  400 |  480 | 0.67 | 0.81 |      48.4 |        48.3 |          47.8 |       44.8 
   ijkl-imnj-nlkm |   480 |  400 |  480 | 0.67 | 0.81 |      48.5 |        48.4 |          47.9 |       45.2 
   ijkl-imnk-njml |   480 |  400 |  480 | 0.67 | 0.81 |      48.3 |        48.2 |          47.7 |       45.0 
   ijkl-minj-nlmk |   480 |  400 |  576 | 0.67 | 0.81 |      46.9 |        46.8 |          46.2 |       43.7 
   ijkl-mink-jnlm |   480 |  480 |  480 | 0.67 | 1.00 |      47.4 |        47.0 |          46.4 |       44.4 
   ijkl-minl-njmk |   480 |  400 |  576 | 0.67 | 0.81 |      46.7 |        46.8 |          46.0 |       44.3 
     aqrs-pa-pqrs |    24 | 8000 |   24 | 1.00 | 1.00 |      29.5 |        29.8 |          28.5 |       25.1 
     abrs-qb-aqrs |    20 | 9600 |   24 | 1.00 | 1.00 |      39.0 |        39.3 |          37.3 |       23.8 
     abcs-rc-abrs |    20 | 9600 |   24 | 1.00 | 1.00 |      33.5 |        33.2 |          32.3 |       24.8 
       abj-bka-kj |  5184 |   52 |   72 | 0.89 | 1.00 |      40.8 |        40.7 |          39.7 |       27.8 
       ajb-kba-jk |  3744 |   72 |   72 | 0.89 | 1.00 |      45.4 |        44.9 |          43.0 |       32.3 
     abjc-cbka-kj | 11520 |   20 |   24 | 0.67 | 1.00 |      24.1 |        24.1 |          22.6 |       22.5 
     ajbc-ckba-jk | 11520 |   24 |   20 | 1.00 | 1.00 |      27.9 |        28.7 |          27.1 |       21.6 
     abjc-kbac-jk |  9600 |   24 |   24 | 0.67 | 1.00 |      38.0 |        37.3 |          36.3 |       24.8 
   abjcd-dkbac-jk | 82944 |   24 |   12 | 0.67 | 1.00 |      21.5 |        21.6 |          20.4 |       16.0 
   adbjc-cbdka-kj | 82944 |   12 |   24 | 0.67 | 1.00 |      10.4 |        10.4 |          10.0 |       13.8 
   ajbdc-ckbad-jk | 82944 |   24 |   12 | 1.00 | 1.00 |      24.9 |        25.7 |          23.1 |       15.5 
 abcijk-ijma-mkbc |  4608 |  512 |   24 | 1.00 | 0.97 |      42.3 |        42.3 |          41.0 |       32.8 
 abcijk-ijmb-mkac |  1536 | 1536 |   24 | 1.00 | 0.75 |      43.8 |        43.8 |          42.6 |       33.0 
 abcijk-ijmc-mkab |  1536 | 1536 |   24 | 1.00 | 0.50 |      43.1 |        43.1 |          42.7 |       37.8 
 abcijk-ikma-mjbc |  4608 |  512 |   24 | 1.00 | 0.97 |      42.1 |        42.0 |          40.8 |       32.7 
 abcijk-ikmb-mjac |  1536 | 1536 |   24 | 1.00 | 0.75 |      44.2 |        44.3 |          43.3 |       33.6 
 abcijk-ikmc-mjab |  1536 | 1536 |   24 | 1.00 | 0.50 |      43.1 |        43.0 |          42.9 |       34.9 
 abcijk-jkma-mibc |  4608 |  512 |   24 | 1.00 | 0.97 |      42.2 |        42.1 |          40.9 |       35.9 
 abcijk-jkmb-miac |  1536 | 1536 |   24 | 1.00 | 0.75 |      43.7 |        43.8 |          42.5 |       29.8 
 abcijk-jkmc-miab |  1536 | 1536 |   24 | 1.00 | 0.50 |      43.2 |        43.3 |          42.9 |       37.2 
 abcijk-eiab-jkec |  1536 | 1536 |   24 | 1.00 | 0.50 |      43.2 |        43.2 |          42.8 |       37.3 
 abcijk-eiac-jkeb |  1536 | 1536 |   24 | 1.00 | 0.75 |      43.8 |        43.7 |          42.6 |       29.4 
 abcijk-eibc-jkea |   512 | 4608 |   24 | 1.00 | 0.97 |      42.2 |        42.1 |          41.0 |       36.0 
 abcijk-ejab-ikec |  1536 | 1536 |   24 | 1.00 | 0.50 |      43.0 |        43.1 |          42.5 |       34.8 
 abcijk-ejac-ikeb |  1536 | 1536 |   24 | 1.00 | 0.75 |      44.3 |        44.1 |          42.9 |       34.0 
 abcijk-ejbc-ikea |   512 | 4608 |   24 | 1.00 | 0.97 |      42.1 |        42.1 |          41.3 |       33.1 
 abcijk-ekab-ijec |  1536 | 1536 |   24 | 1.00 | 0.50 |      42.9 |        43.0 |          42.7 |       38.1 
 abcijk-ekac-ijeb |  1536 | 1536 |   24 | 1.00 | 0.75 |      43.8 |        43.9 |          42.9 |       33.1 
 abcijk-ekbc-ijea |   512 | 4608 |   24 | 1.00 | 0.97 |      42.2 |        42.3 |          40.9 |       32.9 
       abc-bk-akc |    72 | 3744 |   52 | 0.89 | 1.00 |      46.5 |        46.1 |          45.3 |       36.7 

=== complex efficiency ratio (c64 GF/s over f64 GF/s; 1.0 = no penalty) ===
             case | plan c64/f64 | packed c64/f64 | upstream c64/f64 | tblis c64/f64 
------------------+--------------+----------------+------------------+---------------
         ij-ik-kj |        0.942 |          1.012 |            1.014 |         1.388 
       ij-ikl-ljk |        0.988 |          0.980 |            0.988 |         1.426 
       ij-kil-lkj |        0.911 |          0.910 |            0.916 |         1.378 
       ijk-ikl-lj |        1.040 |          1.028 |            1.049 |         1.068 
       ijk-il-jlk |        0.953 |          0.933 |            0.937 |         1.288 
       ijk-ilk-jl |        1.029 |          1.019 |            1.033 |         1.125 
       ijk-ilk-lj |        1.034 |          1.026 |            1.033 |         1.191 
     ijk-ilmk-mjl |        1.048 |          1.046 |            1.047 |         1.839 
   ijkl-imjn-lnkm |        0.999 |          0.998 |            0.999 |         1.115 
   ijkl-imjn-nlmk |        0.985 |          0.983 |            0.989 |         1.095 
   ijkl-imkn-jnlm |        0.975 |          0.974 |            0.979 |         1.074 
   ijkl-imkn-njml |        0.983 |          0.978 |            0.984 |         1.075 
   ijkl-imln-jnkm |        0.985 |          0.982 |            0.982 |         1.058 
   ijkl-imln-njmk |        0.976 |          0.973 |            0.977 |         1.069 
   ijkl-imnj-nlkm |        0.984 |          0.983 |            0.985 |         1.087 
   ijkl-imnk-njml |        0.977 |          0.968 |            0.975 |         1.070 
   ijkl-minj-nlmk |        0.978 |          0.971 |            0.980 |         1.073 
   ijkl-mink-jnlm |        0.976 |          0.972 |            0.965 |         1.063 
   ijkl-minl-njmk |        0.971 |          0.971 |            0.970 |         1.085 
     aqrs-pa-pqrs |        0.594 |          0.910 |            0.918 |         1.771 
     abrs-qb-aqrs |        1.215 |          1.214 |            1.236 |         1.777 
     abcs-rc-abrs |        1.058 |          1.047 |            1.090 |         1.844 
       abj-bka-kj |        1.193 |          1.190 |            1.197 |         1.216 
       ajb-kba-jk |        1.054 |          1.032 |            1.021 |         1.091 
     abjc-cbka-kj |        1.369 |          1.374 |            1.380 |         1.722 
     ajbc-ckba-jk |        1.042 |          1.160 |            1.186 |         1.433 
     abjc-kbac-jk |        1.106 |          1.084 |            1.121 |         1.535 
   abjcd-dkbac-jk |        1.389 |          1.356 |            1.404 |         1.935 
   adbjc-cbdka-kj |        1.908 |          1.911 |            1.996 |         2.210 
   ajbdc-ckbad-jk |        1.505 |          1.594 |            1.537 |         1.775 
 abcijk-ijma-mkbc |        1.046 |          1.059 |            1.083 |         1.155 
 abcijk-ijmb-mkac |        1.055 |          1.046 |            1.066 |         1.220 
 abcijk-ijmc-mkab |        1.083 |          1.076 |            1.120 |         1.157 
 abcijk-ikma-mjbc |        1.069 |          1.040 |            1.079 |         1.141 
 abcijk-ikmb-mjac |        1.066 |          1.054 |            1.085 |         1.210 
 abcijk-ikmc-mjab |        1.085 |          1.070 |            1.131 |         1.220 
 abcijk-jkma-mibc |        1.051 |          1.048 |            1.081 |         1.109 
 abcijk-jkmb-miac |        1.049 |          1.038 |            1.061 |         1.360 
 abcijk-jkmc-miab |        1.084 |          1.075 |            1.128 |         1.238 
 abcijk-eiab-jkec |        1.083 |          1.073 |            1.123 |         1.243 
 abcijk-eiac-jkeb |        1.054 |          1.043 |            1.059 |         1.343 
 abcijk-eibc-jkea |        1.045 |          1.044 |            1.075 |         1.118 
 abcijk-ejab-ikec |        1.077 |          1.069 |            1.116 |         1.224 
 abcijk-ejac-ikeb |        1.062 |          1.057 |            1.080 |         1.228 
 abcijk-ejbc-ikea |        1.062 |          1.054 |            1.097 |         1.174 
 abcijk-ekab-ijec |        1.082 |          1.077 |            1.127 |         1.182 
 abcijk-ekac-ijeb |        1.056 |          1.047 |            1.079 |         1.232 
 abcijk-ekbc-ijea |        1.056 |          1.054 |            1.081 |         1.144 
       abc-bk-akc |        1.016 |          1.008 |            1.021 |         1.171 
             MEAN |        1.068 |          1.074 |            1.093 |         1.301 

wrote /home/shinaoka/projects/tensor4all/tprims-rs/benchmarks/benchmarks/tcbench/results/2026-10-07-native/A2-1m-1t.pending.csv
