# threads: requested=1 pool=1 budget=1
host        : shinaoka-EVO-X1Pro
target      : x86_64 / linux
cpu features: avx2 fma avx512f avx512dq 
caches      : L1=48KiB/12-way/2sh L2=1024KiB/16-way/2sh L3=16384KiB/16-way/8sh (via sysfs), blocking=legacy
l3 domains  : t1=1
baselines   : tblis=true blas=false
tblis       : abi 2.x, 1 thread(s)

running 49 cases at 16 MiB nominal tensor size, 5 reps, stress=none


=== f64 ===
             case |      m |     n |     k | regA | regB | plan GF/s | packed GF/s | upstream GF/s | tblis GF/s 
------------------+--------+-------+-------+------+------+-----------+-------------+---------------+------------
         ij-ik-kj |   1464 |  1448 |  1464 | 0.00 | 0.00 |      36.3 |        48.7 |          47.6 |       46.0 
       ij-ikl-ljk |    144 |   128 | 18432 | 1.00 | 1.00 |      37.9 |        38.0 |          36.8 |       27.1 
       ij-kil-lkj |    144 |   128 | 20736 | 1.00 | 1.00 |      36.0 |        35.9 |          35.2 |       25.2 
       ijk-ikl-lj |  18432 |   128 |   144 | 1.00 | 1.00 |      43.9 |        43.8 |          42.4 |       32.3 
       ijk-il-jlk |    144 | 18432 |   128 | 1.00 | 1.00 |      38.6 |        38.8 |          35.7 |       36.3 
       ijk-ilk-jl |  18432 |   144 |   128 | 1.00 | 1.00 |      44.6 |        44.8 |          43.2 |       35.3 
       ijk-ilk-lj |  18432 |   128 |   144 | 1.00 | 1.00 |      44.3 |        44.2 |          43.2 |       33.5 
     ijk-ilmk-mjl |   1920 |    40 |  1920 | 1.00 | 1.00 |      39.5 |        39.3 |          39.2 |       22.2 
   ijkl-imjn-lnkm |   1920 |  1920 |  1600 | 1.00 | 1.00 |      47.5 |        47.5 |          46.6 |       46.7 
   ijkl-imjn-nlmk |   1920 |  1600 |  1920 | 1.00 | 1.00 |      47.4 |        47.3 |          46.4 |       45.5 
   ijkl-imkn-jnlm |   1920 |  1920 |  1600 | 1.00 | 1.00 |      47.2 |        47.2 |          46.6 |       46.2 
   ijkl-imkn-njml |   1920 |  1600 |  1920 | 1.00 | 1.00 |      47.1 |        47.1 |          46.5 |       45.2 
   ijkl-imln-jnkm |   1920 |  1920 |  1600 | 1.00 | 1.00 |      47.3 |        47.3 |          46.6 |       45.4 
   ijkl-imln-njmk |   1920 |  1600 |  1920 | 1.00 | 1.00 |      47.3 |        47.3 |          46.7 |       45.7 
   ijkl-imnj-nlkm |   1920 |  1600 |  1920 | 1.00 | 1.00 |      47.3 |        47.3 |          46.3 |       46.1 
   ijkl-imnk-njml |   1920 |  1600 |  1920 | 1.00 | 1.00 |      47.3 |        47.3 |          46.8 |       46.3 
   ijkl-minj-nlmk |   1920 |  1600 |  2304 | 1.00 | 1.00 |      46.5 |        46.5 |          45.4 |       45.3 
   ijkl-mink-jnlm |   1920 |  1920 |  1920 | 1.00 | 1.00 |      46.8 |        46.9 |          46.1 |       46.1 
   ijkl-minl-njmk |   1920 |  1600 |  2304 | 1.00 | 1.00 |      46.4 |        46.4 |          45.8 |       45.5 
     aqrs-pa-pqrs |     48 | 64000 |    48 | 0.00 | 0.00 |      39.7 |        32.3 |          29.9 |       19.1 
     abrs-qb-aqrs |     40 | 76800 |    48 | 1.00 | 1.00 |      35.6 |        35.6 |          33.9 |       19.4 
     abcs-rc-abrs |     40 | 76800 |    48 | 1.00 | 1.00 |      33.1 |        33.2 |          30.1 |       21.0 
       abj-bka-kj |  20736 |   128 |   144 | 1.00 | 1.00 |      38.8 |        38.6 |          38.7 |       26.0 
       ajb-kba-jk |  18432 |   144 |   144 | 1.00 | 1.00 |      42.9 |        42.9 |          42.8 |       38.0 
     abjc-cbka-kj |  92160 |    40 |    48 | 1.00 | 1.00 |       9.2 |         9.2 |           8.8 |       13.6 
     ajbc-ckba-jk |  92160 |    48 |    40 | 1.00 | 1.00 |      16.1 |        16.2 |          15.3 |       19.6 
     abjc-kbac-jk |  76800 |    48 |    48 | 1.00 | 1.00 |      29.1 |        29.2 |          28.9 |       17.8 
   abjcd-dkbac-jk | 230400 |    24 |    20 | 1.00 | 1.00 |      13.5 |        13.5 |          12.1 |       10.0 
   adbjc-cbdka-kj | 230400 |    20 |    24 | 1.00 | 1.00 |       5.4 |         5.4 |           5.1 |        5.3 
   ajbdc-ckbad-jk | 230400 |    24 |    20 | 1.00 | 1.00 |      13.2 |        13.2 |          12.0 |       10.6 
 abcijk-ijma-mkbc |   6912 |  1728 |    24 | 1.00 | 1.00 |      41.3 |        41.1 |          39.0 |       33.5 
 abcijk-ijmb-mkac |   3456 |  3456 |    24 | 1.00 | 0.67 |      41.0 |        40.5 |          38.3 |       24.4 
 abcijk-ijmc-mkab |   3456 |  3456 |    24 | 1.00 | 0.67 |      39.8 |        39.7 |          37.4 |       31.3 
 abcijk-ikma-mjbc |   6912 |  1728 |    24 | 1.00 | 1.00 |      40.9 |        40.9 |          38.8 |       33.6 
 abcijk-ikmb-mjac |   3456 |  3456 |    24 | 1.00 | 0.67 |      41.3 |        40.7 |          38.0 |       29.5 
 abcijk-ikmc-mjab |   3456 |  3456 |    24 | 1.00 | 0.67 |      39.7 |        39.6 |          37.2 |       26.4 
 abcijk-jkma-mibc |   6912 |  1728 |    24 | 1.00 | 1.00 |      41.9 |        41.2 |          39.5 |       33.5 
 abcijk-jkmb-miac |   3456 |  3456 |    24 | 1.00 | 0.67 |      41.7 |        41.3 |          38.5 |       16.3 
 abcijk-jkmc-miab |   3456 |  3456 |    24 | 1.00 | 0.67 |      40.0 |        40.1 |          37.6 |       22.4 
 abcijk-eiab-jkec |   3456 |  3456 |    24 | 1.00 | 0.67 |      40.2 |        40.1 |          37.7 |       22.5 
 abcijk-eiac-jkeb |   3456 |  3456 |    24 | 1.00 | 0.67 |      41.1 |        40.6 |          37.8 |       16.2 
 abcijk-eibc-jkea |   1728 |  6912 |    24 | 1.00 | 1.00 |      41.2 |        41.3 |          39.2 |       33.5 
 abcijk-ejab-ikec |   3456 |  3456 |    24 | 1.00 | 0.67 |      39.8 |        39.9 |          37.4 |       26.2 
 abcijk-ejac-ikeb |   3456 |  3456 |    24 | 1.00 | 0.67 |      41.4 |        40.8 |          38.0 |       29.7 
 abcijk-ejbc-ikea |   1728 |  6912 |    24 | 1.00 | 1.00 |      41.1 |        40.9 |          38.8 |       33.7 
 abcijk-ekab-ijec |   3456 |  3456 |    24 | 1.00 | 0.67 |      39.9 |        39.9 |          37.3 |       31.7 
 abcijk-ekac-ijeb |   3456 |  3456 |    24 | 1.00 | 0.67 |      41.6 |        41.0 |          38.1 |       24.4 
 abcijk-ekbc-ijea |   1728 |  6912 |    24 | 1.00 | 1.00 |      41.7 |        41.1 |          39.0 |       33.6 
       abc-bk-akc |    144 | 18432 |   128 | 1.00 | 1.00 |      44.4 |        44.6 |          43.9 |       36.5 

=== c64 ===
             case |      m |     n |     k | regA | regB | plan GF/s | packed GF/s | upstream GF/s | tblis GF/s 
------------------+--------+-------+-------+------+------+-----------+-------------+---------------+------------
         ij-ik-kj |   1464 |  1448 |  1464 | 1.00 | 1.00 |      48.2 |        48.2 |          48.0 |       46.8 
       ij-ikl-ljk |    144 |   128 | 18432 | 1.00 | 1.00 |      42.0 |        42.0 |          40.2 |       33.2 
       ij-kil-lkj |    144 |   128 | 20736 | 1.00 | 1.00 |      40.4 |        40.3 |          38.4 |       30.5 
       ijk-ikl-lj |  18432 |   128 |   144 | 1.00 | 1.00 |      46.4 |        46.4 |          45.9 |       37.0 
       ijk-il-jlk |    144 | 18432 |   128 | 1.00 | 1.00 |      45.9 |        45.8 |          45.5 |       42.1 
       ijk-ilk-jl |  18432 |   144 |   128 | 1.00 | 1.00 |      48.4 |        48.5 |          48.0 |       39.3 
       ijk-ilk-lj |  18432 |   128 |   144 | 1.00 | 1.00 |      47.0 |        47.0 |          46.7 |       38.2 
     ijk-ilmk-mjl |   1920 |    40 |  1920 | 1.00 | 1.00 |      41.6 |        41.7 |          40.9 |       28.2 
   ijkl-imjn-lnkm |   1920 |  1920 |  1600 | 1.00 | 0.90 |      47.9 |        47.9 |          47.7 |       45.7 
   ijkl-imjn-nlmk |   1920 |  1600 |  1920 | 1.00 | 0.90 |      48.0 |        48.0 |          47.7 |       45.0 
   ijkl-imkn-jnlm |   1920 |  1920 |  1600 | 1.00 | 1.00 |      48.2 |        48.2 |          47.6 |       44.8 
   ijkl-imkn-njml |   1920 |  1600 |  1920 | 1.00 | 0.90 |      48.2 |        48.2 |          47.8 |       44.7 
   ijkl-imln-jnkm |   1920 |  1920 |  1600 | 1.00 | 1.00 |      48.3 |        48.3 |          47.8 |       45.2 
   ijkl-imln-njmk |   1920 |  1600 |  1920 | 1.00 | 0.90 |      48.4 |        48.4 |          47.9 |       45.2 
   ijkl-imnj-nlkm |   1920 |  1600 |  1920 | 1.00 | 0.90 |      47.9 |        47.9 |          47.7 |       45.0 
   ijkl-imnk-njml |   1920 |  1600 |  1920 | 1.00 | 0.90 |      48.3 |        48.3 |          47.8 |       45.6 
   ijkl-minj-nlmk |   1920 |  1600 |  2304 | 1.00 | 0.90 |      47.2 |        47.2 |          46.7 |       44.8 
   ijkl-mink-jnlm |   1920 |  1920 |  1920 | 1.00 | 1.00 |      47.6 |        47.6 |          47.0 |       45.0 
   ijkl-minl-njmk |   1920 |  1600 |  2304 | 1.00 | 0.90 |      47.7 |        47.7 |          47.1 |       45.3 
     aqrs-pa-pqrs |     48 | 64000 |    48 | 1.00 | 1.00 |      38.5 |        38.5 |          37.2 |       29.2 
     abrs-qb-aqrs |     40 | 76800 |    48 | 1.00 | 1.00 |      40.0 |        40.3 |          39.1 |       29.2 
     abcs-rc-abrs |     40 | 76800 |    48 | 1.00 | 1.00 |      39.5 |        39.5 |          38.5 |       29.1 
       abj-bka-kj |  20736 |   128 |   144 | 1.00 | 1.00 |      41.3 |        41.4 |          40.6 |       30.9 
       ajb-kba-jk |  18432 |   144 |   144 | 1.00 | 1.00 |      48.8 |        48.8 |          48.2 |       41.3 
     abjc-cbka-kj |  92160 |    40 |    48 | 1.00 | 1.00 |      19.0 |        19.0 |          18.8 |       22.8 
     ajbc-ckba-jk |  92160 |    48 |    40 | 1.00 | 1.00 |      25.7 |        25.7 |          25.0 |       32.9 
     abjc-kbac-jk |  76800 |    48 |    48 | 1.00 | 1.00 |      39.5 |        39.5 |          39.0 |       26.9 
   abjcd-dkbac-jk | 230400 |    24 |    20 | 0.67 | 1.00 |      20.8 |        20.9 |          19.7 |       19.0 
   adbjc-cbdka-kj | 230400 |    20 |    24 | 0.67 | 1.00 |      11.7 |        11.6 |          11.5 |       17.6 
   ajbdc-ckbad-jk | 230400 |    24 |    20 | 1.00 | 1.00 |      20.1 |        20.1 |          19.2 |       19.3 
 abcijk-ijma-mkbc |   6912 |  1728 |    24 | 1.00 | 1.00 |      43.8 |        43.8 |          42.7 |       36.9 
 abcijk-ijmb-mkac |   3456 |  3456 |    24 | 1.00 | 1.00 |      45.2 |        45.2 |          44.1 |       32.9 
 abcijk-ijmc-mkab |   3456 |  3456 |    24 | 1.00 | 1.00 |      44.3 |        44.2 |          43.3 |       39.2 
 abcijk-ikma-mjbc |   6912 |  1728 |    24 | 1.00 | 1.00 |      43.6 |        43.7 |          42.4 |       36.9 
 abcijk-ikmb-mjac |   3456 |  3456 |    24 | 1.00 | 1.00 |      45.3 |        45.2 |          44.1 |       34.7 
 abcijk-ikmc-mjab |   3456 |  3456 |    24 | 1.00 | 1.00 |      44.2 |        44.2 |          43.1 |       35.2 
 abcijk-jkma-mibc |   6912 |  1728 |    24 | 1.00 | 1.00 |      43.9 |        43.8 |          42.5 |       37.0 
 abcijk-jkmb-miac |   3456 |  3456 |    24 | 1.00 | 1.00 |      45.0 |        45.0 |          43.6 |       27.9 
 abcijk-jkmc-miab |   3456 |  3456 |    24 | 1.00 | 1.00 |      44.2 |        44.4 |          43.0 |       34.7 
 abcijk-eiab-jkec |   3456 |  3456 |    24 | 1.00 | 1.00 |      44.2 |        44.2 |          42.8 |       34.8 
 abcijk-eiac-jkeb |   3456 |  3456 |    24 | 1.00 | 1.00 |      45.0 |        45.0 |          43.6 |       28.0 
 abcijk-eibc-jkea |   1728 |  6912 |    24 | 1.00 | 1.00 |      43.7 |        43.7 |          42.5 |       36.9 
 abcijk-ejab-ikec |   3456 |  3456 |    24 | 1.00 | 1.00 |      44.1 |        44.1 |          43.1 |       35.3 
 abcijk-ejac-ikeb |   3456 |  3456 |    24 | 1.00 | 1.00 |      45.2 |        45.2 |          44.0 |       34.7 
 abcijk-ejbc-ikea |   1728 |  6912 |    24 | 1.00 | 1.00 |      43.6 |        43.6 |          42.3 |       36.9 
 abcijk-ekab-ijec |   3456 |  3456 |    24 | 1.00 | 1.00 |      44.2 |        44.2 |          43.3 |       39.2 
 abcijk-ekac-ijeb |   3456 |  3456 |    24 | 1.00 | 1.00 |      45.2 |        45.2 |          44.0 |       32.9 
 abcijk-ekbc-ijea |   1728 |  6912 |    24 | 1.00 | 1.00 |      43.7 |        43.7 |          42.5 |       36.8 
       abc-bk-akc |    144 | 18432 |   128 | 1.00 | 1.00 |      48.7 |        48.7 |          48.1 |       39.2 

=== complex efficiency ratio (c64 GF/s over f64 GF/s; 1.0 = no penalty) ===
             case | plan c64/f64 | packed c64/f64 | upstream c64/f64 | tblis c64/f64 
------------------+--------------+----------------+------------------+---------------
         ij-ik-kj |        1.328 |          0.991 |            1.009 |         1.018 
       ij-ikl-ljk |        1.108 |          1.107 |            1.092 |         1.222 
       ij-kil-lkj |        1.122 |          1.122 |            1.090 |         1.213 
       ijk-ikl-lj |        1.058 |          1.060 |            1.082 |         1.148 
       ijk-il-jlk |        1.189 |          1.180 |            1.275 |         1.159 
       ijk-ilk-jl |        1.086 |          1.083 |            1.111 |         1.112 
       ijk-ilk-lj |        1.062 |          1.062 |            1.080 |         1.139 
     ijk-ilmk-mjl |        1.055 |          1.060 |            1.045 |         1.273 
   ijkl-imjn-lnkm |        1.009 |          1.010 |            1.024 |         0.978 
   ijkl-imjn-nlmk |        1.012 |          1.013 |            1.029 |         0.988 
   ijkl-imkn-jnlm |        1.022 |          1.021 |            1.023 |         0.970 
   ijkl-imkn-njml |        1.024 |          1.024 |            1.026 |         0.989 
   ijkl-imln-jnkm |        1.023 |          1.022 |            1.024 |         0.994 
   ijkl-imln-njmk |        1.024 |          1.023 |            1.024 |         0.990 
   ijkl-imnj-nlkm |        1.012 |          1.011 |            1.029 |         0.976 
   ijkl-imnk-njml |        1.020 |          1.020 |            1.022 |         0.986 
   ijkl-minj-nlmk |        1.015 |          1.014 |            1.031 |         0.990 
   ijkl-mink-jnlm |        1.018 |          1.016 |            1.019 |         0.975 
   ijkl-minl-njmk |        1.029 |          1.029 |            1.029 |         0.996 
     aqrs-pa-pqrs |        0.970 |          1.193 |            1.243 |         1.528 
     abrs-qb-aqrs |        1.123 |          1.131 |            1.151 |         1.509 
     abcs-rc-abrs |        1.195 |          1.189 |            1.280 |         1.387 
       abj-bka-kj |        1.066 |          1.074 |            1.048 |         1.186 
       ajb-kba-jk |        1.139 |          1.139 |            1.128 |         1.088 
     abjc-cbka-kj |        2.068 |          2.073 |            2.131 |         1.671 
     ajbc-ckba-jk |        1.591 |          1.588 |            1.638 |         1.677 
     abjc-kbac-jk |        1.356 |          1.355 |            1.349 |         1.508 
   abjcd-dkbac-jk |        1.547 |          1.549 |            1.633 |         1.901 
   adbjc-cbdka-kj |        2.164 |          2.158 |            2.231 |         3.288 
   ajbdc-ckbad-jk |        1.523 |          1.523 |            1.607 |         1.819 
 abcijk-ijma-mkbc |        1.061 |          1.066 |            1.094 |         1.100 
 abcijk-ijmb-mkac |        1.103 |          1.117 |            1.152 |         1.347 
 abcijk-ijmc-mkab |        1.112 |          1.114 |            1.157 |         1.252 
 abcijk-ikma-mjbc |        1.066 |          1.069 |            1.092 |         1.097 
 abcijk-ikmb-mjac |        1.096 |          1.111 |            1.160 |         1.175 
 abcijk-ikmc-mjab |        1.113 |          1.117 |            1.159 |         1.336 
 abcijk-jkma-mibc |        1.047 |          1.063 |            1.076 |         1.103 
 abcijk-jkmb-miac |        1.079 |          1.089 |            1.134 |         1.713 
 abcijk-jkmc-miab |        1.105 |          1.109 |            1.144 |         1.550 
 abcijk-eiab-jkec |        1.101 |          1.103 |            1.134 |         1.543 
 abcijk-eiac-jkeb |        1.093 |          1.108 |            1.152 |         1.728 
 abcijk-eibc-jkea |        1.062 |          1.059 |            1.083 |         1.099 
 abcijk-ejab-ikec |        1.109 |          1.104 |            1.153 |         1.350 
 abcijk-ejac-ikeb |        1.092 |          1.107 |            1.158 |         1.169 
 abcijk-ejbc-ikea |        1.061 |          1.066 |            1.090 |         1.093 
 abcijk-ekab-ijec |        1.107 |          1.108 |            1.161 |         1.239 
 abcijk-ekac-ijeb |        1.087 |          1.103 |            1.154 |         1.349 
 abcijk-ekbc-ijea |        1.049 |          1.063 |            1.091 |         1.095 
       abc-bk-akc |        1.096 |          1.092 |            1.097 |         1.073 
             MEAN |        1.155 |          1.155 |            1.183 |         1.288 

wrote /home/shinaoka/projects/tensor4all/tprims-rs/benchmarks/benchmarks/tcbench/results/2026-10-07-native/A2-16m-1t.pending.csv
