# threads: requested=12 pool=12 budget=12
host        : shinaoka-EVO-X1Pro
target      : x86_64 / linux
cpu features: avx2 fma avx512f avx512dq 
caches      : L1=48KiB/12-way/2sh L2=1024KiB/16-way/2sh L3=16384KiB/16-way/8sh (via sysfs), blocking=legacy
l3 domains  : t1=1 t4=1 t8=2 t16=4
baselines   : tblis=true blas=false
tblis       : abi 2.x, 12 thread(s)

running 49 cases at 1 MiB nominal tensor size, 5 reps, stress=none


=== f64 ===
             case |     m |    n |    k | regA | regB | plan GF/s | packed GF/s | upstream GF/s | tblis GF/s 
------------------+-------+------+------+------+------+-----------+-------------+---------------+------------
         ij-ik-kj |   384 |  364 |  384 | 0.00 | 0.00 |     168.1 |       156.4 |         114.6 |      211.6 
       ij-ikl-ljk |    72 |   52 | 3744 | 1.00 | 1.00 |      97.1 |        95.3 |          52.2 |       55.9 
       ij-kil-lkj |    72 |   52 | 5184 | 1.00 | 1.00 |      83.7 |        88.1 |          55.9 |       67.4 
       ijk-ikl-lj |  3744 |   52 |   72 | 1.00 | 1.00 |     186.9 |       212.0 |          69.6 |      140.0 
       ijk-il-jlk |    72 | 3744 |   52 | 1.00 | 1.00 |     180.3 |       145.6 |          76.0 |      149.5 
       ijk-ilk-jl |  3744 |   72 |   52 | 1.00 | 1.00 |     122.9 |       130.5 |          76.9 |      141.9 
       ijk-ilk-lj |  3744 |   52 |   72 | 1.00 | 1.00 |     179.9 |       197.2 |          67.4 |      142.7 
     ijk-ilmk-mjl |   480 |   20 |  480 | 1.00 | 1.00 |      91.9 |        89.0 |          27.0 |       66.7 
   ijkl-imjn-lnkm |   480 |  480 |  400 | 1.00 | 0.80 |     246.2 |       247.2 |         129.8 |      258.8 
   ijkl-imjn-nlmk |   480 |  400 |  480 | 1.00 | 0.80 |     261.1 |       260.2 |         135.6 |      241.5 
   ijkl-imkn-jnlm |   480 |  480 |  400 | 1.00 | 1.00 |     263.7 |       351.5 |         189.5 |      338.1 
   ijkl-imkn-njml |   480 |  400 |  480 | 1.00 | 0.80 |     345.5 |       350.7 |         192.9 |      318.7 
   ijkl-imln-jnkm |   480 |  480 |  400 | 1.00 | 1.00 |     202.7 |       218.3 |         184.2 |      329.0 
   ijkl-imln-njmk |   480 |  400 |  480 | 1.00 | 0.80 |     338.5 |       357.7 |         184.4 |      357.6 
   ijkl-imnj-nlkm |   480 |  400 |  480 | 1.00 | 0.80 |     240.6 |       320.5 |         171.6 |      320.3 
   ijkl-imnk-njml |   480 |  400 |  480 | 1.00 | 0.80 |     195.7 |       348.9 |         189.0 |      326.3 
   ijkl-minj-nlmk |   480 |  400 |  576 | 1.00 | 0.80 |     205.3 |       205.7 |         176.8 |      361.7 
   ijkl-mink-jnlm |   480 |  480 |  480 | 1.00 | 1.00 |     349.5 |       349.8 |         212.1 |      378.9 
   ijkl-minl-njmk |   480 |  400 |  576 | 1.00 | 0.80 |     346.7 |       354.8 |         197.2 |      361.2 
     aqrs-pa-pqrs |    24 | 8000 |   24 | 0.00 | 0.00 |     131.8 |       150.8 |          57.1 |       76.6 
     abrs-qb-aqrs |    20 | 9600 |   24 | 1.00 | 1.00 |      75.8 |       134.8 |          36.1 |       57.7 
     abcs-rc-abrs |    20 | 9600 |   24 | 1.00 | 1.00 |      97.2 |       118.6 |          36.2 |       51.6 
       abj-bka-kj |  5184 |   52 |   72 | 1.00 | 1.00 |     115.0 |       133.6 |          89.8 |        1.3 
       ajb-kba-jk |  3744 |   72 |   72 | 1.00 | 1.00 |     113.0 |       138.3 |          91.3 |       49.9 
     abjc-cbka-kj | 11520 |   20 |   24 | 1.00 | 1.00 |      32.6 |        62.8 |          24.1 |        0.7 
     ajbc-ckba-jk | 11520 |   24 |   20 | 1.00 | 1.00 |      56.7 |        68.4 |          31.3 |        0.6 
     abjc-kbac-jk |  9600 |   24 |   24 | 1.00 | 1.00 |      44.8 |       104.7 |          38.9 |       53.6 
   abjcd-dkbac-jk | 82944 |   24 |   12 | 1.00 | 1.00 |      57.1 |        57.6 |          37.9 |       41.4 
   adbjc-cbdka-kj | 82944 |   12 |   24 | 1.00 | 1.00 |      19.8 |        18.6 |          10.9 |        2.8 
   ajbdc-ckbad-jk | 82944 |   24 |   12 | 1.00 | 1.00 |      59.2 |        66.4 |          41.2 |        3.2 
 abcijk-ijma-mkbc |  4608 |  512 |   24 | 1.00 | 1.00 |     162.6 |       128.1 |         157.5 |      223.3 
 abcijk-ijmb-mkac |  1536 | 1536 |   24 | 1.00 | 1.00 |     298.0 |       212.4 |         228.5 |      166.7 
 abcijk-ijmc-mkab |  1536 | 1536 |   24 | 1.00 | 1.00 |     293.9 |       233.1 |         241.1 |      201.5 
 abcijk-ikma-mjbc |  4608 |  512 |   24 | 1.00 | 1.00 |     122.1 |       109.5 |         144.5 |      209.6 
 abcijk-ikmb-mjac |  1536 | 1536 |   24 | 1.00 | 1.00 |     327.5 |       324.5 |         232.8 |      197.9 
 abcijk-ikmc-mjab |  1536 | 1536 |   24 | 1.00 | 1.00 |     299.6 |       327.9 |         232.5 |      164.7 
 abcijk-jkma-mibc |  4608 |  512 |   24 | 1.00 | 1.00 |     180.4 |       180.5 |         157.7 |      235.2 
 abcijk-jkmb-miac |  1536 | 1536 |   24 | 1.00 | 1.00 |     300.9 |       220.3 |         241.5 |      166.3 
 abcijk-jkmc-miab |  1536 | 1536 |   24 | 1.00 | 1.00 |     307.6 |       318.9 |         235.8 |      203.2 
 abcijk-eiab-jkec |  1536 | 1536 |   24 | 1.00 | 1.00 |     324.6 |       316.5 |         231.5 |      205.9 
 abcijk-eiac-jkeb |  1536 | 1536 |   24 | 1.00 | 1.00 |     271.6 |       322.6 |         230.9 |      168.4 
 abcijk-eibc-jkea |   512 | 4608 |   24 | 1.00 | 1.00 |     147.1 |       190.5 |         150.7 |      235.4 
 abcijk-ejab-ikec |  1536 | 1536 |   24 | 1.00 | 1.00 |     315.0 |       250.2 |         232.1 |      178.2 
 abcijk-ejac-ikeb |  1536 | 1536 |   24 | 1.00 | 1.00 |     265.9 |       333.6 |         229.1 |      236.1 
 abcijk-ejbc-ikea |   512 | 4608 |   24 | 1.00 | 1.00 |     185.2 |       189.2 |         146.1 |      221.8 
 abcijk-ekab-ijec |  1536 | 1536 |   24 | 1.00 | 1.00 |     328.0 |       303.8 |         229.9 |      215.2 
 abcijk-ekac-ijeb |  1536 | 1536 |   24 | 1.00 | 1.00 |     314.0 |       326.1 |         229.8 |      151.3 
 abcijk-ekbc-ijea |   512 | 4608 |   24 | 1.00 | 1.00 |     160.2 |       144.0 |         181.1 |      200.1 
       abc-bk-akc |    72 | 3744 |   52 | 1.00 | 1.00 |     182.7 |       215.0 |          75.0 |      140.5 

=== c64 ===
             case |     m |    n |    k | regA | regB | plan GF/s | packed GF/s | upstream GF/s | tblis GF/s 
------------------+-------+------+------+------+------+-----------+-------------+---------------+------------
         ij-ik-kj |   384 |  364 |  384 | 1.00 | 1.00 |     325.6 |       333.8 |         169.6 |      318.3 
       ij-ikl-ljk |    72 |   52 | 3744 | 1.00 | 1.00 |     148.6 |       162.1 |         108.4 |      129.5 
       ij-kil-lkj |    72 |   52 | 5184 | 1.00 | 1.00 |     144.1 |       143.4 |         101.6 |      154.6 
       ijk-ikl-lj |  3744 |   52 |   72 | 1.00 | 1.00 |     297.9 |       302.3 |         132.0 |      234.0 
       ijk-il-jlk |    72 | 3744 |   52 | 1.00 | 1.00 |     181.0 |       237.2 |         213.2 |      277.7 
       ijk-ilk-jl |  3744 |   72 |   52 | 0.89 | 1.00 |     198.0 |       204.4 |         184.0 |      280.1 
       ijk-ilk-lj |  3744 |   52 |   72 | 0.89 | 1.00 |     308.8 |       316.6 |         128.1 |      260.1 
     ijk-ilmk-mjl |   480 |   20 |  480 | 0.67 | 1.00 |     170.3 |       171.3 |          64.7 |      167.5 
   ijkl-imjn-lnkm |   480 |  480 |  400 | 0.67 | 0.80 |     303.1 |       303.8 |         159.4 |      321.0 
   ijkl-imjn-nlmk |   480 |  400 |  480 | 0.67 | 0.81 |     304.5 |       304.9 |         191.8 |      414.3 
   ijkl-imkn-jnlm |   480 |  480 |  400 | 0.67 | 1.00 |     410.5 |       410.6 |         232.2 |      411.6 
   ijkl-imkn-njml |   480 |  400 |  480 | 0.67 | 0.81 |     416.1 |       415.9 |         218.3 |      454.6 
   ijkl-imln-jnkm |   480 |  480 |  400 | 0.67 | 1.00 |     229.5 |       347.1 |         240.7 |      414.9 
   ijkl-imln-njmk |   480 |  400 |  480 | 0.67 | 0.81 |     410.5 |       409.9 |         251.9 |      432.0 
   ijkl-imnj-nlkm |   480 |  400 |  480 | 0.67 | 0.81 |     408.4 |       413.1 |         214.3 |      421.1 
   ijkl-imnk-njml |   480 |  400 |  480 | 0.67 | 0.81 |     403.8 |       328.6 |         324.1 |      449.5 
   ijkl-minj-nlmk |   480 |  400 |  576 | 0.67 | 0.81 |     334.3 |       399.2 |         215.2 |      445.1 
   ijkl-mink-jnlm |   480 |  480 |  480 | 0.67 | 1.00 |     416.1 |       417.0 |         233.0 |      441.8 
   ijkl-minl-njmk |   480 |  400 |  576 | 0.67 | 0.81 |     414.5 |       401.6 |         213.3 |      452.4 
     aqrs-pa-pqrs |    24 | 8000 |   24 | 1.00 | 1.00 |     168.7 |       148.9 |          99.0 |      180.7 
     abrs-qb-aqrs |    20 | 9600 |   24 | 1.00 | 1.00 |     213.6 |       261.9 |         106.2 |      117.7 
     abcs-rc-abrs |    20 | 9600 |   24 | 1.00 | 1.00 |     233.4 |       188.0 |          90.9 |       88.6 
       abj-bka-kj |  5184 |   52 |   72 | 0.89 | 1.00 |     191.5 |       147.1 |         220.1 |      233.6 
       ajb-kba-jk |  3744 |   72 |   72 | 0.89 | 1.00 |     203.3 |       208.2 |         156.0 |      264.6 
     abjc-cbka-kj | 11520 |   20 |   24 | 0.67 | 1.00 |      73.8 |       116.8 |          67.5 |        1.5 
     ajbc-ckba-jk | 11520 |   24 |   20 | 1.00 | 1.00 |      89.7 |       133.5 |          65.8 |        4.3 
     abjc-kbac-jk |  9600 |   24 |   24 | 0.67 | 1.00 |     148.1 |       238.5 |          88.4 |      140.8 
   abjcd-dkbac-jk | 82944 |   24 |   12 | 0.67 | 1.00 |     106.3 |       111.1 |          88.4 |       79.7 
   adbjc-cbdka-kj | 82944 |   12 |   24 | 0.67 | 1.00 |      64.7 |        57.4 |          45.9 |       51.1 
   ajbdc-ckbad-jk | 82944 |   24 |   12 | 1.00 | 1.00 |      90.1 |        93.6 |          64.6 |       69.2 
 abcijk-ijma-mkbc |  4608 |  512 |   24 | 1.00 | 0.97 |     168.3 |       183.9 |         168.0 |      253.1 
 abcijk-ijmb-mkac |  1536 | 1536 |   24 | 1.00 | 0.75 |     305.7 |       310.4 |         284.0 |      211.4 
 abcijk-ijmc-mkab |  1536 | 1536 |   24 | 1.00 | 0.50 |     229.4 |       225.3 |         290.2 |      260.1 
 abcijk-ikma-mjbc |  4608 |  512 |   24 | 1.00 | 0.97 |     173.0 |       181.9 |         183.6 |      257.2 
 abcijk-ikmb-mjac |  1536 | 1536 |   24 | 1.00 | 0.75 |     310.2 |       311.1 |         269.7 |      229.0 
 abcijk-ikmc-mjab |  1536 | 1536 |   24 | 1.00 | 0.50 |     285.7 |       317.3 |         290.7 |      220.0 
 abcijk-jkma-mibc |  4608 |  512 |   24 | 1.00 | 0.97 |     208.8 |       170.8 |         174.7 |      266.5 
 abcijk-jkmb-miac |  1536 | 1536 |   24 | 1.00 | 0.75 |     267.1 |       320.8 |         289.9 |      194.8 
 abcijk-jkmc-miab |  1536 | 1536 |   24 | 1.00 | 0.50 |     261.5 |       321.0 |         282.2 |      232.9 
 abcijk-eiab-jkec |  1536 | 1536 |   24 | 1.00 | 0.50 |     316.5 |       316.1 |         289.4 |      245.6 
 abcijk-eiac-jkeb |  1536 | 1536 |   24 | 1.00 | 0.75 |     306.5 |       316.7 |         281.2 |      192.1 
 abcijk-eibc-jkea |   512 | 4608 |   24 | 1.00 | 0.97 |     200.3 |       188.9 |         168.6 |      269.9 
 abcijk-ejab-ikec |  1536 | 1536 |   24 | 1.00 | 0.50 |     323.0 |       319.6 |         279.9 |      213.8 
 abcijk-ejac-ikeb |  1536 | 1536 |   24 | 1.00 | 0.75 |     301.7 |       303.4 |         269.1 |      246.5 
 abcijk-ejbc-ikea |   512 | 4608 |   24 | 1.00 | 0.97 |     180.0 |       176.0 |         179.5 |      251.4 
 abcijk-ekab-ijec |  1536 | 1536 |   24 | 1.00 | 0.50 |     304.6 |       314.0 |         270.4 |      244.2 
 abcijk-ekac-ijeb |  1536 | 1536 |   24 | 1.00 | 0.75 |     292.9 |       296.1 |         288.2 |      213.9 
 abcijk-ekbc-ijea |   512 | 4608 |   24 | 1.00 | 0.97 |     176.8 |       177.2 |         180.5 |       30.9 
       abc-bk-akc |    72 | 3744 |   52 | 0.89 | 1.00 |     248.7 |       258.6 |         194.2 |      277.3 

=== complex efficiency ratio (c64 GF/s over f64 GF/s; 1.0 = no penalty) ===
             case | plan c64/f64 | packed c64/f64 | upstream c64/f64 | tblis c64/f64 
------------------+--------------+----------------+------------------+---------------
         ij-ik-kj |        1.936 |          2.135 |            1.479 |         1.504 
       ij-ikl-ljk |        1.530 |          1.701 |            2.076 |         2.317 
       ij-kil-lkj |        1.721 |          1.628 |            1.819 |         2.293 
       ijk-ikl-lj |        1.594 |          1.426 |            1.898 |         1.671 
       ijk-il-jlk |        1.004 |          1.628 |            2.806 |         1.858 
       ijk-ilk-jl |        1.611 |          1.566 |            2.393 |         1.974 
       ijk-ilk-lj |        1.717 |          1.605 |            1.902 |         1.823 
     ijk-ilmk-mjl |        1.853 |          1.925 |            2.397 |         2.512 
   ijkl-imjn-lnkm |        1.231 |          1.229 |            1.228 |         1.240 
   ijkl-imjn-nlmk |        1.166 |          1.172 |            1.415 |         1.715 
   ijkl-imkn-jnlm |        1.557 |          1.168 |            1.226 |         1.217 
   ijkl-imkn-njml |        1.204 |          1.186 |            1.132 |         1.426 
   ijkl-imln-jnkm |        1.132 |          1.590 |            1.306 |         1.261 
   ijkl-imln-njmk |        1.213 |          1.146 |            1.366 |         1.208 
   ijkl-imnj-nlkm |        1.697 |          1.289 |            1.249 |         1.315 
   ijkl-imnk-njml |        2.063 |          0.942 |            1.715 |         1.377 
   ijkl-minj-nlmk |        1.629 |          1.940 |            1.217 |         1.231 
   ijkl-mink-jnlm |        1.191 |          1.192 |            1.099 |         1.166 
   ijkl-minl-njmk |        1.195 |          1.132 |            1.082 |         1.253 
     aqrs-pa-pqrs |        1.280 |          0.988 |            1.734 |         2.359 
     abrs-qb-aqrs |        2.816 |          1.943 |            2.942 |         2.040 
     abcs-rc-abrs |        2.402 |          1.586 |            2.510 |         1.719 
       abj-bka-kj |        1.666 |          1.101 |            2.451 |       174.554 
       ajb-kba-jk |        1.799 |          1.505 |            1.709 |         5.308 
     abjc-cbka-kj |        2.266 |          1.860 |            2.797 |         2.137 
     ajbc-ckba-jk |        1.583 |          1.951 |            2.104 |         6.989 
     abjc-kbac-jk |        3.304 |          2.277 |            2.271 |         2.628 
   abjcd-dkbac-jk |        1.860 |          1.929 |            2.331 |         1.926 
   adbjc-cbdka-kj |        3.268 |          3.096 |            4.193 |        18.242 
   ajbdc-ckbad-jk |        1.521 |          1.410 |            1.569 |        21.793 
 abcijk-ijma-mkbc |        1.035 |          1.436 |            1.067 |         1.134 
 abcijk-ijmb-mkac |        1.026 |          1.462 |            1.243 |         1.268 
 abcijk-ijmc-mkab |        0.781 |          0.967 |            1.204 |         1.291 
 abcijk-ikma-mjbc |        1.417 |          1.662 |            1.271 |         1.227 
 abcijk-ikmb-mjac |        0.947 |          0.959 |            1.159 |         1.157 
 abcijk-ikmc-mjab |        0.954 |          0.968 |            1.250 |         1.336 
 abcijk-jkma-mibc |        1.157 |          0.946 |            1.108 |         1.133 
 abcijk-jkmb-miac |        0.888 |          1.456 |            1.200 |         1.171 
 abcijk-jkmc-miab |        0.850 |          1.006 |            1.197 |         1.146 
 abcijk-eiab-jkec |        0.975 |          0.999 |            1.250 |         1.193 
 abcijk-eiac-jkeb |        1.128 |          0.982 |            1.218 |         1.141 
 abcijk-eibc-jkea |        1.362 |          0.992 |            1.119 |         1.147 
 abcijk-ejab-ikec |        1.025 |          1.277 |            1.206 |         1.200 
 abcijk-ejac-ikeb |        1.134 |          0.910 |            1.175 |         1.044 
 abcijk-ejbc-ikea |        0.972 |          0.930 |            1.228 |         1.133 
 abcijk-ekab-ijec |        0.929 |          1.033 |            1.176 |         1.135 
 abcijk-ekac-ijeb |        0.933 |          0.908 |            1.254 |         1.413 
 abcijk-ekbc-ijea |        1.104 |          1.230 |            0.997 |         0.154 
       abc-bk-akc |        1.361 |          1.203 |            2.588 |         1.974 
             MEAN |        1.469 |          1.399 |            1.660 |         5.968 

wrote /home/shinaoka/projects/tensor4all/tprims-rs/benchmarks/benchmarks/tcbench/results/2026-10-07-native/A2-1m-12t.pending.csv
