# threads: requested=12 pool=12 budget=12
host        : shinaoka-EVO-X1Pro
target      : x86_64 / linux
cpu features: avx2 fma avx512f avx512dq 
caches      : L1=48KiB/12-way/2sh L2=1024KiB/16-way/2sh L3=16384KiB/16-way/8sh (via sysfs), blocking=legacy
l3 domains  : t1=1 t4=1 t8=2 t16=4
baselines   : tblis=true blas=false
tblis       : abi 2.x, 12 thread(s)

running 49 cases at 16 MiB nominal tensor size, 5 reps, stress=none


=== f64 ===
             case |      m |     n |     k | regA | regB | plan GF/s | packed GF/s | upstream GF/s | tblis GF/s 
------------------+--------+-------+-------+------+------+-----------+-------------+---------------+------------
         ij-ik-kj |   1464 |  1448 |  1464 | 0.00 | 0.00 |     187.7 |       193.8 |         186.3 |      466.3 
       ij-ikl-ljk |    144 |   128 | 18432 | 1.00 | 1.00 |     235.7 |       256.2 |         161.4 |      186.1 
       ij-kil-lkj |    144 |   128 | 20736 | 1.00 | 1.00 |     123.6 |       129.3 |         157.3 |      161.9 
       ijk-ikl-lj |  18432 |   128 |   144 | 1.00 | 1.00 |     180.1 |       284.6 |         282.7 |      198.3 
       ijk-il-jlk |    144 | 18432 |   128 | 1.00 | 1.00 |     236.4 |       335.9 |         186.0 |      368.8 
       ijk-ilk-jl |  18432 |   144 |   128 | 1.00 | 1.00 |     237.3 |       332.5 |         227.3 |      276.6 
       ijk-ilk-lj |  18432 |   128 |   144 | 1.00 | 1.00 |     446.0 |       452.6 |         221.8 |      259.8 
     ijk-ilmk-mjl |   1920 |    40 |  1920 | 1.00 | 1.00 |     227.6 |       234.8 |         144.4 |      217.7 
   ijkl-imjn-lnkm |   1920 |  1920 |  1600 | 1.00 | 1.00 |     414.7 |       368.4 |         311.4 |      474.3 
   ijkl-imjn-nlmk |   1920 |  1600 |  1920 | 1.00 | 1.00 |     459.4 |       458.3 |         349.0 |      467.0 
   ijkl-imkn-jnlm |   1920 |  1920 |  1600 | 1.00 | 1.00 |     456.0 |       489.4 |         309.0 |      472.7 
   ijkl-imkn-njml |   1920 |  1600 |  1920 | 1.00 | 1.00 |     477.2 |       467.4 |         406.7 |      468.5 
   ijkl-imln-jnkm |   1920 |  1920 |  1600 | 1.00 | 1.00 |     481.2 |       403.1 |         350.0 |      471.5 
   ijkl-imln-njmk |   1920 |  1600 |  1920 | 1.00 | 1.00 |     466.2 |       479.7 |         345.1 |      466.4 
   ijkl-imnj-nlkm |   1920 |  1600 |  1920 | 1.00 | 1.00 |     431.3 |       442.3 |         360.9 |      471.6 
   ijkl-imnk-njml |   1920 |  1600 |  1920 | 1.00 | 1.00 |     479.5 |       475.4 |         352.1 |      467.1 
   ijkl-minj-nlmk |   1920 |  1600 |  2304 | 1.00 | 1.00 |     438.5 |       443.4 |         357.9 |      451.4 
   ijkl-mink-jnlm |   1920 |  1920 |  1920 | 1.00 | 1.00 |     488.1 |       441.1 |         248.3 |      465.2 
   ijkl-minl-njmk |   1920 |  1600 |  2304 | 1.00 | 1.00 |     449.2 |       472.3 |         336.0 |      462.5 
     aqrs-pa-pqrs |     48 | 64000 |    48 | 0.00 | 0.00 |     252.3 |       243.1 |         175.6 |      154.8 
     abrs-qb-aqrs |     40 | 76800 |    48 | 1.00 | 1.00 |     244.0 |       262.4 |         154.0 |      120.3 
     abcs-rc-abrs |     40 | 76800 |    48 | 1.00 | 1.00 |     202.3 |       196.5 |         111.8 |       91.0 
       abj-bka-kj |  20736 |   128 |   144 | 1.00 | 1.00 |     186.7 |       139.5 |         119.8 |      134.0 
       ajb-kba-jk |  18432 |   144 |   144 | 1.00 | 1.00 |     311.6 |       300.8 |         208.7 |      212.9 
     abjc-cbka-kj |  92160 |    40 |    48 | 1.00 | 1.00 |      50.2 |        48.3 |          34.2 |       53.5 
     ajbc-ckba-jk |  92160 |    48 |    40 | 1.00 | 1.00 |      73.6 |        70.3 |          73.2 |      104.2 
     abjc-kbac-jk |  76800 |    48 |    48 | 1.00 | 1.00 |     127.9 |        98.2 |         101.5 |       19.6 
   abjcd-dkbac-jk | 230400 |    24 |    20 | 1.00 | 1.00 |      42.2 |        46.4 |          39.3 |       41.5 
   adbjc-cbdka-kj | 230400 |    20 |    24 | 1.00 | 1.00 |      26.9 |        26.6 |          23.6 |       25.5 
   ajbdc-ckbad-jk | 230400 |    24 |    20 | 1.00 | 1.00 |      36.8 |        38.4 |          48.3 |       42.6 
 abcijk-ijma-mkbc |   6912 |  1728 |    24 | 1.00 | 1.00 |     153.7 |       156.0 |         150.4 |      167.3 
 abcijk-ijmb-mkac |   3456 |  3456 |    24 | 1.00 | 0.67 |     134.5 |       131.0 |         164.7 |       89.3 
 abcijk-ijmc-mkab |   3456 |  3456 |    24 | 1.00 | 0.67 |     133.2 |       138.9 |         165.3 |      116.1 
 abcijk-ikma-mjbc |   6912 |  1728 |    24 | 1.00 | 1.00 |     123.7 |       135.4 |         150.6 |      164.7 
 abcijk-ikmb-mjac |   3456 |  3456 |    24 | 1.00 | 0.67 |     132.2 |       134.1 |         161.2 |      110.9 
 abcijk-ikmc-mjab |   3456 |  3456 |    24 | 1.00 | 0.67 |     164.7 |       147.3 |         159.5 |      109.2 
 abcijk-jkma-mibc |   6912 |  1728 |    24 | 1.00 | 1.00 |     155.0 |       146.5 |         153.3 |      165.2 
 abcijk-jkmb-miac |   3456 |  3456 |    24 | 1.00 | 0.67 |     161.3 |       169.8 |         162.3 |       81.5 
 abcijk-jkmc-miab |   3456 |  3456 |    24 | 1.00 | 0.67 |     154.2 |       148.1 |         158.5 |       98.1 
 abcijk-eiab-jkec |   3456 |  3456 |    24 | 1.00 | 0.67 |     174.0 |       162.5 |         168.3 |      105.1 
 abcijk-eiac-jkeb |   3456 |  3456 |    24 | 1.00 | 0.67 |     167.8 |       165.3 |         162.5 |       74.9 
 abcijk-eibc-jkea |   1728 |  6912 |    24 | 1.00 | 1.00 |     132.6 |       157.4 |         150.3 |      162.3 
 abcijk-ejab-ikec |   3456 |  3456 |    24 | 1.00 | 0.67 |     173.0 |       165.6 |         161.6 |      109.5 
 abcijk-ejac-ikeb |   3456 |  3456 |    24 | 1.00 | 0.67 |     133.6 |       128.9 |         163.8 |      109.5 
 abcijk-ejbc-ikea |   1728 |  6912 |    24 | 1.00 | 1.00 |     149.9 |       158.4 |         153.4 |      159.0 
 abcijk-ekab-ijec |   3456 |  3456 |    24 | 1.00 | 0.67 |     160.5 |       161.9 |         158.6 |      116.8 
 abcijk-ekac-ijeb |   3456 |  3456 |    24 | 1.00 | 0.67 |     180.6 |       166.4 |         172.6 |       89.1 
 abcijk-ekbc-ijea |   1728 |  6912 |    24 | 1.00 | 1.00 |     154.1 |       152.6 |         147.4 |       32.4 
       abc-bk-akc |    144 | 18432 |   128 | 1.00 | 1.00 |     324.7 |       335.7 |         217.7 |      242.3 

=== c64 ===
             case |      m |     n |     k | regA | regB | plan GF/s | packed GF/s | upstream GF/s | tblis GF/s 
------------------+--------+-------+-------+------+------+-----------+-------------+---------------+------------
         ij-ik-kj |   1464 |  1448 |  1464 | 1.00 | 1.00 |     507.7 |       424.7 |         341.4 |      508.0 
       ij-ikl-ljk |    144 |   128 | 18432 | 1.00 | 1.00 |     270.3 |       203.3 |         315.5 |      259.9 
       ij-kil-lkj |    144 |   128 | 20736 | 1.00 | 1.00 |     190.9 |       198.2 |         191.5 |      255.7 
       ijk-ikl-lj |  18432 |   128 |   144 | 1.00 | 1.00 |     411.8 |       462.9 |         251.2 |      310.0 
       ijk-il-jlk |    144 | 18432 |   128 | 1.00 | 1.00 |     323.2 |       428.6 |         378.6 |      475.6 
       ijk-ilk-jl |  18432 |   144 |   128 | 1.00 | 1.00 |     539.6 |       529.8 |         317.2 |      367.6 
       ijk-ilk-lj |  18432 |   128 |   144 | 1.00 | 1.00 |     473.9 |       485.3 |         276.0 |      345.4 
     ijk-ilmk-mjl |   1920 |    40 |  1920 | 1.00 | 1.00 |     283.8 |       310.8 |         199.0 |      299.8 
   ijkl-imjn-lnkm |   1920 |  1920 |  1600 | 1.00 | 0.90 |     424.2 |       368.7 |         327.8 |      503.4 
   ijkl-imjn-nlmk |   1920 |  1600 |  1920 | 1.00 | 0.90 |     396.8 |       382.3 |         344.8 |      501.5 
   ijkl-imkn-jnlm |   1920 |  1920 |  1600 | 1.00 | 1.00 |     479.0 |       467.5 |         424.0 |      499.9 
   ijkl-imkn-njml |   1920 |  1600 |  1920 | 1.00 | 0.90 |     497.8 |       452.3 |         370.5 |      502.9 
   ijkl-imln-jnkm |   1920 |  1920 |  1600 | 1.00 | 1.00 |     457.0 |       433.2 |         362.2 |      500.0 
   ijkl-imln-njmk |   1920 |  1600 |  1920 | 1.00 | 0.90 |     326.3 |       355.5 |         338.9 |      508.0 
   ijkl-imnj-nlkm |   1920 |  1600 |  1920 | 1.00 | 0.90 |     411.0 |       392.8 |         344.5 |      510.4 
   ijkl-imnk-njml |   1920 |  1600 |  1920 | 1.00 | 0.90 |     470.9 |       460.3 |         346.7 |      502.5 
   ijkl-minj-nlmk |   1920 |  1600 |  2304 | 1.00 | 0.90 |     489.1 |       381.1 |         322.5 |      497.7 
   ijkl-mink-jnlm |   1920 |  1920 |  1920 | 1.00 | 1.00 |     249.0 |       353.4 |         339.2 |      503.6 
   ijkl-minl-njmk |   1920 |  1600 |  2304 | 1.00 | 0.90 |     449.9 |       430.5 |         440.6 |      497.8 
     aqrs-pa-pqrs |     48 | 64000 |    48 | 1.00 | 1.00 |     328.2 |       333.3 |         265.4 |      294.9 
     abrs-qb-aqrs |     40 | 76800 |    48 | 1.00 | 1.00 |     380.6 |       272.4 |         217.8 |      185.3 
     abcs-rc-abrs |     40 | 76800 |    48 | 1.00 | 1.00 |     272.4 |       278.5 |         254.4 |      145.5 
       abj-bka-kj |  20736 |   128 |   144 | 1.00 | 1.00 |     310.1 |       311.5 |         183.7 |      223.4 
       ajb-kba-jk |  18432 |   144 |   144 | 1.00 | 1.00 |     385.1 |       386.4 |         203.9 |      289.6 
     abjc-cbka-kj |  92160 |    40 |    48 | 1.00 | 1.00 |     118.0 |       102.5 |          89.7 |      116.8 
     ajbc-ckba-jk |  92160 |    48 |    40 | 1.00 | 1.00 |     103.1 |       118.9 |         180.6 |       61.4 
     abjc-kbac-jk |  76800 |    48 |    48 | 1.00 | 1.00 |     212.9 |       299.9 |         192.9 |      149.0 
   abjcd-dkbac-jk | 230400 |    24 |    20 | 0.67 | 1.00 |     101.1 |       111.1 |          85.0 |       88.2 
   adbjc-cbdka-kj | 230400 |    20 |    24 | 0.67 | 1.00 |      71.6 |        75.3 |          55.9 |       74.3 
   ajbdc-ckbad-jk | 230400 |    24 |    20 | 1.00 | 1.00 |     102.6 |       100.4 |          76.5 |      109.8 
 abcijk-ijma-mkbc |   6912 |  1728 |    24 | 1.00 | 1.00 |     230.4 |       223.9 |         230.7 |      261.5 
 abcijk-ijmb-mkac |   3456 |  3456 |    24 | 1.00 | 1.00 |     266.8 |       269.0 |         271.4 |      168.2 
 abcijk-ijmc-mkab |   3456 |  3456 |    24 | 1.00 | 1.00 |     271.2 |       267.3 |         274.5 |      228.6 
 abcijk-ikma-mjbc |   6912 |  1728 |    24 | 1.00 | 1.00 |     199.7 |       222.2 |         229.0 |      260.8 
 abcijk-ikmb-mjac |   3456 |  3456 |    24 | 1.00 | 1.00 |     217.4 |       264.6 |         280.1 |      212.0 
 abcijk-ikmc-mjab |   3456 |  3456 |    24 | 1.00 | 1.00 |     258.4 |       267.2 |         270.6 |      222.2 
 abcijk-jkma-mibc |   6912 |  1728 |    24 | 1.00 | 1.00 |     232.4 |       180.3 |         231.3 |      261.7 
 abcijk-jkmb-miac |   3456 |  3456 |    24 | 1.00 | 1.00 |     256.5 |       269.5 |         281.7 |      152.7 
 abcijk-jkmc-miab |   3456 |  3456 |    24 | 1.00 | 1.00 |     270.1 |       245.9 |         268.7 |      202.6 
 abcijk-eiab-jkec |   3456 |  3456 |    24 | 1.00 | 1.00 |     273.5 |       269.7 |         271.7 |      201.8 
 abcijk-eiac-jkeb |   3456 |  3456 |    24 | 1.00 | 1.00 |     278.0 |       279.4 |         282.0 |      150.4 
 abcijk-eibc-jkea |   1728 |  6912 |    24 | 1.00 | 1.00 |     228.4 |       229.2 |         226.2 |      263.4 
 abcijk-ejab-ikec |   3456 |  3456 |    24 | 1.00 | 1.00 |     272.3 |       264.2 |         275.9 |      224.2 
 abcijk-ejac-ikeb |   3456 |  3456 |    24 | 1.00 | 1.00 |     217.7 |       269.4 |         278.4 |      214.7 
 abcijk-ejbc-ikea |   1728 |  6912 |    24 | 1.00 | 1.00 |     229.2 |       229.7 |         227.8 |      262.4 
 abcijk-ekab-ijec |   3456 |  3456 |    24 | 1.00 | 1.00 |     274.4 |       268.5 |         273.6 |      228.0 
 abcijk-ekac-ijeb |   3456 |  3456 |    24 | 1.00 | 1.00 |     272.7 |       270.6 |         278.6 |      174.4 
 abcijk-ekbc-ijea |   1728 |  6912 |    24 | 1.00 | 1.00 |     233.0 |       235.7 |         228.7 |      260.4 
       abc-bk-akc |    144 | 18432 |   128 | 1.00 | 1.00 |     392.2 |       389.5 |         203.0 |      295.6 

=== complex efficiency ratio (c64 GF/s over f64 GF/s; 1.0 = no penalty) ===
             case | plan c64/f64 | packed c64/f64 | upstream c64/f64 | tblis c64/f64 
------------------+--------------+----------------+------------------+---------------
         ij-ik-kj |        2.705 |          2.192 |            1.833 |         1.090 
       ij-ikl-ljk |        1.146 |          0.794 |            1.955 |         1.397 
       ij-kil-lkj |        1.545 |          1.533 |            1.218 |         1.580 
       ijk-ikl-lj |        2.286 |          1.626 |            0.888 |         1.563 
       ijk-il-jlk |        1.367 |          1.276 |            2.035 |         1.290 
       ijk-ilk-jl |        2.273 |          1.593 |            1.396 |         1.329 
       ijk-ilk-lj |        1.063 |          1.072 |            1.244 |         1.329 
     ijk-ilmk-mjl |        1.247 |          1.324 |            1.378 |         1.377 
   ijkl-imjn-lnkm |        1.023 |          1.001 |            1.052 |         1.061 
   ijkl-imjn-nlmk |        0.864 |          0.834 |            0.988 |         1.074 
   ijkl-imkn-jnlm |        1.051 |          0.955 |            1.372 |         1.058 
   ijkl-imkn-njml |        1.043 |          0.968 |            0.911 |         1.074 
   ijkl-imln-jnkm |        0.950 |          1.075 |            1.035 |         1.060 
   ijkl-imln-njmk |        0.700 |          0.741 |            0.982 |         1.089 
   ijkl-imnj-nlkm |        0.953 |          0.888 |            0.955 |         1.082 
   ijkl-imnk-njml |        0.982 |          0.968 |            0.985 |         1.076 
   ijkl-minj-nlmk |        1.115 |          0.859 |            0.901 |         1.103 
   ijkl-mink-jnlm |        0.510 |          0.801 |            1.366 |         1.083 
   ijkl-minl-njmk |        1.002 |          0.911 |            1.311 |         1.076 
     aqrs-pa-pqrs |        1.301 |          1.371 |            1.511 |         1.906 
     abrs-qb-aqrs |        1.560 |          1.038 |            1.414 |         1.540 
     abcs-rc-abrs |        1.347 |          1.417 |            2.275 |         1.599 
       abj-bka-kj |        1.660 |          2.233 |            1.534 |         1.668 
       ajb-kba-jk |        1.236 |          1.285 |            0.977 |         1.360 
     abjc-cbka-kj |        2.351 |          2.122 |            2.622 |         2.185 
     ajbc-ckba-jk |        1.401 |          1.692 |            2.466 |         0.589 
     abjc-kbac-jk |        1.665 |          3.055 |            1.901 |         7.595 
   abjcd-dkbac-jk |        2.394 |          2.392 |            2.164 |         2.127 
   adbjc-cbdka-kj |        2.656 |          2.826 |            2.370 |         2.920 
   ajbdc-ckbad-jk |        2.789 |          2.612 |            1.582 |         2.576 
 abcijk-ijma-mkbc |        1.500 |          1.435 |            1.534 |         1.563 
 abcijk-ijmb-mkac |        1.984 |          2.054 |            1.647 |         1.882 
 abcijk-ijmc-mkab |        2.036 |          1.925 |            1.661 |         1.968 
 abcijk-ikma-mjbc |        1.614 |          1.641 |            1.521 |         1.584 
 abcijk-ikmb-mjac |        1.645 |          1.973 |            1.737 |         1.912 
 abcijk-ikmc-mjab |        1.569 |          1.814 |            1.696 |         2.035 
 abcijk-jkma-mibc |        1.499 |          1.230 |            1.509 |         1.584 
 abcijk-jkmb-miac |        1.591 |          1.587 |            1.735 |         1.873 
 abcijk-jkmc-miab |        1.752 |          1.660 |            1.695 |         2.065 
 abcijk-eiab-jkec |        1.571 |          1.659 |            1.614 |         1.920 
 abcijk-eiac-jkeb |        1.657 |          1.690 |            1.735 |         2.007 
 abcijk-eibc-jkea |        1.723 |          1.456 |            1.505 |         1.623 
 abcijk-ejab-ikec |        1.574 |          1.596 |            1.707 |         2.047 
 abcijk-ejac-ikeb |        1.629 |          2.091 |            1.700 |         1.960 
 abcijk-ejbc-ikea |        1.528 |          1.450 |            1.485 |         1.651 
 abcijk-ekab-ijec |        1.710 |          1.658 |            1.725 |         1.952 
 abcijk-ekac-ijeb |        1.510 |          1.626 |            1.614 |         1.957 
 abcijk-ekbc-ijea |        1.512 |          1.544 |            1.552 |         8.041 
       abc-bk-akc |        1.208 |          1.160 |            0.933 |         1.220 
             MEAN |        1.531 |          1.525 |            1.529 |         1.831 

wrote /home/shinaoka/projects/tensor4all/tprims-rs/benchmarks/benchmarks/tcbench/results/2026-10-07-native/A2-16m-12t.pending.csv
