# threads: requested=8 pool=8 budget=8
host        : shinaoka-EVO-X1Pro
target      : x86_64 / linux
cpu features: avx2 fma avx512f avx512dq 
caches      : L1=48KiB/12-way/2sh L2=1024KiB/16-way/2sh L3=16384KiB/16-way/8sh (via sysfs), blocking=legacy
l3 domains  : t1=1 t4=1 t8=2 t16=4
baselines   : tblis=true blas=false
tblis       : abi 2.x, 8 thread(s)

running 49 cases at 1 MiB nominal tensor size, 5 reps, stress=none


=== f64 ===
             case |     m |    n |    k | regA | regB | plan GF/s | packed GF/s | upstream GF/s | tblis GF/s 
------------------+-------+------+------+------+------+-----------+-------------+---------------+------------
         ij-ik-kj |   384 |  364 |  384 | 0.00 | 0.00 |     261.6 |       256.2 |         195.3 |      176.6 
       ij-ikl-ljk |    72 |   52 | 3744 | 1.00 | 1.00 |      90.7 |        91.5 |          68.7 |       48.1 
       ij-kil-lkj |    72 |   52 | 5184 | 1.00 | 1.00 |      88.2 |        88.6 |          69.8 |       48.0 
       ijk-ikl-lj |  3744 |   52 |   72 | 1.00 | 1.00 |     201.1 |       201.4 |         102.5 |      119.2 
       ijk-il-jlk |    72 | 3744 |   52 | 1.00 | 1.00 |     210.2 |       216.8 |         125.7 |      128.7 
       ijk-ilk-jl |  3744 |   72 |   52 | 1.00 | 1.00 |     112.4 |       113.3 |          80.5 |      130.6 
       ijk-ilk-lj |  3744 |   52 |   72 | 1.00 | 1.00 |     198.0 |       200.9 |         107.8 |      119.5 
     ijk-ilmk-mjl |   480 |   20 |  480 | 1.00 | 1.00 |     118.6 |       119.0 |          45.9 |       59.0 
   ijkl-imjn-lnkm |   480 |  480 |  400 | 1.00 | 0.80 |     216.1 |       212.9 |         187.3 |      178.4 
   ijkl-imjn-nlmk |   480 |  400 |  480 | 1.00 | 0.80 |     238.2 |       235.8 |         205.2 |      207.4 
   ijkl-imkn-jnlm |   480 |  480 |  400 | 1.00 | 1.00 |     309.4 |       314.2 |         264.0 |      258.7 
   ijkl-imkn-njml |   480 |  400 |  480 | 1.00 | 0.80 |     315.6 |       316.3 |         268.4 |      262.8 
   ijkl-imln-jnkm |   480 |  480 |  400 | 1.00 | 1.00 |     312.8 |       312.5 |         264.1 |      263.4 
   ijkl-imln-njmk |   480 |  400 |  480 | 1.00 | 0.80 |     314.4 |       316.4 |         267.7 |      266.1 
   ijkl-imnj-nlkm |   480 |  400 |  480 | 1.00 | 0.80 |     307.4 |       308.1 |         263.7 |      264.6 
   ijkl-imnk-njml |   480 |  400 |  480 | 1.00 | 0.80 |     312.5 |       314.0 |         269.2 |      264.1 
   ijkl-minj-nlmk |   480 |  400 |  576 | 1.00 | 0.80 |     305.8 |       302.5 |         262.9 |      261.8 
   ijkl-mink-jnlm |   480 |  480 |  480 | 1.00 | 1.00 |     306.4 |       311.8 |         269.8 |      266.1 
   ijkl-minl-njmk |   480 |  400 |  576 | 1.00 | 0.80 |     304.5 |       308.4 |         263.1 |      260.0 
     aqrs-pa-pqrs |    24 | 8000 |   24 | 0.00 | 0.00 |     227.8 |       180.4 |          75.5 |       62.4 
     abrs-qb-aqrs |    20 | 9600 |   24 | 1.00 | 1.00 |     167.9 |       170.3 |          52.7 |       57.3 
     abcs-rc-abrs |    20 | 9600 |   24 | 1.00 | 1.00 |     161.7 |       165.9 |          54.0 |       58.2 
       abj-bka-kj |  5184 |   52 |   72 | 1.00 | 1.00 |     240.5 |       250.3 |         145.7 |      156.1 
       ajb-kba-jk |  3744 |   72 |   72 | 1.00 | 1.00 |     302.1 |       305.0 |         170.5 |      194.8 
     abjc-cbka-kj | 11520 |   20 |   24 | 1.00 | 1.00 |      69.5 |        72.9 |          39.3 |       58.4 
     ajbc-ckba-jk | 11520 |   24 |   20 | 1.00 | 1.00 |     120.7 |       115.4 |          56.4 |       63.4 
     abjc-kbac-jk |  9600 |   24 |   24 | 1.00 | 1.00 |     180.3 |       183.5 |          71.3 |       69.1 
   abjcd-dkbac-jk | 82944 |   24 |   12 | 1.00 | 1.00 |      45.5 |        52.0 |          41.3 |       31.7 
   adbjc-cbdka-kj | 82944 |   12 |   24 | 1.00 | 1.00 |      15.8 |        16.0 |          14.3 |       22.4 
   ajbdc-ckbad-jk | 82944 |   24 |   12 | 1.00 | 1.00 |      48.1 |        50.0 |          40.7 |       33.3 
 abcijk-ijma-mkbc |  4608 |  512 |   24 | 1.00 | 1.00 |     156.5 |       162.6 |         135.1 |      157.3 
 abcijk-ijmb-mkac |  1536 | 1536 |   24 | 1.00 | 1.00 |     199.8 |       217.5 |         179.9 |      101.1 
 abcijk-ijmc-mkab |  1536 | 1536 |   24 | 1.00 | 1.00 |     190.4 |       212.5 |         160.7 |      138.9 
 abcijk-ikma-mjbc |  4608 |  512 |   24 | 1.00 | 1.00 |     160.8 |       164.5 |         140.6 |      169.4 
 abcijk-ikmb-mjac |  1536 | 1536 |   24 | 1.00 | 1.00 |     198.2 |       222.5 |         152.3 |      139.7 
 abcijk-ikmc-mjab |  1536 | 1536 |   24 | 1.00 | 1.00 |     223.8 |       223.4 |         169.1 |      115.7 
 abcijk-jkma-mibc |  4608 |  512 |   24 | 1.00 | 1.00 |     154.4 |       159.9 |         137.7 |      181.0 
 abcijk-jkmb-miac |  1536 | 1536 |   24 | 1.00 | 1.00 |     204.5 |       225.2 |         178.1 |      106.9 
 abcijk-jkmc-miab |  1536 | 1536 |   24 | 1.00 | 1.00 |     209.6 |       230.6 |         172.5 |      121.5 
 abcijk-eiab-jkec |  1536 | 1536 |   24 | 1.00 | 1.00 |     195.3 |       220.8 |         165.8 |      116.4 
 abcijk-eiac-jkeb |  1536 | 1536 |   24 | 1.00 | 1.00 |     217.2 |       219.0 |         181.4 |      103.9 
 abcijk-eibc-jkea |   512 | 4608 |   24 | 1.00 | 1.00 |     150.6 |       165.6 |         140.6 |      171.0 
 abcijk-ejab-ikec |  1536 | 1536 |   24 | 1.00 | 1.00 |     213.8 |       229.6 |         166.0 |      118.8 
 abcijk-ejac-ikeb |  1536 | 1536 |   24 | 1.00 | 1.00 |     210.4 |       220.9 |         180.3 |      159.6 
 abcijk-ejbc-ikea |   512 | 4608 |   24 | 1.00 | 1.00 |     153.9 |       168.5 |         142.5 |      166.0 
 abcijk-ekab-ijec |  1536 | 1536 |   24 | 1.00 | 1.00 |     211.6 |       231.7 |         172.0 |      137.1 
 abcijk-ekac-ijeb |  1536 | 1536 |   24 | 1.00 | 1.00 |     212.4 |       227.4 |         164.9 |      106.2 
 abcijk-ekbc-ijea |   512 | 4608 |   24 | 1.00 | 1.00 |     152.3 |       157.6 |         132.8 |      163.8 
       abc-bk-akc |    72 | 3744 |   52 | 1.00 | 1.00 |     118.1 |       156.8 |         109.0 |      181.4 

=== c64 ===
             case |     m |    n |    k | regA | regB | plan GF/s | packed GF/s | upstream GF/s | tblis GF/s 
------------------+-------+------+------+------+------+-----------+-------------+---------------+------------
         ij-ik-kj |   384 |  364 |  384 | 1.00 | 1.00 |     269.1 |       271.1 |         241.3 |      235.1 
       ij-ikl-ljk |    72 |   52 | 3744 | 1.00 | 1.00 |     116.4 |       117.6 |         103.4 |      116.5 
       ij-kil-lkj |    72 |   52 | 5184 | 1.00 | 1.00 |     103.6 |       104.6 |          92.1 |      110.7 
       ijk-ikl-lj |  3744 |   52 |   72 | 1.00 | 1.00 |     237.7 |       241.0 |         187.1 |      180.6 
       ijk-il-jlk |    72 | 3744 |   52 | 1.00 | 1.00 |     223.0 |       224.7 |         181.4 |      202.0 
       ijk-ilk-jl |  3744 |   72 |   52 | 0.89 | 1.00 |     165.8 |       165.2 |         136.3 |      204.2 
       ijk-ilk-lj |  3744 |   52 |   72 | 0.89 | 1.00 |     233.8 |       240.9 |         186.6 |      187.9 
     ijk-ilmk-mjl |   480 |   20 |  480 | 0.67 | 1.00 |     171.2 |       173.0 |         111.2 |      138.2 
   ijkl-imjn-lnkm |   480 |  480 |  400 | 0.67 | 0.80 |     243.2 |       243.3 |         229.5 |      220.9 
   ijkl-imjn-nlmk |   480 |  400 |  480 | 0.67 | 0.81 |     292.3 |       290.7 |         276.2 |      302.1 
   ijkl-imkn-jnlm |   480 |  480 |  400 | 0.67 | 1.00 |     341.4 |       339.3 |         309.8 |      293.5 
   ijkl-imkn-njml |   480 |  400 |  480 | 0.67 | 0.81 |     342.7 |       342.3 |         319.0 |      312.1 
   ijkl-imln-jnkm |   480 |  480 |  400 | 0.67 | 1.00 |     341.9 |       341.2 |         311.8 |      295.7 
   ijkl-imln-njmk |   480 |  400 |  480 | 0.67 | 0.81 |     343.2 |       340.4 |         320.6 |      316.0 
   ijkl-imnj-nlkm |   480 |  400 |  480 | 0.67 | 0.81 |     342.3 |       341.6 |         318.4 |      313.3 
   ijkl-imnk-njml |   480 |  400 |  480 | 0.67 | 0.81 |     341.9 |       344.4 |         321.6 |      316.9 
   ijkl-minj-nlmk |   480 |  400 |  576 | 0.67 | 0.81 |     332.4 |       330.4 |         305.4 |      301.1 
   ijkl-mink-jnlm |   480 |  480 |  480 | 0.67 | 1.00 |     341.9 |       341.0 |         321.4 |      306.2 
   ijkl-minl-njmk |   480 |  400 |  576 | 0.67 | 0.81 |     334.4 |       255.2 |         314.3 |      309.6 
     aqrs-pa-pqrs |    24 | 8000 |   24 | 1.00 | 1.00 |     172.2 |       173.5 |         119.8 |      152.6 
     abrs-qb-aqrs |    20 | 9600 |   24 | 1.00 | 1.00 |     267.4 |       276.3 |         142.6 |      140.6 
     abcs-rc-abrs |    20 | 9600 |   24 | 1.00 | 1.00 |     239.4 |       245.6 |         142.7 |      135.6 
       abj-bka-kj |  5184 |   52 |   72 | 0.89 | 1.00 |     303.6 |       307.2 |         245.4 |      185.4 
       ajb-kba-jk |  3744 |   72 |   72 | 0.89 | 1.00 |     343.1 |       334.0 |         277.5 |      267.6 
     abjc-cbka-kj | 11520 |   20 |   24 | 0.67 | 1.00 |     171.3 |       180.2 |         113.8 |      128.2 
     ajbc-ckba-jk | 11520 |   24 |   20 | 1.00 | 1.00 |      39.6 |        40.1 |          31.1 |      123.6 
     abjc-kbac-jk |  9600 |   24 |   24 | 0.67 | 1.00 |     277.8 |       278.0 |         149.7 |      155.6 
   abjcd-dkbac-jk | 82944 |   24 |   12 | 0.67 | 1.00 |      83.5 |        83.6 |          73.4 |       63.7 
   adbjc-cbdka-kj | 82944 |   12 |   24 | 0.67 | 1.00 |      51.5 |        50.3 |          47.9 |       42.3 
   ajbdc-ckbad-jk | 82944 |   24 |   12 | 1.00 | 1.00 |      49.7 |        50.8 |          47.8 |       68.5 
 abcijk-ijma-mkbc |  4608 |  512 |   24 | 1.00 | 0.97 |     151.2 |       149.8 |         148.1 |      207.1 
 abcijk-ijmb-mkac |  1536 | 1536 |   24 | 1.00 | 0.75 |     257.3 |       254.7 |         234.4 |      164.0 
 abcijk-ijmc-mkab |  1536 | 1536 |   24 | 1.00 | 0.50 |     266.5 |       275.9 |         238.9 |      210.0 
 abcijk-ikma-mjbc |  4608 |  512 |   24 | 1.00 | 0.97 |     156.7 |       157.6 |         146.5 |      203.2 
 abcijk-ikmb-mjac |  1536 | 1536 |   24 | 1.00 | 0.75 |     258.2 |       259.9 |         234.1 |      191.9 
 abcijk-ikmc-mjab |  1536 | 1536 |   24 | 1.00 | 0.50 |     269.3 |       269.8 |         247.8 |      177.6 
 abcijk-jkma-mibc |  4608 |  512 |   24 | 1.00 | 0.97 |     166.6 |       171.8 |         151.3 |      220.9 
 abcijk-jkmb-miac |  1536 | 1536 |   24 | 1.00 | 0.75 |     258.2 |       259.6 |         236.8 |      154.8 
 abcijk-jkmc-miab |  1536 | 1536 |   24 | 1.00 | 0.50 |     256.7 |       262.2 |         245.9 |      199.5 
 abcijk-eiab-jkec |  1536 | 1536 |   24 | 1.00 | 0.50 |     261.6 |       263.6 |         236.7 |      196.5 
 abcijk-eiac-jkeb |  1536 | 1536 |   24 | 1.00 | 0.75 |     256.9 |       260.8 |         240.3 |      156.1 
 abcijk-eibc-jkea |   512 | 4608 |   24 | 1.00 | 0.97 |     157.3 |       157.0 |         142.5 |      217.9 
 abcijk-ejab-ikec |  1536 | 1536 |   24 | 1.00 | 0.50 |     259.7 |       276.9 |         245.6 |      180.6 
 abcijk-ejac-ikeb |  1536 | 1536 |   24 | 1.00 | 0.75 |     264.0 |       264.0 |         237.9 |      184.9 
 abcijk-ejbc-ikea |   512 | 4608 |   24 | 1.00 | 0.97 |     161.1 |       162.3 |         147.4 |      208.7 
 abcijk-ekab-ijec |  1536 | 1536 |   24 | 1.00 | 0.50 |     264.0 |       270.0 |         239.6 |      212.5 
 abcijk-ekac-ijeb |  1536 | 1536 |   24 | 1.00 | 0.75 |     255.1 |       259.5 |         238.6 |      165.3 
 abcijk-ekbc-ijea |   512 | 4608 |   24 | 1.00 | 0.97 |     159.7 |       170.2 |         153.7 |      206.9 
       abc-bk-akc |    72 | 3744 |   52 | 0.89 | 1.00 |     228.3 |       223.9 |         187.1 |      282.8 

=== complex efficiency ratio (c64 GF/s over f64 GF/s; 1.0 = no penalty) ===
             case | plan c64/f64 | packed c64/f64 | upstream c64/f64 | tblis c64/f64 
------------------+--------------+----------------+------------------+---------------
         ij-ik-kj |        1.029 |          1.059 |            1.235 |         1.331 
       ij-ikl-ljk |        1.284 |          1.285 |            1.505 |         2.423 
       ij-kil-lkj |        1.174 |          1.181 |            1.319 |         2.303 
       ijk-ikl-lj |        1.182 |          1.196 |            1.825 |         1.515 
       ijk-il-jlk |        1.061 |          1.037 |            1.443 |         1.570 
       ijk-ilk-jl |        1.475 |          1.458 |            1.694 |         1.564 
       ijk-ilk-lj |        1.181 |          1.199 |            1.731 |         1.573 
     ijk-ilmk-mjl |        1.444 |          1.453 |            2.422 |         2.342 
   ijkl-imjn-lnkm |        1.125 |          1.143 |            1.225 |         1.239 
   ijkl-imjn-nlmk |        1.227 |          1.233 |            1.346 |         1.457 
   ijkl-imkn-jnlm |        1.103 |          1.080 |            1.173 |         1.135 
   ijkl-imkn-njml |        1.086 |          1.082 |            1.188 |         1.188 
   ijkl-imln-jnkm |        1.093 |          1.092 |            1.181 |         1.123 
   ijkl-imln-njmk |        1.092 |          1.076 |            1.198 |         1.188 
   ijkl-imnj-nlkm |        1.113 |          1.109 |            1.207 |         1.184 
   ijkl-imnk-njml |        1.094 |          1.097 |            1.195 |         1.200 
   ijkl-minj-nlmk |        1.087 |          1.092 |            1.162 |         1.150 
   ijkl-mink-jnlm |        1.116 |          1.094 |            1.191 |         1.151 
   ijkl-minl-njmk |        1.098 |          0.828 |            1.194 |         1.191 
     aqrs-pa-pqrs |        0.756 |          0.962 |            1.586 |         2.446 
     abrs-qb-aqrs |        1.592 |          1.623 |            2.706 |         2.453 
     abcs-rc-abrs |        1.481 |          1.481 |            2.643 |         2.330 
       abj-bka-kj |        1.262 |          1.227 |            1.684 |         1.187 
       ajb-kba-jk |        1.136 |          1.095 |            1.627 |         1.374 
     abjc-cbka-kj |        2.463 |          2.472 |            2.893 |         2.196 
     ajbc-ckba-jk |        0.328 |          0.347 |            0.551 |         1.949 
     abjc-kbac-jk |        1.541 |          1.514 |            2.099 |         2.251 
   abjcd-dkbac-jk |        1.834 |          1.609 |            1.779 |         2.008 
   adbjc-cbdka-kj |        3.260 |          3.147 |            3.347 |         1.884 
   ajbdc-ckbad-jk |        1.034 |          1.017 |            1.177 |         2.058 
 abcijk-ijma-mkbc |        0.966 |          0.921 |            1.096 |         1.317 
 abcijk-ijmb-mkac |        1.288 |          1.171 |            1.303 |         1.622 
 abcijk-ijmc-mkab |        1.400 |          1.299 |            1.487 |         1.512 
 abcijk-ikma-mjbc |        0.974 |          0.959 |            1.042 |         1.200 
 abcijk-ikmb-mjac |        1.303 |          1.168 |            1.537 |         1.373 
 abcijk-ikmc-mjab |        1.203 |          1.208 |            1.465 |         1.535 
 abcijk-jkma-mibc |        1.079 |          1.075 |            1.099 |         1.220 
 abcijk-jkmb-miac |        1.263 |          1.153 |            1.329 |         1.448 
 abcijk-jkmc-miab |        1.225 |          1.137 |            1.425 |         1.642 
 abcijk-eiab-jkec |        1.339 |          1.194 |            1.428 |         1.689 
 abcijk-eiac-jkeb |        1.183 |          1.191 |            1.325 |         1.503 
 abcijk-eibc-jkea |        1.044 |          0.948 |            1.014 |         1.274 
 abcijk-ejab-ikec |        1.215 |          1.206 |            1.479 |         1.520 
 abcijk-ejac-ikeb |        1.255 |          1.195 |            1.320 |         1.158 
 abcijk-ejbc-ikea |        1.047 |          0.963 |            1.034 |         1.257 
 abcijk-ekab-ijec |        1.248 |          1.165 |            1.393 |         1.550 
 abcijk-ekac-ijeb |        1.201 |          1.141 |            1.447 |         1.556 
 abcijk-ekbc-ijea |        1.049 |          1.080 |            1.157 |         1.263 
       abc-bk-akc |        1.933 |          1.427 |            1.716 |         1.559 
             MEAN |        1.265 |          1.222 |            1.503 |         1.575 

wrote /home/shinaoka/projects/tensor4all/tprims-rs/benchmarks/benchmarks/tcbench/results/2026-10-07-native/A2-1m-8t.pending.csv
