# threads: requested=4 pool=4 budget=4
host        : shinaoka-EVO-X1Pro
target      : x86_64 / linux
cpu features: avx2 fma avx512f avx512dq 
caches      : L1=48KiB/12-way/2sh L2=1024KiB/16-way/2sh L3=16384KiB/16-way/8sh (via sysfs), blocking=legacy
l3 domains  : t1=1 t4=1 t8=2
baselines   : tblis=true blas=false
tblis       : abi 2.x, 4 thread(s)

running 49 cases at 16 MiB nominal tensor size, 5 reps, stress=none


=== f64 ===
             case |      m |     n |     k | regA | regB | plan GF/s | packed GF/s | upstream GF/s | tblis GF/s 
------------------+--------+-------+-------+------+------+-----------+-------------+---------------+------------
         ij-ik-kj |   1464 |  1448 |  1464 | 0.00 | 0.00 |     144.7 |       130.1 |         127.0 |      173.5 
       ij-ikl-ljk |    144 |   128 | 18432 | 1.00 | 1.00 |     102.0 |       101.9 |          98.4 |       89.4 
       ij-kil-lkj |    144 |   128 | 20736 | 1.00 | 1.00 |      98.6 |        98.8 |          95.3 |       79.8 
       ijk-ikl-lj |  18432 |   128 |   144 | 1.00 | 1.00 |     157.1 |       161.6 |         151.9 |      109.2 
       ijk-il-jlk |    144 | 18432 |   128 | 1.00 | 1.00 |     114.6 |       114.9 |         106.3 |      142.4 
       ijk-ilk-jl |  18432 |   144 |   128 | 1.00 | 1.00 |     166.9 |       168.2 |         160.6 |      126.7 
       ijk-ilk-lj |  18432 |   128 |   144 | 1.00 | 1.00 |     162.8 |       167.2 |         160.8 |      120.8 
     ijk-ilmk-mjl |   1920 |    40 |  1920 | 1.00 | 1.00 |     125.2 |       127.1 |         131.4 |       83.7 
   ijkl-imjn-lnkm |   1920 |  1920 |  1600 | 1.00 | 1.00 |     180.8 |       180.7 |         174.5 |      177.8 
   ijkl-imjn-nlmk |   1920 |  1600 |  1920 | 1.00 | 1.00 |     180.6 |       180.6 |         174.6 |      172.8 
   ijkl-imkn-jnlm |   1920 |  1920 |  1600 | 1.00 | 1.00 |     183.0 |       183.4 |         177.0 |      176.8 
   ijkl-imkn-njml |   1920 |  1600 |  1920 | 1.00 | 1.00 |     180.5 |       180.7 |         174.5 |      172.4 
   ijkl-imln-jnkm |   1920 |  1920 |  1600 | 1.00 | 1.00 |     182.7 |       182.8 |         176.8 |      176.0 
   ijkl-imln-njmk |   1920 |  1600 |  1920 | 1.00 | 1.00 |     180.5 |       181.3 |         175.5 |      172.6 
   ijkl-imnj-nlkm |   1920 |  1600 |  1920 | 1.00 | 1.00 |     180.1 |       179.9 |         174.1 |      174.8 
   ijkl-imnk-njml |   1920 |  1600 |  1920 | 1.00 | 1.00 |     180.3 |       180.4 |         174.8 |      174.2 
   ijkl-minj-nlmk |   1920 |  1600 |  2304 | 1.00 | 1.00 |     177.9 |       178.1 |         172.9 |      169.6 
   ijkl-mink-jnlm |   1920 |  1920 |  1920 | 1.00 | 1.00 |     180.9 |       181.1 |         175.8 |      176.2 
   ijkl-minl-njmk |   1920 |  1600 |  2304 | 1.00 | 1.00 |     179.6 |       179.7 |         174.4 |      174.5 
     aqrs-pa-pqrs |     48 | 64000 |    48 | 0.00 | 0.00 |     123.5 |       110.5 |         103.8 |       62.3 
     abrs-qb-aqrs |     40 | 76800 |    48 | 1.00 | 1.00 |     128.3 |       128.5 |         123.8 |       74.6 
     abcs-rc-abrs |     40 | 76800 |    48 | 1.00 | 1.00 |     106.3 |       108.9 |         103.1 |       60.1 
       abj-bka-kj |  20736 |   128 |   144 | 1.00 | 1.00 |     136.0 |       137.2 |         132.5 |       81.7 
       ajb-kba-jk |  18432 |   144 |   144 | 1.00 | 1.00 |     160.6 |       156.4 |         150.7 |      127.2 
     abjc-cbka-kj |  92160 |    40 |    48 | 1.00 | 1.00 |      27.9 |        28.6 |          27.5 |       42.5 
     ajbc-ckba-jk |  92160 |    48 |    40 | 1.00 | 1.00 |      47.5 |        47.5 |          45.0 |       63.2 
     abjc-kbac-jk |  76800 |    48 |    48 | 1.00 | 1.00 |      99.1 |       107.8 |          93.7 |       59.7 
   abjcd-dkbac-jk | 230400 |    24 |    20 | 1.00 | 1.00 |      31.8 |        31.7 |          29.4 |       30.0 
   adbjc-cbdka-kj | 230400 |    20 |    24 | 1.00 | 1.00 |      16.8 |        16.5 |          16.1 |       19.0 
   ajbdc-ckbad-jk | 230400 |    24 |    20 | 1.00 | 1.00 |      31.7 |        31.9 |          29.7 |       32.2 
 abcijk-ijma-mkbc |   6912 |  1728 |    24 | 1.00 | 1.00 |     130.6 |       130.8 |         121.5 |      109.2 
 abcijk-ijmb-mkac |   3456 |  3456 |    24 | 1.00 | 0.67 |     124.2 |       124.5 |         116.0 |       66.4 
 abcijk-ijmc-mkab |   3456 |  3456 |    24 | 1.00 | 0.67 |     118.9 |       118.6 |         112.9 |       84.4 
 abcijk-ikma-mjbc |   6912 |  1728 |    24 | 1.00 | 1.00 |     129.4 |       129.4 |         121.7 |      109.7 
 abcijk-ikmb-mjac |   3456 |  3456 |    24 | 1.00 | 0.67 |     124.3 |       123.8 |         115.4 |       89.7 
 abcijk-ikmc-mjab |   3456 |  3456 |    24 | 1.00 | 0.67 |     121.1 |       120.7 |         113.9 |       81.1 
 abcijk-jkma-mibc |   6912 |  1728 |    24 | 1.00 | 1.00 |     133.1 |       133.0 |         123.9 |      111.5 
 abcijk-jkmb-miac |   3456 |  3456 |    24 | 1.00 | 0.67 |     115.9 |       122.8 |         115.0 |       48.1 
 abcijk-jkmc-miab |   3456 |  3456 |    24 | 1.00 | 0.67 |     118.8 |       120.5 |         114.1 |       60.1 
 abcijk-eiab-jkec |   3456 |  3456 |    24 | 1.00 | 0.67 |     119.5 |       119.9 |         115.1 |       62.9 
 abcijk-eiac-jkeb |   3456 |  3456 |    24 | 1.00 | 0.67 |     122.9 |       123.4 |         115.5 |       47.7 
 abcijk-eibc-jkea |   1728 |  6912 |    24 | 1.00 | 1.00 |     133.8 |       133.3 |         123.4 |      111.9 
 abcijk-ejab-ikec |   3456 |  3456 |    24 | 1.00 | 0.67 |     119.2 |       120.2 |         113.8 |       80.0 
 abcijk-ejac-ikeb |   3456 |  3456 |    24 | 1.00 | 0.67 |     123.6 |       123.9 |         115.8 |       89.8 
 abcijk-ejbc-ikea |   1728 |  6912 |    24 | 1.00 | 1.00 |     130.7 |       130.1 |         121.0 |      109.6 
 abcijk-ekab-ijec |   3456 |  3456 |    24 | 1.00 | 0.67 |     120.2 |       121.1 |         113.7 |       84.7 
 abcijk-ekac-ijeb |   3456 |  3456 |    24 | 1.00 | 0.67 |     124.3 |       124.0 |         116.9 |       64.3 
 abcijk-ekbc-ijea |   1728 |  6912 |    24 | 1.00 | 1.00 |     131.0 |       130.7 |         122.3 |      109.6 
       abc-bk-akc |    144 | 18432 |   128 | 1.00 | 1.00 |     150.2 |       166.6 |         162.5 |      126.7 

=== c64 ===
             case |      m |     n |     k | regA | regB | plan GF/s | packed GF/s | upstream GF/s | tblis GF/s 
------------------+--------+-------+-------+------+------+-----------+-------------+---------------+------------
         ij-ik-kj |   1464 |  1448 |  1464 | 1.00 | 1.00 |     190.3 |       190.4 |         189.7 |      185.1 
       ij-ikl-ljk |    144 |   128 | 18432 | 1.00 | 1.00 |     120.7 |       121.2 |         116.4 |      117.8 
       ij-kil-lkj |    144 |   128 | 20736 | 1.00 | 1.00 |     117.1 |       116.9 |         111.4 |      107.4 
       ijk-ikl-lj |  18432 |   128 |   144 | 1.00 | 1.00 |     180.7 |       180.9 |         178.5 |      135.6 
       ijk-il-jlk |    144 | 18432 |   128 | 1.00 | 1.00 |     137.2 |       137.2 |         136.9 |      168.2 
       ijk-ilk-jl |  18432 |   144 |   128 | 1.00 | 1.00 |     190.4 |       190.4 |         188.0 |      146.8 
       ijk-ilk-lj |  18432 |   128 |   144 | 1.00 | 1.00 |     183.8 |       184.6 |         182.1 |      143.8 
     ijk-ilmk-mjl |   1920 |    40 |  1920 | 1.00 | 1.00 |     148.1 |       147.6 |         145.5 |      108.1 
   ijkl-imjn-lnkm |   1920 |  1920 |  1600 | 1.00 | 0.90 |     186.5 |       186.8 |         185.2 |      181.5 
   ijkl-imjn-nlmk |   1920 |  1600 |  1920 | 1.00 | 0.90 |     187.6 |       187.7 |         186.3 |      180.3 
   ijkl-imkn-jnlm |   1920 |  1920 |  1600 | 1.00 | 1.00 |     189.9 |       190.1 |         187.9 |      179.0 
   ijkl-imkn-njml |   1920 |  1600 |  1920 | 1.00 | 0.90 |     189.3 |       189.3 |         187.5 |      179.6 
   ijkl-imln-jnkm |   1920 |  1920 |  1600 | 1.00 | 1.00 |     190.6 |       190.6 |         188.5 |      178.9 
   ijkl-imln-njmk |   1920 |  1600 |  1920 | 1.00 | 0.90 |     190.1 |       190.1 |         188.1 |      180.0 
   ijkl-imnj-nlkm |   1920 |  1600 |  1920 | 1.00 | 0.90 |     187.9 |       187.8 |         186.7 |      181.1 
   ijkl-imnk-njml |   1920 |  1600 |  1920 | 1.00 | 0.90 |     189.7 |       189.6 |         187.9 |      180.4 
   ijkl-minj-nlmk |   1920 |  1600 |  2304 | 1.00 | 0.90 |     185.5 |       185.4 |         183.9 |      179.3 
   ijkl-mink-jnlm |   1920 |  1920 |  1920 | 1.00 | 1.00 |     188.1 |       188.2 |         185.7 |      179.8 
   ijkl-minl-njmk |   1920 |  1600 |  2304 | 1.00 | 0.90 |     187.5 |       187.5 |         185.7 |      178.5 
     aqrs-pa-pqrs |     48 | 64000 |    48 | 1.00 | 1.00 |     146.8 |       147.6 |         143.3 |      111.8 
     abrs-qb-aqrs |     40 | 76800 |    48 | 1.00 | 1.00 |     153.1 |       152.7 |         152.4 |      100.0 
     abcs-rc-abrs |     40 | 76800 |    48 | 1.00 | 1.00 |     148.2 |       147.0 |         144.8 |       95.5 
       abj-bka-kj |  20736 |   128 |   144 | 1.00 | 1.00 |     156.7 |       156.9 |         153.7 |      115.0 
       ajb-kba-jk |  18432 |   144 |   144 | 1.00 | 1.00 |     188.7 |       189.5 |         187.4 |      153.3 
     abjc-cbka-kj |  92160 |    40 |    48 | 1.00 | 1.00 |      71.2 |        70.2 |          69.3 |       73.2 
     ajbc-ckba-jk |  92160 |    48 |    40 | 1.00 | 1.00 |      95.5 |        95.6 |          94.5 |      104.9 
     abjc-kbac-jk |  76800 |    48 |    48 | 1.00 | 1.00 |     153.1 |       153.8 |         151.6 |       77.8 
   abjcd-dkbac-jk | 230400 |    24 |    20 | 0.67 | 1.00 |      68.4 |        68.3 |          64.9 |       60.9 
   adbjc-cbdka-kj | 230400 |    20 |    24 | 0.67 | 1.00 |      38.2 |        37.8 |          36.8 |       47.6 
   ajbdc-ckbad-jk | 230400 |    24 |    20 | 1.00 | 1.00 |      58.6 |        58.5 |          55.8 |       68.0 
 abcijk-ijma-mkbc |   6912 |  1728 |    24 | 1.00 | 1.00 |     142.5 |       165.6 |         161.1 |      142.0 
 abcijk-ijmb-mkac |   3456 |  3456 |    24 | 1.00 | 1.00 |     171.7 |       171.5 |         166.3 |      108.4 
 abcijk-ijmc-mkab |   3456 |  3456 |    24 | 1.00 | 1.00 |     168.7 |       169.0 |         166.0 |      141.9 
 abcijk-ikma-mjbc |   6912 |  1728 |    24 | 1.00 | 1.00 |     164.1 |       166.1 |         160.3 |      141.8 
 abcijk-ikmb-mjac |   3456 |  3456 |    24 | 1.00 | 1.00 |     171.7 |       171.1 |         166.0 |      127.5 
 abcijk-ikmc-mjab |   3456 |  3456 |    24 | 1.00 | 1.00 |     168.6 |       169.5 |         165.6 |      124.6 
 abcijk-jkma-mibc |   6912 |  1728 |    24 | 1.00 | 1.00 |     165.6 |       165.3 |         161.8 |      142.6 
 abcijk-jkmb-miac |   3456 |  3456 |    24 | 1.00 | 1.00 |     171.4 |       170.7 |         170.1 |       85.1 
 abcijk-jkmc-miab |   3456 |  3456 |    24 | 1.00 | 1.00 |     166.8 |       161.7 |         164.3 |      100.9 
 abcijk-eiab-jkec |   3456 |  3456 |    24 | 1.00 | 1.00 |     167.3 |       167.2 |         162.3 |      100.7 
 abcijk-eiac-jkeb |   3456 |  3456 |    24 | 1.00 | 1.00 |     170.8 |       173.2 |         166.6 |       85.3 
 abcijk-eibc-jkea |   1728 |  6912 |    24 | 1.00 | 1.00 |     166.5 |       167.3 |         161.1 |      142.5 
 abcijk-ejab-ikec |   3456 |  3456 |    24 | 1.00 | 1.00 |     168.2 |       168.6 |         165.4 |      125.2 
 abcijk-ejac-ikeb |   3456 |  3456 |    24 | 1.00 | 1.00 |     171.3 |       171.5 |         166.8 |      127.1 
 abcijk-ejbc-ikea |   1728 |  6912 |    24 | 1.00 | 1.00 |     165.9 |       166.4 |         158.9 |      142.2 
 abcijk-ekab-ijec |   3456 |  3456 |    24 | 1.00 | 1.00 |     168.5 |       170.7 |         165.6 |      138.2 
 abcijk-ekac-ijeb |   3456 |  3456 |    24 | 1.00 | 1.00 |     170.8 |       170.8 |         167.0 |      108.5 
 abcijk-ekbc-ijea |   1728 |  6912 |    24 | 1.00 | 1.00 |     166.9 |       166.5 |         161.5 |      142.3 
       abc-bk-akc |    144 | 18432 |   128 | 1.00 | 1.00 |     189.6 |       189.6 |         187.9 |      146.7 

=== complex efficiency ratio (c64 GF/s over f64 GF/s; 1.0 = no penalty) ===
             case | plan c64/f64 | packed c64/f64 | upstream c64/f64 | tblis c64/f64 
------------------+--------------+----------------+------------------+---------------
         ij-ik-kj |        1.315 |          1.463 |            1.494 |         1.067 
       ij-ikl-ljk |        1.184 |          1.189 |            1.183 |         1.318 
       ij-kil-lkj |        1.187 |          1.183 |            1.169 |         1.347 
       ijk-ikl-lj |        1.150 |          1.119 |            1.175 |         1.242 
       ijk-il-jlk |        1.197 |          1.194 |            1.288 |         1.181 
       ijk-ilk-jl |        1.141 |          1.132 |            1.170 |         1.158 
       ijk-ilk-lj |        1.129 |          1.104 |            1.132 |         1.191 
     ijk-ilmk-mjl |        1.183 |          1.161 |            1.107 |         1.292 
   ijkl-imjn-lnkm |        1.032 |          1.034 |            1.061 |         1.021 
   ijkl-imjn-nlmk |        1.039 |          1.039 |            1.067 |         1.043 
   ijkl-imkn-jnlm |        1.038 |          1.037 |            1.062 |         1.012 
   ijkl-imkn-njml |        1.049 |          1.048 |            1.075 |         1.042 
   ijkl-imln-jnkm |        1.043 |          1.043 |            1.066 |         1.016 
   ijkl-imln-njmk |        1.053 |          1.049 |            1.072 |         1.043 
   ijkl-imnj-nlkm |        1.043 |          1.044 |            1.072 |         1.036 
   ijkl-imnk-njml |        1.052 |          1.051 |            1.075 |         1.036 
   ijkl-minj-nlmk |        1.043 |          1.041 |            1.063 |         1.058 
   ijkl-mink-jnlm |        1.039 |          1.039 |            1.056 |         1.020 
   ijkl-minl-njmk |        1.044 |          1.043 |            1.065 |         1.023 
     aqrs-pa-pqrs |        1.189 |          1.336 |            1.381 |         1.794 
     abrs-qb-aqrs |        1.194 |          1.188 |            1.231 |         1.340 
     abcs-rc-abrs |        1.394 |          1.350 |            1.404 |         1.589 
       abj-bka-kj |        1.152 |          1.144 |            1.160 |         1.408 
       ajb-kba-jk |        1.175 |          1.211 |            1.244 |         1.205 
     abjc-cbka-kj |        2.549 |          2.452 |            2.518 |         1.723 
     ajbc-ckba-jk |        2.011 |          2.011 |            2.099 |         1.659 
     abjc-kbac-jk |        1.545 |          1.426 |            1.618 |         1.302 
   abjcd-dkbac-jk |        2.154 |          2.154 |            2.205 |         2.032 
   adbjc-cbdka-kj |        2.278 |          2.287 |            2.285 |         2.505 
   ajbdc-ckbad-jk |        1.847 |          1.834 |            1.878 |         2.109 
 abcijk-ijma-mkbc |        1.091 |          1.266 |            1.326 |         1.300 
 abcijk-ijmb-mkac |        1.382 |          1.378 |            1.434 |         1.634 
 abcijk-ijmc-mkab |        1.419 |          1.425 |            1.470 |         1.681 
 abcijk-ikma-mjbc |        1.268 |          1.284 |            1.317 |         1.293 
 abcijk-ikmb-mjac |        1.382 |          1.383 |            1.438 |         1.422 
 abcijk-ikmc-mjab |        1.392 |          1.405 |            1.455 |         1.536 
 abcijk-jkma-mibc |        1.244 |          1.243 |            1.307 |         1.279 
 abcijk-jkmb-miac |        1.479 |          1.391 |            1.479 |         1.769 
 abcijk-jkmc-miab |        1.404 |          1.342 |            1.441 |         1.678 
 abcijk-eiab-jkec |        1.401 |          1.394 |            1.410 |         1.603 
 abcijk-eiac-jkeb |        1.390 |          1.403 |            1.443 |         1.788 
 abcijk-eibc-jkea |        1.244 |          1.255 |            1.306 |         1.273 
 abcijk-ejab-ikec |        1.412 |          1.403 |            1.453 |         1.565 
 abcijk-ejac-ikeb |        1.386 |          1.384 |            1.440 |         1.416 
 abcijk-ejbc-ikea |        1.269 |          1.279 |            1.313 |         1.297 
 abcijk-ekab-ijec |        1.401 |          1.409 |            1.456 |         1.632 
 abcijk-ekac-ijeb |        1.375 |          1.377 |            1.429 |         1.687 
 abcijk-ekbc-ijea |        1.274 |          1.274 |            1.320 |         1.298 
       abc-bk-akc |        1.263 |          1.138 |            1.156 |         1.158 
             MEAN |        1.325 |          1.323 |            1.365 |         1.390 

wrote /home/shinaoka/projects/tensor4all/tprims-rs/benchmarks/benchmarks/tcbench/results/2026-10-07-native/A2-16m-4t.pending.csv
