# threads: requested=4 pool=4 budget=4
host        : shinaoka-EVO-X1Pro
target      : x86_64 / linux
cpu features: avx2 fma avx512f avx512dq 
caches      : L1=48KiB/12-way/2sh L2=1024KiB/16-way/2sh L3=16384KiB/16-way/8sh (via sysfs), blocking=legacy
l3 domains  : t1=1 t4=1 t8=2
baselines   : tblis=true blas=false
tblis       : abi 2.x, 4 thread(s)

running 49 cases at 1 MiB nominal tensor size, 5 reps, stress=none


=== f64 ===
             case |     m |    n |    k | regA | regB | plan GF/s | packed GF/s | upstream GF/s | tblis GF/s 
------------------+-------+------+------+------+------+-----------+-------------+---------------+------------
         ij-ik-kj |   384 |  364 |  384 | 0.00 | 0.00 |     141.3 |       134.4 |         121.6 |      105.3 
       ij-ikl-ljk |    72 |   52 | 3744 | 1.00 | 1.00 |      63.7 |        63.7 |          53.4 |       38.4 
       ij-kil-lkj |    72 |   52 | 5184 | 1.00 | 1.00 |      60.9 |        62.1 |          53.5 |       38.1 
       ijk-ikl-lj |  3744 |   52 |   72 | 1.00 | 1.00 |     112.3 |       113.8 |          85.8 |       70.8 
       ijk-il-jlk |    72 | 3744 |   52 | 1.00 | 1.00 |      50.8 |       117.7 |          95.2 |       76.8 
       ijk-ilk-jl |  3744 |   72 |   52 | 1.00 | 1.00 |     120.3 |       122.4 |          91.3 |       80.1 
       ijk-ilk-lj |  3744 |   52 |   72 | 1.00 | 1.00 |     131.2 |       132.4 |         102.5 |       82.0 
     ijk-ilmk-mjl |   480 |   20 |  480 | 1.00 | 1.00 |     111.0 |       112.3 |          66.2 |       50.0 
   ijkl-imjn-lnkm |   480 |  480 |  400 | 1.00 | 0.80 |     184.8 |       185.5 |         171.3 |      144.8 
   ijkl-imjn-nlmk |   480 |  400 |  480 | 1.00 | 0.80 |     192.3 |       192.4 |         176.9 |      151.9 
   ijkl-imkn-jnlm |   480 |  480 |  400 | 1.00 | 1.00 |     188.9 |       192.9 |         176.5 |      153.0 
   ijkl-imkn-njml |   480 |  400 |  480 | 1.00 | 0.80 |     188.3 |       194.0 |         176.1 |      150.2 
   ijkl-imln-jnkm |   480 |  480 |  400 | 1.00 | 1.00 |     191.2 |       191.1 |         177.2 |      151.4 
   ijkl-imln-njmk |   480 |  400 |  480 | 1.00 | 0.80 |     186.4 |       188.4 |         179.4 |      151.2 
   ijkl-imnj-nlkm |   480 |  400 |  480 | 1.00 | 0.80 |     193.1 |       192.5 |         175.0 |      152.0 
   ijkl-imnk-njml |   480 |  400 |  480 | 1.00 | 0.80 |     193.5 |       189.3 |         179.3 |      153.1 
   ijkl-minj-nlmk |   480 |  400 |  576 | 1.00 | 0.80 |     187.9 |       187.6 |         174.3 |      149.7 
   ijkl-mink-jnlm |   480 |  480 |  480 | 1.00 | 1.00 |     191.2 |       191.6 |         176.1 |      149.4 
   ijkl-minl-njmk |   480 |  400 |  576 | 1.00 | 0.80 |     189.0 |       190.2 |         176.5 |      150.0 
     aqrs-pa-pqrs |    24 | 8000 |   24 | 0.00 | 0.00 |     153.3 |       108.7 |          77.4 |       43.1 
     abrs-qb-aqrs |    20 | 9600 |   24 | 1.00 | 1.00 |     107.4 |       105.7 |          63.7 |       40.3 
     abcs-rc-abrs |    20 | 9600 |   24 | 1.00 | 1.00 |     105.3 |       107.1 |          64.8 |       40.2 
       abj-bka-kj |  5184 |   52 |   72 | 1.00 | 1.00 |     128.8 |       128.5 |         104.6 |       81.9 
       ajb-kba-jk |  3744 |   72 |   72 | 1.00 | 1.00 |     166.3 |       169.4 |         131.7 |      112.8 
     abjc-cbka-kj | 11520 |   20 |   24 | 1.00 | 1.00 |      50.6 |        48.6 |          38.3 |       39.0 
     ajbc-ckba-jk | 11520 |   24 |   20 | 1.00 | 1.00 |      75.8 |        79.9 |          52.9 |       43.9 
     abjc-kbac-jk |  9600 |   24 |   24 | 1.00 | 1.00 |     109.8 |       112.7 |          69.3 |       47.6 
   abjcd-dkbac-jk | 82944 |   24 |   12 | 1.00 | 1.00 |      36.7 |        39.3 |          33.9 |       22.7 
   adbjc-cbdka-kj | 82944 |   12 |   24 | 1.00 | 1.00 |       9.2 |         9.2 |           8.3 |       18.6 
   ajbdc-ckbad-jk | 82944 |   24 |   12 | 1.00 | 1.00 |      38.0 |        38.1 |          34.5 |       24.3 
 abcijk-ijma-mkbc |  4608 |  512 |   24 | 1.00 | 1.00 |     134.0 |       137.6 |         118.2 |       98.5 
 abcijk-ijmb-mkac |  1536 | 1536 |   24 | 1.00 | 1.00 |     135.5 |       135.8 |         131.1 |       65.2 
 abcijk-ijmc-mkab |  1536 | 1536 |   24 | 1.00 | 1.00 |     136.1 |       140.1 |         125.6 |       94.4 
 abcijk-ikma-mjbc |  4608 |  512 |   24 | 1.00 | 1.00 |     132.2 |       142.9 |         114.3 |       97.2 
 abcijk-ikmb-mjac |  1536 | 1536 |   24 | 1.00 | 1.00 |     145.1 |       153.1 |         126.0 |       97.0 
 abcijk-ikmc-mjab |  1536 | 1536 |   24 | 1.00 | 1.00 |     139.3 |       138.0 |         122.2 |       78.6 
 abcijk-jkma-mibc |  4608 |  512 |   24 | 1.00 | 1.00 |     121.4 |       132.7 |         120.7 |      110.8 
 abcijk-jkmb-miac |  1536 | 1536 |   24 | 1.00 | 1.00 |     138.6 |       149.4 |         126.6 |       61.4 
 abcijk-jkmc-miab |  1536 | 1536 |   24 | 1.00 | 1.00 |     133.5 |       138.1 |         122.6 |       82.7 
 abcijk-eiab-jkec |  1536 | 1536 |   24 | 1.00 | 1.00 |     132.3 |       135.7 |         122.6 |       82.5 
 abcijk-eiac-jkeb |  1536 | 1536 |   24 | 1.00 | 1.00 |     136.9 |       150.6 |         131.8 |       60.2 
 abcijk-eibc-jkea |   512 | 4608 |   24 | 1.00 | 1.00 |     130.2 |       135.5 |         114.0 |      108.9 
 abcijk-ejab-ikec |  1536 | 1536 |   24 | 1.00 | 1.00 |     134.0 |       144.4 |         123.8 |       82.2 
 abcijk-ejac-ikeb |  1536 | 1536 |   24 | 1.00 | 1.00 |      97.3 |       146.7 |         130.3 |       95.8 
 abcijk-ejbc-ikea |   512 | 4608 |   24 | 1.00 | 1.00 |     129.1 |       130.3 |         112.7 |       95.9 
 abcijk-ekab-ijec |  1536 | 1536 |   24 | 1.00 | 1.00 |     105.3 |       139.8 |         122.4 |       94.0 
 abcijk-ekac-ijeb |  1536 | 1536 |   24 | 1.00 | 1.00 |     145.0 |       137.8 |         129.8 |       63.9 
 abcijk-ekbc-ijea |   512 | 4608 |   24 | 1.00 | 1.00 |     136.7 |       134.9 |         115.7 |       98.3 
       abc-bk-akc |    72 | 3744 |   52 | 1.00 | 1.00 |     166.7 |       169.2 |         128.8 |      108.3 

=== c64 ===
             case |     m |    n |    k | regA | regB | plan GF/s | packed GF/s | upstream GF/s | tblis GF/s 
------------------+-------+------+------+------+------+-----------+-------------+---------------+------------
         ij-ik-kj |   384 |  364 |  384 | 1.00 | 1.00 |     137.9 |       138.2 |         131.6 |      125.8 
       ij-ikl-ljk |    72 |   52 | 3744 | 1.00 | 1.00 |      65.0 |        65.1 |          61.0 |       77.6 
       ij-kil-lkj |    72 |   52 | 5184 | 1.00 | 1.00 |      61.0 |        59.6 |          56.9 |       76.3 
       ijk-ikl-lj |  3744 |   52 |   72 | 1.00 | 1.00 |     123.4 |       124.0 |         114.5 |       91.8 
       ijk-il-jlk |    72 | 3744 |   52 | 1.00 | 1.00 |      71.3 |        70.4 |          68.3 |      109.0 
       ijk-ilk-jl |  3744 |   72 |   52 | 0.89 | 1.00 |     136.0 |       134.3 |         127.8 |      116.8 
       ijk-ilk-lj |  3744 |   52 |   72 | 0.89 | 1.00 |     147.7 |       150.0 |         138.2 |      118.1 
     ijk-ilmk-mjl |   480 |   20 |  480 | 0.67 | 1.00 |     115.3 |       124.0 |         102.5 |      110.0 
   ijkl-imjn-lnkm |   480 |  480 |  400 | 0.67 | 0.80 |     173.4 |       173.1 |         168.7 |      166.7 
   ijkl-imjn-nlmk |   480 |  400 |  480 | 0.67 | 0.81 |     174.8 |       174.4 |         170.5 |      165.6 
   ijkl-imkn-jnlm |   480 |  480 |  400 | 0.67 | 1.00 |     130.4 |       170.0 |         168.5 |      166.9 
   ijkl-imkn-njml |   480 |  400 |  480 | 0.67 | 0.81 |     176.2 |       176.0 |         171.9 |      166.5 
   ijkl-imln-jnkm |   480 |  480 |  400 | 0.67 | 1.00 |     174.6 |       175.1 |         169.5 |      167.1 
   ijkl-imln-njmk |   480 |  400 |  480 | 0.67 | 0.81 |     146.4 |       176.2 |         172.9 |      169.8 
   ijkl-imnj-nlkm |   480 |  400 |  480 | 0.67 | 0.81 |     175.8 |       174.7 |         171.8 |      170.6 
   ijkl-imnk-njml |   480 |  400 |  480 | 0.67 | 0.81 |     168.8 |       176.6 |         172.5 |      171.5 
   ijkl-minj-nlmk |   480 |  400 |  576 | 0.67 | 0.81 |     168.8 |       168.6 |         164.4 |      160.6 
   ijkl-mink-jnlm |   480 |  480 |  480 | 0.67 | 1.00 |     168.8 |       172.0 |         168.1 |      167.5 
   ijkl-minl-njmk |   480 |  400 |  576 | 0.67 | 0.81 |     170.8 |       154.8 |         165.0 |      166.6 
     aqrs-pa-pqrs |    24 | 8000 |   24 | 1.00 | 1.00 |     103.0 |       103.7 |          87.0 |       91.4 
     abrs-qb-aqrs |    20 | 9600 |   24 | 1.00 | 1.00 |     150.5 |       150.0 |         117.1 |       78.7 
     abcs-rc-abrs |    20 | 9600 |   24 | 1.00 | 1.00 |     131.7 |       132.0 |         107.7 |       82.9 
       abj-bka-kj |  5184 |   52 |   72 | 0.89 | 1.00 |     152.5 |       154.3 |         141.7 |       98.5 
       ajb-kba-jk |  3744 |   72 |   72 | 0.89 | 1.00 |     174.0 |       173.4 |         158.6 |      129.3 
     abjc-cbka-kj | 11520 |   20 |   24 | 0.67 | 1.00 |      89.0 |        91.8 |          79.5 |       71.9 
     ajbc-ckba-jk | 11520 |   24 |   20 | 1.00 | 1.00 |     103.0 |       102.3 |          84.8 |       69.4 
     abjc-kbac-jk |  9600 |   24 |   24 | 0.67 | 1.00 |     148.0 |       147.3 |         120.6 |       85.6 
   abjcd-dkbac-jk | 82944 |   24 |   12 | 0.67 | 1.00 |      61.2 |        61.3 |          57.1 |       46.6 
   adbjc-cbdka-kj | 82944 |   12 |   24 | 0.67 | 1.00 |      29.3 |        29.8 |          29.6 |       32.3 
   ajbdc-ckbad-jk | 82944 |   24 |   12 | 1.00 | 1.00 |      60.1 |        60.8 |          54.7 |       48.9 
 abcijk-ijma-mkbc |  4608 |  512 |   24 | 1.00 | 0.97 |     157.7 |       156.3 |         148.6 |      123.9 
 abcijk-ijmb-mkac |  1536 | 1536 |   24 | 1.00 | 0.75 |     169.7 |       166.2 |         158.5 |      113.5 
 abcijk-ijmc-mkab |  1536 | 1536 |   24 | 1.00 | 0.50 |     165.6 |       160.7 |         159.9 |      132.1 
 abcijk-ikma-mjbc |  4608 |  512 |   24 | 1.00 | 0.97 |     156.7 |       155.3 |         151.0 |      124.1 
 abcijk-ikmb-mjac |  1536 | 1536 |   24 | 1.00 | 0.75 |     170.8 |       167.7 |         161.4 |      123.8 
 abcijk-ikmc-mjab |  1536 | 1536 |   24 | 1.00 | 0.50 |     164.7 |       164.1 |         158.9 |      125.7 
 abcijk-jkma-mibc |  4608 |  512 |   24 | 1.00 | 0.97 |     156.0 |       156.3 |         149.5 |      135.2 
 abcijk-jkmb-miac |  1536 | 1536 |   24 | 1.00 | 0.75 |     167.5 |       167.9 |         160.2 |      104.9 
 abcijk-jkmc-miab |  1536 | 1536 |   24 | 1.00 | 0.50 |     162.0 |       159.2 |         157.3 |      121.0 
 abcijk-eiab-jkec |  1536 | 1536 |   24 | 1.00 | 0.50 |     161.5 |       161.1 |         155.4 |      123.5 
 abcijk-eiac-jkeb |  1536 | 1536 |   24 | 1.00 | 0.75 |     168.8 |       167.1 |         156.8 |      102.4 
 abcijk-eibc-jkea |   512 | 4608 |   24 | 1.00 | 0.97 |     154.5 |       152.7 |         149.0 |      135.8 
 abcijk-ejab-ikec |  1536 | 1536 |   24 | 1.00 | 0.50 |     164.3 |       162.3 |         157.3 |      125.8 
 abcijk-ejac-ikeb |  1536 | 1536 |   24 | 1.00 | 0.75 |     171.2 |       169.1 |         161.4 |      124.2 
 abcijk-ejbc-ikea |   512 | 4608 |   24 | 1.00 | 0.97 |     158.5 |       140.5 |         148.2 |      125.2 
 abcijk-ekab-ijec |  1536 | 1536 |   24 | 1.00 | 0.50 |     162.4 |       137.9 |         156.9 |      137.8 
 abcijk-ekac-ijeb |  1536 | 1536 |   24 | 1.00 | 0.75 |     168.5 |       167.4 |         161.2 |      113.7 
 abcijk-ekbc-ijea |   512 | 4608 |   24 | 1.00 | 0.97 |     154.5 |       155.6 |         150.0 |      123.6 
       abc-bk-akc |    72 | 3744 |   52 | 0.89 | 1.00 |     180.4 |       178.7 |         164.8 |      141.7 

=== complex efficiency ratio (c64 GF/s over f64 GF/s; 1.0 = no penalty) ===
             case | plan c64/f64 | packed c64/f64 | upstream c64/f64 | tblis c64/f64 
------------------+--------------+----------------+------------------+---------------
         ij-ik-kj |        0.976 |          1.029 |            1.083 |         1.194 
       ij-ikl-ljk |        1.021 |          1.022 |            1.141 |         2.020 
       ij-kil-lkj |        1.002 |          0.960 |            1.063 |         2.003 
       ijk-ikl-lj |        1.099 |          1.090 |            1.334 |         1.296 
       ijk-il-jlk |        1.405 |          0.598 |            0.717 |         1.419 
       ijk-ilk-jl |        1.131 |          1.097 |            1.400 |         1.459 
       ijk-ilk-lj |        1.126 |          1.132 |            1.348 |         1.439 
     ijk-ilmk-mjl |        1.038 |          1.104 |            1.549 |         2.199 
   ijkl-imjn-lnkm |        0.938 |          0.933 |            0.985 |         1.151 
   ijkl-imjn-nlmk |        0.909 |          0.907 |            0.964 |         1.090 
   ijkl-imkn-jnlm |        0.691 |          0.881 |            0.955 |         1.091 
   ijkl-imkn-njml |        0.936 |          0.907 |            0.976 |         1.109 
   ijkl-imln-jnkm |        0.913 |          0.916 |            0.957 |         1.104 
   ijkl-imln-njmk |        0.785 |          0.935 |            0.964 |         1.123 
   ijkl-imnj-nlkm |        0.910 |          0.907 |            0.982 |         1.122 
   ijkl-imnk-njml |        0.872 |          0.933 |            0.962 |         1.120 
   ijkl-minj-nlmk |        0.899 |          0.899 |            0.943 |         1.073 
   ijkl-mink-jnlm |        0.883 |          0.897 |            0.955 |         1.121 
   ijkl-minl-njmk |        0.904 |          0.814 |            0.935 |         1.110 
     aqrs-pa-pqrs |        0.672 |          0.954 |            1.124 |         2.123 
     abrs-qb-aqrs |        1.401 |          1.419 |            1.839 |         1.954 
     abcs-rc-abrs |        1.251 |          1.232 |            1.661 |         2.063 
       abj-bka-kj |        1.184 |          1.200 |            1.355 |         1.203 
       ajb-kba-jk |        1.046 |          1.024 |            1.205 |         1.146 
     abjc-cbka-kj |        1.761 |          1.887 |            2.074 |         1.845 
     ajbc-ckba-jk |        1.358 |          1.279 |            1.603 |         1.582 
     abjc-kbac-jk |        1.348 |          1.307 |            1.739 |         1.800 
   abjcd-dkbac-jk |        1.665 |          1.560 |            1.682 |         2.052 
   adbjc-cbdka-kj |        3.190 |          3.240 |            3.557 |         1.738 
   ajbdc-ckbad-jk |        1.581 |          1.594 |            1.584 |         2.015 
 abcijk-ijma-mkbc |        1.177 |          1.136 |            1.257 |         1.258 
 abcijk-ijmb-mkac |        1.252 |          1.224 |            1.209 |         1.741 
 abcijk-ijmc-mkab |        1.217 |          1.147 |            1.274 |         1.400 
 abcijk-ikma-mjbc |        1.185 |          1.087 |            1.321 |         1.276 
 abcijk-ikmb-mjac |        1.177 |          1.095 |            1.281 |         1.276 
 abcijk-ikmc-mjab |        1.183 |          1.189 |            1.301 |         1.600 
 abcijk-jkma-mibc |        1.285 |          1.178 |            1.238 |         1.220 
 abcijk-jkmb-miac |        1.208 |          1.123 |            1.266 |         1.708 
 abcijk-jkmc-miab |        1.213 |          1.152 |            1.283 |         1.464 
 abcijk-eiab-jkec |        1.220 |          1.187 |            1.268 |         1.497 
 abcijk-eiac-jkeb |        1.233 |          1.110 |            1.190 |         1.700 
 abcijk-eibc-jkea |        1.186 |          1.127 |            1.307 |         1.247 
 abcijk-ejab-ikec |        1.226 |          1.124 |            1.271 |         1.531 
 abcijk-ejac-ikeb |        1.759 |          1.152 |            1.239 |         1.296 
 abcijk-ejbc-ikea |        1.227 |          1.078 |            1.314 |         1.306 
 abcijk-ekab-ijec |        1.542 |          0.987 |            1.281 |         1.466 
 abcijk-ekac-ijeb |        1.162 |          1.215 |            1.242 |         1.780 
 abcijk-ekbc-ijea |        1.130 |          1.154 |            1.297 |         1.257 
       abc-bk-akc |        1.082 |          1.056 |            1.279 |         1.309 
             MEAN |        1.195 |          1.147 |            1.301 |         1.471 

wrote /home/shinaoka/projects/tensor4all/tprims-rs/benchmarks/benchmarks/tcbench/results/2026-10-07-native/A2-1m-4t.pending.csv
