# threads: requested=8 pool=8 budget=8
host        : shinaoka-EVO-X1Pro
target      : x86_64 / linux
cpu features: avx2 fma avx512f avx512dq 
caches      : L1=48KiB/12-way/2sh L2=1024KiB/16-way/2sh L3=16384KiB/16-way/8sh (via sysfs), blocking=legacy
l3 domains  : t1=1 t4=1 t8=2 t16=4
baselines   : tblis=true blas=false
tblis       : abi 2.x, 8 thread(s)

running 49 cases at 16 MiB nominal tensor size, 5 reps, stress=none


=== f64 ===
             case |      m |     n |     k | regA | regB | plan GF/s | packed GF/s | upstream GF/s | tblis GF/s 
------------------+--------+-------+-------+------+------+-----------+-------------+---------------+------------
         ij-ik-kj |   1464 |  1448 |  1464 | 0.00 | 0.00 |     283.0 |       253.9 |         246.3 |      321.2 
       ij-ikl-ljk |    144 |   128 | 18432 | 1.00 | 1.00 |     193.5 |       212.4 |         194.5 |      134.0 
       ij-kil-lkj |    144 |   128 | 20736 | 1.00 | 1.00 |     182.8 |       183.0 |         168.7 |      119.1 
       ijk-ikl-lj |  18432 |   128 |   144 | 1.00 | 1.00 |     275.2 |       247.9 |         269.0 |      167.5 
       ijk-il-jlk |    144 | 18432 |   128 | 1.00 | 1.00 |     272.7 |       273.2 |         247.8 |      263.5 
       ijk-ilk-jl |  18432 |   144 |   128 | 1.00 | 1.00 |     301.5 |       310.7 |         291.1 |      198.3 
       ijk-ilk-lj |  18432 |   128 |   144 | 1.00 | 1.00 |     297.4 |       306.0 |         287.1 |      188.9 
     ijk-ilmk-mjl |   1920 |    40 |  1920 | 1.00 | 1.00 |     170.4 |       217.7 |         196.1 |      151.6 
   ijkl-imjn-lnkm |   1920 |  1920 |  1600 | 1.00 | 1.00 |     330.2 |       329.4 |         320.1 |      332.3 
   ijkl-imjn-nlmk |   1920 |  1600 |  1920 | 1.00 | 1.00 |     328.2 |       328.0 |         316.8 |      325.8 
   ijkl-imkn-jnlm |   1920 |  1920 |  1600 | 1.00 | 1.00 |     354.4 |       353.6 |         337.5 |      324.6 
   ijkl-imkn-njml |   1920 |  1600 |  1920 | 1.00 | 1.00 |     352.2 |       352.4 |         338.0 |      324.1 
   ijkl-imln-jnkm |   1920 |  1920 |  1600 | 1.00 | 1.00 |     355.1 |       355.3 |         339.0 |      323.2 
   ijkl-imln-njmk |   1920 |  1600 |  1920 | 1.00 | 1.00 |     354.8 |       353.1 |         340.7 |      324.9 
   ijkl-imnj-nlkm |   1920 |  1600 |  1920 | 1.00 | 1.00 |     326.8 |       326.9 |         316.4 |      329.0 
   ijkl-imnk-njml |   1920 |  1600 |  1920 | 1.00 | 1.00 |     351.8 |       352.1 |         339.2 |      327.0 
   ijkl-minj-nlmk |   1920 |  1600 |  2304 | 1.00 | 1.00 |     322.1 |       322.5 |         313.3 |      312.8 
   ijkl-mink-jnlm |   1920 |  1920 |  1920 | 1.00 | 1.00 |     353.8 |       352.6 |         337.4 |      325.1 
   ijkl-minl-njmk |   1920 |  1600 |  2304 | 1.00 | 1.00 |     349.4 |       349.6 |         339.1 |      320.7 
     aqrs-pa-pqrs |     48 | 64000 |    48 | 0.00 | 0.00 |     194.3 |       176.5 |         166.7 |      107.0 
     abrs-qb-aqrs |     40 | 76800 |    48 | 1.00 | 1.00 |     195.2 |       192.5 |         179.4 |      106.3 
     abcs-rc-abrs |     40 | 76800 |    48 | 1.00 | 1.00 |     151.7 |       154.2 |         146.1 |       72.7 
       abj-bka-kj |  20736 |   128 |   144 | 1.00 | 1.00 |     175.3 |       180.0 |         166.5 |      117.1 
       ajb-kba-jk |  18432 |   144 |   144 | 1.00 | 1.00 |     272.3 |       267.6 |         267.1 |      200.7 
     abjc-cbka-kj |  92160 |    40 |    48 | 1.00 | 1.00 |      41.4 |        41.6 |          42.9 |       56.9 
     ajbc-ckba-jk |  92160 |    48 |    40 | 1.00 | 1.00 |      69.7 |        69.7 |          66.4 |       86.9 
     abjc-kbac-jk |  76800 |    48 |    48 | 1.00 | 1.00 |     150.6 |       152.2 |         137.7 |       79.0 
   abjcd-dkbac-jk | 230400 |    24 |    20 | 1.00 | 1.00 |      50.4 |        50.6 |          46.5 |       43.0 
   adbjc-cbdka-kj | 230400 |    20 |    24 | 1.00 | 1.00 |      27.2 |        26.6 |          26.3 |       23.8 
   ajbdc-ckbad-jk | 230400 |    24 |    20 | 1.00 | 1.00 |      50.7 |        50.4 |          47.0 |       46.6 
 abcijk-ijma-mkbc |   6912 |  1728 |    24 | 1.00 | 1.00 |     156.9 |       157.1 |         154.3 |      147.9 
 abcijk-ijmb-mkac |   3456 |  3456 |    24 | 1.00 | 0.67 |     160.8 |       159.5 |         152.3 |       81.9 
 abcijk-ijmc-mkab |   3456 |  3456 |    24 | 1.00 | 0.67 |     156.1 |       160.0 |         151.6 |      106.8 
 abcijk-ikma-mjbc |   6912 |  1728 |    24 | 1.00 | 1.00 |     157.8 |       156.4 |         153.2 |      147.2 
 abcijk-ikmb-mjac |   3456 |  3456 |    24 | 1.00 | 0.67 |     160.6 |       159.7 |         152.8 |      120.6 
 abcijk-ikmc-mjab |   3456 |  3456 |    24 | 1.00 | 0.67 |     158.3 |       161.0 |         154.5 |      104.3 
 abcijk-jkma-mibc |   6912 |  1728 |    24 | 1.00 | 1.00 |     154.7 |       155.4 |         152.8 |      149.5 
 abcijk-jkmb-miac |   3456 |  3456 |    24 | 1.00 | 0.67 |     161.0 |       159.2 |         151.6 |       78.1 
 abcijk-jkmc-miab |   3456 |  3456 |    24 | 1.00 | 0.67 |     158.2 |       155.9 |         153.6 |       85.1 
 abcijk-eiab-jkec |   3456 |  3456 |    24 | 1.00 | 0.67 |     154.3 |       159.6 |         153.4 |       85.1 
 abcijk-eiac-jkeb |   3456 |  3456 |    24 | 1.00 | 0.67 |     161.1 |       158.9 |         151.4 |       77.9 
 abcijk-eibc-jkea |   1728 |  6912 |    24 | 1.00 | 1.00 |     154.8 |       154.5 |         155.0 |      150.3 
 abcijk-ejab-ikec |   3456 |  3456 |    24 | 1.00 | 0.67 |     158.6 |       158.0 |         152.8 |      105.1 
 abcijk-ejac-ikeb |   3456 |  3456 |    24 | 1.00 | 0.67 |     160.5 |       161.3 |         152.9 |      120.5 
 abcijk-ejbc-ikea |   1728 |  6912 |    24 | 1.00 | 1.00 |     157.6 |       156.6 |         154.9 |      147.5 
 abcijk-ekab-ijec |   3456 |  3456 |    24 | 1.00 | 0.67 |     158.0 |       158.7 |         153.8 |      107.8 
 abcijk-ekac-ijeb |   3456 |  3456 |    24 | 1.00 | 0.67 |     162.8 |       159.6 |         152.0 |       83.7 
 abcijk-ekbc-ijea |   1728 |  6912 |    24 | 1.00 | 1.00 |     155.5 |       156.2 |         153.4 |      147.9 
       abc-bk-akc |    144 | 18432 |   128 | 1.00 | 1.00 |     294.9 |       309.4 |         291.0 |      199.1 

=== c64 ===
             case |      m |     n |     k | regA | regB | plan GF/s | packed GF/s | upstream GF/s | tblis GF/s 
------------------+--------+-------+-------+------+------+-----------+-------------+---------------+------------
         ij-ik-kj |   1464 |  1448 |  1464 | 1.00 | 1.00 |     348.5 |       347.2 |         339.4 |      360.1 
       ij-ikl-ljk |    144 |   128 | 18432 | 1.00 | 1.00 |     168.5 |       168.2 |         161.4 |      192.7 
       ij-kil-lkj |    144 |   128 | 20736 | 1.00 | 1.00 |     164.7 |       162.9 |         159.0 |      173.0 
       ijk-ikl-lj |  18432 |   128 |   144 | 1.00 | 1.00 |     336.9 |       345.1 |         338.4 |      231.0 
       ijk-il-jlk |    144 | 18432 |   128 | 1.00 | 1.00 |     202.2 |       202.1 |         201.1 |      327.9 
       ijk-ilk-jl |  18432 |   144 |   128 | 1.00 | 1.00 |     368.3 |       369.0 |         363.4 |      258.8 
       ijk-ilk-lj |  18432 |   128 |   144 | 1.00 | 1.00 |     356.3 |       356.1 |         350.2 |      251.7 
     ijk-ilmk-mjl |   1920 |    40 |  1920 | 1.00 | 1.00 |     243.7 |       273.1 |         261.5 |      201.7 
   ijkl-imjn-lnkm |   1920 |  1920 |  1600 | 1.00 | 0.90 |     346.4 |       345.8 |         339.0 |      351.4 
   ijkl-imjn-nlmk |   1920 |  1600 |  1920 | 1.00 | 0.90 |     351.2 |       351.6 |         344.5 |      352.7 
   ijkl-imkn-jnlm |   1920 |  1920 |  1600 | 1.00 | 1.00 |     362.1 |       362.0 |         354.7 |      346.6 
   ijkl-imkn-njml |   1920 |  1600 |  1920 | 1.00 | 0.90 |     357.9 |       357.3 |         349.0 |      350.6 
   ijkl-imln-jnkm |   1920 |  1920 |  1600 | 1.00 | 1.00 |     363.7 |       364.0 |         356.0 |      347.0 
   ijkl-imln-njmk |   1920 |  1600 |  1920 | 1.00 | 0.90 |     358.8 |       358.5 |         350.5 |      353.2 
   ijkl-imnj-nlkm |   1920 |  1600 |  1920 | 1.00 | 0.90 |     352.0 |       352.5 |         344.5 |      353.3 
   ijkl-imnk-njml |   1920 |  1600 |  1920 | 1.00 | 0.90 |     358.4 |       359.0 |         347.5 |      351.1 
   ijkl-minj-nlmk |   1920 |  1600 |  2304 | 1.00 | 0.90 |     352.7 |       352.4 |         349.0 |      347.7 
   ijkl-mink-jnlm |   1920 |  1920 |  1920 | 1.00 | 1.00 |     363.3 |       363.4 |         355.9 |      348.8 
   ijkl-minl-njmk |   1920 |  1600 |  2304 | 1.00 | 0.90 |     359.8 |       360.0 |         352.7 |      350.4 
     aqrs-pa-pqrs |     48 | 64000 |    48 | 1.00 | 1.00 |     268.7 |       270.0 |         261.5 |      199.6 
     abrs-qb-aqrs |     40 | 76800 |    48 | 1.00 | 1.00 |     282.7 |       283.5 |         280.6 |      139.4 
     abcs-rc-abrs |     40 | 76800 |    48 | 1.00 | 1.00 |     240.1 |       250.2 |         242.3 |      129.9 
       abj-bka-kj |  20736 |   128 |   144 | 1.00 | 1.00 |     282.4 |       280.3 |         277.9 |      194.6 
       ajb-kba-jk |  18432 |   144 |   144 | 1.00 | 1.00 |     354.9 |       368.2 |         362.9 |      268.7 
     abjc-cbka-kj |  92160 |    40 |    48 | 1.00 | 1.00 |     123.4 |       114.9 |         117.6 |      112.1 
     ajbc-ckba-jk |  92160 |    48 |    40 | 1.00 | 1.00 |      35.3 |        34.9 |          33.6 |      144.4 
     abjc-kbac-jk |  76800 |    48 |    48 | 1.00 | 1.00 |     207.7 |       208.3 |         197.2 |      131.9 
   abjcd-dkbac-jk | 230400 |    24 |    20 | 0.67 | 1.00 |     101.0 |        98.1 |          95.9 |       82.3 
   adbjc-cbdka-kj | 230400 |    20 |    24 | 0.67 | 1.00 |      63.6 |        65.0 |          62.7 |       61.2 
   ajbdc-ckbad-jk | 230400 |    24 |    20 | 1.00 | 1.00 |      32.1 |        32.0 |          27.6 |       92.1 
 abcijk-ijma-mkbc |   6912 |  1728 |    24 | 1.00 | 1.00 |     224.4 |       225.2 |         220.2 |      232.0 
 abcijk-ijmb-mkac |   3456 |  3456 |    24 | 1.00 | 1.00 |     259.7 |       255.7 |         271.0 |      170.0 
 abcijk-ijmc-mkab |   3456 |  3456 |    24 | 1.00 | 1.00 |     252.1 |       253.6 |         256.9 |      221.2 
 abcijk-ikma-mjbc |   6912 |  1728 |    24 | 1.00 | 1.00 |     217.5 |       216.9 |         218.5 |      233.8 
 abcijk-ikmb-mjac |   3456 |  3456 |    24 | 1.00 | 1.00 |     267.5 |       261.0 |         275.0 |      209.7 
 abcijk-ikmc-mjab |   3456 |  3456 |    24 | 1.00 | 1.00 |     253.6 |       254.6 |         257.5 |      196.6 
 abcijk-jkma-mibc |   6912 |  1728 |    24 | 1.00 | 1.00 |     222.4 |       225.8 |         218.6 |      235.6 
 abcijk-jkmb-miac |   3456 |  3456 |    24 | 1.00 | 1.00 |     287.3 |       288.0 |         281.9 |      134.3 
 abcijk-jkmc-miab |   3456 |  3456 |    24 | 1.00 | 1.00 |     253.1 |       253.1 |         251.7 |      155.4 
 abcijk-eiab-jkec |   3456 |  3456 |    24 | 1.00 | 1.00 |     254.7 |       254.7 |         254.0 |      157.5 
 abcijk-eiac-jkeb |   3456 |  3456 |    24 | 1.00 | 1.00 |     268.7 |       285.5 |         278.6 |      134.8 
 abcijk-eibc-jkea |   1728 |  6912 |    24 | 1.00 | 1.00 |     226.6 |       225.2 |         221.5 |      235.6 
 abcijk-ejab-ikec |   3456 |  3456 |    24 | 1.00 | 1.00 |     255.4 |       257.7 |         255.7 |      197.0 
 abcijk-ejac-ikeb |   3456 |  3456 |    24 | 1.00 | 1.00 |     275.9 |       259.8 |         263.9 |      205.2 
 abcijk-ejbc-ikea |   1728 |  6912 |    24 | 1.00 | 1.00 |     217.8 |       219.4 |         213.6 |      234.0 
 abcijk-ekab-ijec |   3456 |  3456 |    24 | 1.00 | 1.00 |     254.7 |       254.3 |         249.7 |      220.8 
 abcijk-ekac-ijeb |   3456 |  3456 |    24 | 1.00 | 1.00 |     270.7 |       276.9 |         265.5 |      170.9 
 abcijk-ekbc-ijea |   1728 |  6912 |    24 | 1.00 | 1.00 |     225.3 |       224.9 |         222.3 |      233.0 
       abc-bk-akc |    144 | 18432 |   128 | 1.00 | 1.00 |     366.1 |       343.7 |         361.0 |      258.5 

=== complex efficiency ratio (c64 GF/s over f64 GF/s; 1.0 = no penalty) ===
             case | plan c64/f64 | packed c64/f64 | upstream c64/f64 | tblis c64/f64 
------------------+--------------+----------------+------------------+---------------
         ij-ik-kj |        1.231 |          1.367 |            1.378 |         1.121 
       ij-ikl-ljk |        0.871 |          0.792 |            0.830 |         1.438 
       ij-kil-lkj |        0.901 |          0.891 |            0.943 |         1.453 
       ijk-ikl-lj |        1.224 |          1.392 |            1.258 |         1.379 
       ijk-il-jlk |        0.741 |          0.740 |            0.811 |         1.245 
       ijk-ilk-jl |        1.222 |          1.188 |            1.248 |         1.305 
       ijk-ilk-lj |        1.198 |          1.164 |            1.220 |         1.333 
     ijk-ilmk-mjl |        1.430 |          1.254 |            1.333 |         1.330 
   ijkl-imjn-lnkm |        1.049 |          1.050 |            1.059 |         1.057 
   ijkl-imjn-nlmk |        1.070 |          1.072 |            1.088 |         1.083 
   ijkl-imkn-jnlm |        1.022 |          1.024 |            1.051 |         1.068 
   ijkl-imkn-njml |        1.016 |          1.014 |            1.033 |         1.082 
   ijkl-imln-jnkm |        1.024 |          1.024 |            1.050 |         1.074 
   ijkl-imln-njmk |        1.011 |          1.015 |            1.029 |         1.087 
   ijkl-imnj-nlkm |        1.077 |          1.079 |            1.089 |         1.074 
   ijkl-imnk-njml |        1.019 |          1.019 |            1.025 |         1.074 
   ijkl-minj-nlmk |        1.095 |          1.093 |            1.114 |         1.112 
   ijkl-mink-jnlm |        1.027 |          1.031 |            1.055 |         1.073 
   ijkl-minl-njmk |        1.030 |          1.030 |            1.040 |         1.093 
     aqrs-pa-pqrs |        1.383 |          1.530 |            1.569 |         1.866 
     abrs-qb-aqrs |        1.448 |          1.473 |            1.564 |         1.311 
     abcs-rc-abrs |        1.582 |          1.623 |            1.659 |         1.787 
       abj-bka-kj |        1.611 |          1.557 |            1.669 |         1.661 
       ajb-kba-jk |        1.303 |          1.376 |            1.358 |         1.338 
     abjc-cbka-kj |        2.980 |          2.763 |            2.741 |         1.972 
     ajbc-ckba-jk |        0.506 |          0.501 |            0.505 |         1.662 
     abjc-kbac-jk |        1.380 |          1.369 |            1.433 |         1.671 
   abjcd-dkbac-jk |        2.005 |          1.940 |            2.063 |         1.913 
   adbjc-cbdka-kj |        2.334 |          2.439 |            2.387 |         2.568 
   ajbdc-ckbad-jk |        0.634 |          0.636 |            0.586 |         1.975 
 abcijk-ijma-mkbc |        1.431 |          1.433 |            1.427 |         1.569 
 abcijk-ijmb-mkac |        1.615 |          1.603 |            1.779 |         2.076 
 abcijk-ijmc-mkab |        1.615 |          1.585 |            1.695 |         2.071 
 abcijk-ikma-mjbc |        1.378 |          1.386 |            1.426 |         1.588 
 abcijk-ikmb-mjac |        1.666 |          1.635 |            1.799 |         1.738 
 abcijk-ikmc-mjab |        1.602 |          1.581 |            1.666 |         1.884 
 abcijk-jkma-mibc |        1.438 |          1.453 |            1.431 |         1.576 
 abcijk-jkmb-miac |        1.784 |          1.809 |            1.859 |         1.720 
 abcijk-jkmc-miab |        1.600 |          1.624 |            1.639 |         1.827 
 abcijk-eiab-jkec |        1.651 |          1.595 |            1.656 |         1.850 
 abcijk-eiac-jkeb |        1.667 |          1.797 |            1.840 |         1.731 
 abcijk-eibc-jkea |        1.464 |          1.458 |            1.429 |         1.568 
 abcijk-ejab-ikec |        1.610 |          1.630 |            1.673 |         1.874 
 abcijk-ejac-ikeb |        1.719 |          1.611 |            1.726 |         1.703 
 abcijk-ejbc-ikea |        1.382 |          1.401 |            1.379 |         1.586 
 abcijk-ekab-ijec |        1.612 |          1.603 |            1.623 |         2.048 
 abcijk-ekac-ijeb |        1.663 |          1.735 |            1.747 |         2.042 
 abcijk-ekbc-ijea |        1.449 |          1.439 |            1.449 |         1.575 
       abc-bk-akc |        1.241 |          1.111 |            1.241 |         1.299 
             MEAN |        1.368 |          1.366 |            1.401 |         1.541 

wrote /home/shinaoka/projects/tensor4all/tprims-rs/benchmarks/benchmarks/tcbench/results/2026-10-07-native/A2-16m-8t.pending.csv
