# threads: requested=1 pool=1 budget=1
host        : shinaoka-EVO-X1Pro
target      : x86_64 / linux
cpu features: avx2 fma avx512f avx512dq 
caches      : L1=48KiB/12-way/2sh L2=1024KiB/16-way/2sh L3=8192KiB/16-way/16sh (via sysfs), blocking=legacy
l3 domains  : t1=1
baselines   : tblis=true blas=false
tblis       : abi 2.x, 1 thread(s)

running 49 cases at 16 MiB nominal tensor size, 5 reps, stress=none


=== f64 ===
             case |      m |     n |     k | regA | regB | plan GF/s | packed GF/s | upstream GF/s | tblis GF/s 
------------------+--------+-------+-------+------+------+-----------+-------------+---------------+------------
         ij-ik-kj |   1464 |  1448 |  1464 | 0.00 | 0.00 |      36.8 |        47.7 |          47.7 |       46.5 
       ij-ikl-ljk |    144 |   128 | 18432 | 1.00 | 1.00 |      36.8 |        36.8 |          36.7 |       27.3 
       ij-kil-lkj |    144 |   128 | 20736 | 1.00 | 1.00 |      34.9 |        34.9 |          35.2 |       25.3 
       ijk-ikl-lj |  18432 |   128 |   144 | 1.00 | 1.00 |      41.7 |        41.7 |          42.7 |       34.1 
       ijk-il-jlk |    144 | 18432 |   128 | 1.00 | 1.00 |      37.3 |        36.9 |          36.1 |       36.6 
       ijk-ilk-jl |  18432 |   144 |   128 | 1.00 | 1.00 |      42.2 |        42.2 |          44.0 |       36.0 
       ijk-ilk-lj |  18432 |   128 |   144 | 1.00 | 1.00 |      42.0 |        42.0 |          43.7 |       34.0 
     ijk-ilmk-mjl |   1920 |    40 |  1920 | 1.00 | 1.00 |      38.9 |        39.1 |          40.1 |       22.1 
   ijkl-imjn-lnkm |   1920 |  1920 |  1600 | 1.00 | 1.00 |      45.0 |        44.9 |          46.0 |       46.6 
   ijkl-imjn-nlmk |   1920 |  1600 |  1920 | 1.00 | 1.00 |      45.4 |        45.4 |          45.7 |       45.6 
   ijkl-imkn-jnlm |   1920 |  1920 |  1600 | 1.00 | 1.00 |      45.0 |        45.0 |          45.6 |       46.6 
   ijkl-imkn-njml |   1920 |  1600 |  1920 | 1.00 | 1.00 |      45.5 |        45.4 |          46.0 |       45.8 
   ijkl-imln-jnkm |   1920 |  1920 |  1600 | 1.00 | 1.00 |      45.2 |        45.2 |          45.7 |       46.0 
   ijkl-imln-njmk |   1920 |  1600 |  1920 | 1.00 | 1.00 |      45.6 |        45.6 |          46.1 |       45.4 
   ijkl-imnj-nlkm |   1920 |  1600 |  1920 | 1.00 | 1.00 |      45.5 |        45.5 |          45.9 |       46.0 
   ijkl-imnk-njml |   1920 |  1600 |  1920 | 1.00 | 1.00 |      45.5 |        45.5 |          46.2 |       46.3 
   ijkl-minj-nlmk |   1920 |  1600 |  2304 | 1.00 | 1.00 |      45.1 |        45.1 |          45.2 |       45.7 
   ijkl-mink-jnlm |   1920 |  1920 |  1920 | 1.00 | 1.00 |      44.9 |        44.9 |          45.3 |       46.0 
   ijkl-minl-njmk |   1920 |  1600 |  2304 | 1.00 | 1.00 |      44.9 |        45.0 |          45.8 |       45.6 
     aqrs-pa-pqrs |     48 | 64000 |    48 | 0.00 | 0.00 |      40.3 |        31.0 |          29.7 |       18.9 
     abrs-qb-aqrs |     40 | 76800 |    48 | 1.00 | 1.00 |      31.8 |        31.7 |          34.7 |       21.2 
     abcs-rc-abrs |     40 | 76800 |    48 | 1.00 | 1.00 |      30.0 |        30.1 |          31.6 |       21.0 
       abj-bka-kj |  20736 |   128 |   144 | 1.00 | 1.00 |      38.5 |        38.4 |          38.7 |       26.4 
       ajb-kba-jk |  18432 |   144 |   144 | 1.00 | 1.00 |      41.9 |        41.9 |          42.9 |       37.9 
     abjc-cbka-kj |  92160 |    40 |    48 | 1.00 | 1.00 |       9.8 |         9.9 |           8.8 |       13.5 
     ajbc-ckba-jk |  92160 |    48 |    40 | 1.00 | 1.00 |      16.0 |        16.0 |          15.3 |       20.0 
     abjc-kbac-jk |  76800 |    48 |    48 | 1.00 | 1.00 |      26.7 |        26.7 |          29.3 |       18.5 
   abjcd-dkbac-jk | 230400 |    24 |    20 | 1.00 | 1.00 |      12.2 |        12.1 |          12.2 |       10.1 
   adbjc-cbdka-kj | 230400 |    20 |    24 | 1.00 | 1.00 |       5.2 |         5.2 |           5.1 |        5.3 
   ajbdc-ckbad-jk | 230400 |    24 |    20 | 1.00 | 1.00 |      11.9 |        11.8 |          12.1 |       10.6 
 abcijk-ijma-mkbc |   6912 |  1728 |    24 | 1.00 | 1.00 |      32.9 |        33.1 |          39.2 |       33.4 
 abcijk-ijmb-mkac |   3456 |  3456 |    24 | 1.00 | 0.67 |      30.8 |        30.9 |          37.9 |       24.0 
 abcijk-ijmc-mkab |   3456 |  3456 |    24 | 1.00 | 0.67 |      31.6 |        31.6 |          37.4 |       31.5 
 abcijk-ikma-mjbc |   6912 |  1728 |    24 | 1.00 | 1.00 |      32.6 |        32.9 |          39.7 |       33.3 
 abcijk-ikmb-mjac |   3456 |  3456 |    24 | 1.00 | 0.67 |      30.8 |        31.0 |          38.0 |       29.6 
 abcijk-ikmc-mjab |   3456 |  3456 |    24 | 1.00 | 0.67 |      31.6 |        31.6 |          37.2 |       25.8 
 abcijk-jkma-mibc |   6912 |  1728 |    24 | 1.00 | 1.00 |      33.2 |        33.3 |          40.3 |       33.6 
 abcijk-jkmb-miac |   3456 |  3456 |    24 | 1.00 | 0.67 |      31.1 |        31.1 |          37.8 |       16.3 
 abcijk-jkmc-miab |   3456 |  3456 |    24 | 1.00 | 0.67 |      31.9 |        32.0 |          37.7 |       21.7 
 abcijk-eiab-jkec |   3456 |  3456 |    24 | 1.00 | 0.67 |      32.0 |        31.9 |          37.7 |       21.6 
 abcijk-eiac-jkeb |   3456 |  3456 |    24 | 1.00 | 0.67 |      31.2 |        31.3 |          37.7 |       16.4 
 abcijk-eibc-jkea |   1728 |  6912 |    24 | 1.00 | 1.00 |      33.1 |        33.2 |          39.6 |       33.2 
 abcijk-ejab-ikec |   3456 |  3456 |    24 | 1.00 | 0.67 |      31.6 |        31.5 |          37.4 |       25.9 
 abcijk-ejac-ikeb |   3456 |  3456 |    24 | 1.00 | 0.67 |      30.9 |        31.0 |          38.3 |       29.4 
 abcijk-ejbc-ikea |   1728 |  6912 |    24 | 1.00 | 1.00 |      32.6 |        32.7 |          38.7 |       33.3 
 abcijk-ekab-ijec |   3456 |  3456 |    24 | 1.00 | 0.67 |      31.7 |        31.8 |          37.4 |       32.0 
 abcijk-ekac-ijeb |   3456 |  3456 |    24 | 1.00 | 0.67 |      31.0 |        31.0 |          38.1 |       24.0 
 abcijk-ekbc-ijea |   1728 |  6912 |    24 | 1.00 | 1.00 |      32.6 |        32.9 |          39.4 |       33.6 
       abc-bk-akc |    144 | 18432 |   128 | 1.00 | 1.00 |      42.7 |        42.6 |          44.6 |       36.6 

=== c64 ===
             case |      m |     n |     k | regA | regB | plan GF/s | packed GF/s | upstream GF/s | tblis GF/s 
------------------+--------+-------+-------+------+------+-----------+-------------+---------------+------------
         ij-ik-kj |   1464 |  1448 |  1464 | 1.00 | 1.00 |      47.9 |        47.9 |          48.0 |       47.0 
       ij-ikl-ljk |    144 |   128 | 18432 | 1.00 | 1.00 |      41.4 |        41.5 |          40.0 |       33.5 
       ij-kil-lkj |    144 |   128 | 20736 | 1.00 | 1.00 |      39.6 |        39.5 |          38.4 |       31.2 
       ijk-ikl-lj |  18432 |   128 |   144 | 1.00 | 1.00 |      45.7 |        45.5 |          46.0 |       36.3 
       ijk-il-jlk |    144 | 18432 |   128 | 1.00 | 1.00 |      44.7 |        44.7 |          43.8 |       42.6 
       ijk-ilk-jl |  18432 |   144 |   128 | 1.00 | 1.00 |      47.8 |        47.7 |          48.2 |       39.4 
       ijk-ilk-lj |  18432 |   128 |   144 | 1.00 | 1.00 |      46.4 |        46.5 |          46.8 |       38.0 
     ijk-ilmk-mjl |   1920 |    40 |  1920 | 1.00 | 1.00 |      41.1 |        41.2 |          41.0 |       28.6 
   ijkl-imjn-lnkm |   1920 |  1920 |  1600 | 1.00 | 0.90 |      47.4 |        47.4 |          47.6 |       45.5 
   ijkl-imjn-nlmk |   1920 |  1600 |  1920 | 1.00 | 0.90 |      47.4 |        47.4 |          47.5 |       45.3 
   ijkl-imkn-jnlm |   1920 |  1920 |  1600 | 1.00 | 1.00 |      47.6 |        47.6 |          47.7 |       45.6 
   ijkl-imkn-njml |   1920 |  1600 |  1920 | 1.00 | 0.90 |      47.6 |        47.7 |          47.6 |       45.3 
   ijkl-imln-jnkm |   1920 |  1920 |  1600 | 1.00 | 1.00 |      47.8 |        47.8 |          47.8 |       45.7 
   ijkl-imln-njmk |   1920 |  1600 |  1920 | 1.00 | 0.90 |      47.8 |        47.8 |          47.8 |       45.6 
   ijkl-imnj-nlkm |   1920 |  1600 |  1920 | 1.00 | 0.90 |      47.4 |        47.4 |          47.5 |       45.7 
   ijkl-imnk-njml |   1920 |  1600 |  1920 | 1.00 | 0.90 |      47.7 |        47.7 |          47.8 |       44.9 
   ijkl-minj-nlmk |   1920 |  1600 |  2304 | 1.00 | 0.90 |      46.5 |        46.6 |          46.7 |       45.1 
   ijkl-mink-jnlm |   1920 |  1920 |  1920 | 1.00 | 1.00 |      47.1 |        47.1 |          47.0 |       45.9 
   ijkl-minl-njmk |   1920 |  1600 |  2304 | 1.00 | 0.90 |      47.0 |        47.0 |          47.0 |       45.2 
     aqrs-pa-pqrs |     48 | 64000 |    48 | 1.00 | 1.00 |      36.9 |        37.0 |          36.8 |       28.9 
     abrs-qb-aqrs |     40 | 76800 |    48 | 1.00 | 1.00 |      37.8 |        37.8 |          38.8 |       29.3 
     abcs-rc-abrs |     40 | 76800 |    48 | 1.00 | 1.00 |      37.8 |        37.9 |          38.1 |       29.1 
       abj-bka-kj |  20736 |   128 |   144 | 1.00 | 1.00 |      40.5 |        40.4 |          40.5 |       31.2 
       ajb-kba-jk |  18432 |   144 |   144 | 1.00 | 1.00 |      47.9 |        47.9 |          48.2 |       40.5 
     abjc-cbka-kj |  92160 |    40 |    48 | 1.00 | 1.00 |      18.8 |        18.8 |          18.8 |       22.6 
     ajbc-ckba-jk |  92160 |    48 |    40 | 1.00 | 1.00 |      24.8 |        24.9 |          25.2 |       33.0 
     abjc-kbac-jk |  76800 |    48 |    48 | 1.00 | 1.00 |      38.6 |        38.6 |          39.4 |       26.5 
   abjcd-dkbac-jk | 230400 |    24 |    20 | 0.67 | 1.00 |      19.1 |        19.0 |          19.7 |       19.4 
   adbjc-cbdka-kj | 230400 |    20 |    24 | 0.67 | 1.00 |      12.1 |        12.1 |          11.3 |       17.5 
   ajbdc-ckbad-jk | 230400 |    24 |    20 | 1.00 | 1.00 |      18.7 |        18.8 |          19.3 |       19.7 
 abcijk-ijma-mkbc |   6912 |  1728 |    24 | 1.00 | 1.00 |      38.9 |        38.9 |          42.5 |       37.4 
 abcijk-ijmb-mkac |   3456 |  3456 |    24 | 1.00 | 1.00 |      40.1 |        40.1 |          43.6 |       33.0 
 abcijk-ijmc-mkab |   3456 |  3456 |    24 | 1.00 | 1.00 |      40.6 |        40.7 |          42.8 |       39.2 
 abcijk-ikma-mjbc |   6912 |  1728 |    24 | 1.00 | 1.00 |      38.8 |        38.8 |          42.5 |       37.5 
 abcijk-ikmb-mjac |   3456 |  3456 |    24 | 1.00 | 1.00 |      40.1 |        40.1 |          43.8 |       34.9 
 abcijk-ikmc-mjab |   3456 |  3456 |    24 | 1.00 | 1.00 |      40.7 |        40.7 |          43.0 |       35.5 
 abcijk-jkma-mibc |   6912 |  1728 |    24 | 1.00 | 1.00 |      38.9 |        39.0 |          42.6 |       37.4 
 abcijk-jkmb-miac |   3456 |  3456 |    24 | 1.00 | 1.00 |      39.6 |        39.5 |          43.5 |       27.8 
 abcijk-jkmc-miab |   3456 |  3456 |    24 | 1.00 | 1.00 |      40.1 |        40.3 |          42.8 |       34.5 
 abcijk-eiab-jkec |   3456 |  3456 |    24 | 1.00 | 1.00 |      40.3 |        40.3 |          42.9 |       34.9 
 abcijk-eiac-jkeb |   3456 |  3456 |    24 | 1.00 | 1.00 |      39.6 |        39.6 |          43.5 |       27.9 
 abcijk-eibc-jkea |   1728 |  6912 |    24 | 1.00 | 1.00 |      39.0 |        38.9 |          42.5 |       37.5 
 abcijk-ejab-ikec |   3456 |  3456 |    24 | 1.00 | 1.00 |      40.7 |        40.7 |          43.4 |       35.2 
 abcijk-ejac-ikeb |   3456 |  3456 |    24 | 1.00 | 1.00 |      40.0 |        40.0 |          43.7 |       35.5 
 abcijk-ejbc-ikea |   1728 |  6912 |    24 | 1.00 | 1.00 |      38.8 |        39.0 |          42.5 |       37.4 
 abcijk-ekab-ijec |   3456 |  3456 |    24 | 1.00 | 1.00 |      40.7 |        40.7 |          43.3 |       39.4 
 abcijk-ekac-ijeb |   3456 |  3456 |    24 | 1.00 | 1.00 |      40.1 |        40.1 |          43.9 |       33.1 
 abcijk-ekbc-ijea |   1728 |  6912 |    24 | 1.00 | 1.00 |      38.9 |        38.9 |          42.6 |       37.3 
       abc-bk-akc |    144 | 18432 |   128 | 1.00 | 1.00 |      47.6 |        47.6 |          48.4 |       38.8 

=== complex efficiency ratio (c64 GF/s over f64 GF/s; 1.0 = no penalty) ===
             case | plan c64/f64 | packed c64/f64 | upstream c64/f64 | tblis c64/f64 
------------------+--------------+----------------+------------------+---------------
         ij-ik-kj |        1.304 |          1.004 |            1.007 |         1.012 
       ij-ikl-ljk |        1.126 |          1.129 |            1.089 |         1.226 
       ij-kil-lkj |        1.134 |          1.131 |            1.092 |         1.233 
       ijk-ikl-lj |        1.094 |          1.091 |            1.076 |         1.066 
       ijk-il-jlk |        1.197 |          1.212 |            1.213 |         1.164 
       ijk-ilk-jl |        1.132 |          1.131 |            1.095 |         1.094 
       ijk-ilk-lj |        1.105 |          1.106 |            1.070 |         1.120 
     ijk-ilmk-mjl |        1.057 |          1.054 |            1.022 |         1.293 
   ijkl-imjn-lnkm |        1.054 |          1.054 |            1.034 |         0.977 
   ijkl-imjn-nlmk |        1.042 |          1.042 |            1.039 |         0.995 
   ijkl-imkn-jnlm |        1.056 |          1.059 |            1.046 |         0.981 
   ijkl-imkn-njml |        1.048 |          1.049 |            1.035 |         0.988 
   ijkl-imln-jnkm |        1.057 |          1.057 |            1.046 |         0.994 
   ijkl-imln-njmk |        1.050 |          1.049 |            1.035 |         1.005 
   ijkl-imnj-nlkm |        1.041 |          1.041 |            1.033 |         0.993 
   ijkl-imnk-njml |        1.047 |          1.048 |            1.034 |         0.971 
   ijkl-minj-nlmk |        1.032 |          1.033 |            1.033 |         0.988 
   ijkl-mink-jnlm |        1.050 |          1.048 |            1.038 |         0.997 
   ijkl-minl-njmk |        1.046 |          1.044 |            1.026 |         0.992 
     aqrs-pa-pqrs |        0.914 |          1.194 |            1.237 |         1.529 
     abrs-qb-aqrs |        1.190 |          1.190 |            1.118 |         1.382 
     abcs-rc-abrs |        1.261 |          1.259 |            1.207 |         1.382 
       abj-bka-kj |        1.053 |          1.053 |            1.049 |         1.179 
       ajb-kba-jk |        1.144 |          1.144 |            1.125 |         1.069 
     abjc-cbka-kj |        1.917 |          1.907 |            2.130 |         1.674 
     ajbc-ckba-jk |        1.553 |          1.554 |            1.639 |         1.651 
     abjc-kbac-jk |        1.447 |          1.445 |            1.344 |         1.427 
   abjcd-dkbac-jk |        1.567 |          1.573 |            1.623 |         1.928 
   adbjc-cbdka-kj |        2.337 |          2.338 |            2.212 |         3.289 
   ajbdc-ckbad-jk |        1.576 |          1.590 |            1.600 |         1.852 
 abcijk-ijma-mkbc |        1.181 |          1.175 |            1.086 |         1.121 
 abcijk-ijmb-mkac |        1.300 |          1.295 |            1.148 |         1.374 
 abcijk-ijmc-mkab |        1.283 |          1.287 |            1.144 |         1.243 
 abcijk-ikma-mjbc |        1.190 |          1.180 |            1.069 |         1.126 
 abcijk-ikmb-mjac |        1.302 |          1.295 |            1.155 |         1.181 
 abcijk-ikmc-mjab |        1.287 |          1.286 |            1.154 |         1.378 
 abcijk-jkma-mibc |        1.172 |          1.171 |            1.057 |         1.114 
 abcijk-jkmb-miac |        1.271 |          1.272 |            1.151 |         1.706 
 abcijk-jkmc-miab |        1.258 |          1.261 |            1.135 |         1.594 
 abcijk-eiab-jkec |        1.257 |          1.262 |            1.138 |         1.614 
 abcijk-eiac-jkeb |        1.270 |          1.264 |            1.156 |         1.706 
 abcijk-eibc-jkea |        1.176 |          1.174 |            1.073 |         1.129 
 abcijk-ejab-ikec |        1.288 |          1.293 |            1.162 |         1.357 
 abcijk-ejac-ikeb |        1.293 |          1.292 |            1.140 |         1.207 
 abcijk-ejbc-ikea |        1.190 |          1.192 |            1.099 |         1.124 
 abcijk-ekab-ijec |        1.282 |          1.280 |            1.158 |         1.234 
 abcijk-ekac-ijeb |        1.297 |          1.293 |            1.153 |         1.378 
 abcijk-ekbc-ijea |        1.192 |          1.181 |            1.082 |         1.111 
       abc-bk-akc |        1.115 |          1.117 |            1.086 |         1.061 
             MEAN |        1.229 |          1.229 |            1.177 |         1.290 

wrote /home/shinaoka/projects/tensor4all/tprims-rs/benchmarks/benchmarks/tcbench/results/scatter-wired/candidate/A-16m-1t.pending.csv
