# threads: requested=8 pool=8 budget=8
host        : shinaoka-EVO-X1Pro
target      : x86_64 / linux
cpu features: avx2 fma avx512f avx512dq 
caches      : L1=48KiB/12-way/2sh L2=1024KiB/16-way/2sh L3=8192KiB/16-way/16sh (via sysfs), blocking=legacy
l3 domains  : t1=1 t4=1 t8=1 t16=2
baselines   : tblis=true blas=false
tblis       : abi 2.x, 8 thread(s)

running 49 cases at 16 MiB nominal tensor size, 5 reps, stress=none


=== f64 ===
             case |      m |     n |     k | regA | regB | plan GF/s | packed GF/s | upstream GF/s | tblis GF/s 
------------------+--------+-------+-------+------+------+-----------+-------------+---------------+------------
         ij-ik-kj |   1464 |  1448 |  1464 | 0.00 | 0.00 |     282.5 |       247.9 |         246.8 |      318.1 
       ij-ikl-ljk |    144 |   128 | 18432 | 1.00 | 1.00 |     194.8 |       207.4 |         196.2 |      133.5 
       ij-kil-lkj |    144 |   128 | 20736 | 1.00 | 1.00 |     180.4 |       180.4 |         168.6 |      118.7 
       ijk-ikl-lj |  18432 |   128 |   144 | 1.00 | 1.00 |     261.7 |       272.8 |         273.1 |      169.0 
       ijk-il-jlk |    144 | 18432 |   128 | 1.00 | 1.00 |     275.3 |       280.0 |         262.1 |      263.3 
       ijk-ilk-jl |  18432 |   144 |   128 | 1.00 | 1.00 |     248.2 |       298.9 |         292.1 |      195.3 
       ijk-ilk-lj |  18432 |   128 |   144 | 1.00 | 1.00 |     245.7 |       296.1 |         288.8 |      188.5 
     ijk-ilmk-mjl |   1920 |    40 |  1920 | 1.00 | 1.00 |     170.5 |       205.9 |         197.4 |      146.5 
   ijkl-imjn-lnkm |   1920 |  1920 |  1600 | 1.00 | 1.00 |     319.8 |       318.6 |         320.6 |      331.4 
   ijkl-imjn-nlmk |   1920 |  1600 |  1920 | 1.00 | 1.00 |     315.9 |       317.0 |         318.8 |      327.7 
   ijkl-imkn-jnlm |   1920 |  1920 |  1600 | 1.00 | 1.00 |     338.9 |       338.7 |         340.6 |      324.9 
   ijkl-imkn-njml |   1920 |  1600 |  1920 | 1.00 | 1.00 |     328.7 |       330.0 |         334.6 |      326.8 
   ijkl-imln-jnkm |   1920 |  1920 |  1600 | 1.00 | 1.00 |     335.0 |       335.5 |         340.4 |      324.9 
   ijkl-imln-njmk |   1920 |  1600 |  1920 | 1.00 | 1.00 |     332.1 |       336.4 |         339.7 |      326.9 
   ijkl-imnj-nlkm |   1920 |  1600 |  1920 | 1.00 | 1.00 |     315.3 |       316.1 |         315.8 |      331.5 
   ijkl-imnk-njml |   1920 |  1600 |  1920 | 1.00 | 1.00 |     327.9 |       330.2 |         333.9 |      329.4 
   ijkl-minj-nlmk |   1920 |  1600 |  2304 | 1.00 | 1.00 |     314.0 |       314.4 |         315.1 |      315.4 
   ijkl-mink-jnlm |   1920 |  1920 |  1920 | 1.00 | 1.00 |     332.6 |       331.8 |         337.8 |      327.4 
   ijkl-minl-njmk |   1920 |  1600 |  2304 | 1.00 | 1.00 |     336.6 |       334.5 |         334.2 |      310.8 
     aqrs-pa-pqrs |     48 | 64000 |    48 | 0.00 | 0.00 |     187.4 |       172.9 |         160.6 |      106.9 
     abrs-qb-aqrs |     40 | 76800 |    48 | 1.00 | 1.00 |     154.2 |       181.8 |         175.1 |       94.1 
     abcs-rc-abrs |     40 | 76800 |    48 | 1.00 | 1.00 |     129.2 |       146.6 |         143.1 |       70.5 
       abj-bka-kj |  20736 |   128 |   144 | 1.00 | 1.00 |     184.6 |       168.3 |         168.2 |      119.6 
       ajb-kba-jk |  18432 |   144 |   144 | 1.00 | 1.00 |     275.7 |       278.9 |         267.8 |      200.7 
     abjc-cbka-kj |  92160 |    40 |    48 | 1.00 | 1.00 |      39.6 |        43.1 |          41.6 |       57.7 
     ajbc-ckba-jk |  92160 |    48 |    40 | 1.00 | 1.00 |      68.7 |        68.9 |          66.3 |       85.7 
     abjc-kbac-jk |  76800 |    48 |    48 | 1.00 | 1.00 |     146.9 |       144.9 |         137.2 |       72.7 
   abjcd-dkbac-jk | 230400 |    24 |    20 | 1.00 | 1.00 |      49.7 |        49.4 |          46.1 |       42.2 
   adbjc-cbdka-kj | 230400 |    20 |    24 | 1.00 | 1.00 |      27.1 |        27.0 |          26.2 |       23.2 
   ajbdc-ckbad-jk | 230400 |    24 |    20 | 1.00 | 1.00 |      49.2 |        48.4 |          47.1 |       46.5 
 abcijk-ijma-mkbc |   6912 |  1728 |    24 | 1.00 | 1.00 |     150.0 |       153.5 |         152.1 |      144.8 
 abcijk-ijmb-mkac |   3456 |  3456 |    24 | 1.00 | 0.67 |     148.8 |       148.1 |         153.0 |       82.6 
 abcijk-ijmc-mkab |   3456 |  3456 |    24 | 1.00 | 0.67 |     158.8 |       156.2 |         153.3 |      103.9 
 abcijk-ikma-mjbc |   6912 |  1728 |    24 | 1.00 | 1.00 |     154.4 |       155.5 |         152.7 |      145.9 
 abcijk-ikmb-mjac |   3456 |  3456 |    24 | 1.00 | 0.67 |     138.6 |       149.3 |         152.5 |      119.7 
 abcijk-ikmc-mjab |   3456 |  3456 |    24 | 1.00 | 0.67 |     156.6 |       155.7 |         155.3 |      104.8 
 abcijk-jkma-mibc |   6912 |  1728 |    24 | 1.00 | 1.00 |     154.8 |       155.0 |         154.6 |      149.9 
 abcijk-jkmb-miac |   3456 |  3456 |    24 | 1.00 | 0.67 |     149.7 |       147.8 |         147.1 |       77.1 
 abcijk-jkmc-miab |   3456 |  3456 |    24 | 1.00 | 0.67 |     156.0 |       154.6 |         154.9 |       88.2 
 abcijk-eiab-jkec |   3456 |  3456 |    24 | 1.00 | 0.67 |     158.2 |       156.4 |         154.9 |       87.0 
 abcijk-eiac-jkeb |   3456 |  3456 |    24 | 1.00 | 0.67 |     147.7 |       148.1 |         150.5 |       79.4 
 abcijk-eibc-jkea |   1728 |  6912 |    24 | 1.00 | 1.00 |     154.3 |       149.9 |         152.5 |      150.2 
 abcijk-ejab-ikec |   3456 |  3456 |    24 | 1.00 | 0.67 |     159.0 |       156.1 |         151.9 |      103.8 
 abcijk-ejac-ikeb |   3456 |  3456 |    24 | 1.00 | 0.67 |     148.3 |       147.0 |         153.1 |      120.5 
 abcijk-ejbc-ikea |   1728 |  6912 |    24 | 1.00 | 1.00 |     141.1 |       154.8 |         152.6 |      147.0 
 abcijk-ekab-ijec |   3456 |  3456 |    24 | 1.00 | 0.67 |     155.4 |       156.8 |         153.1 |      103.7 
 abcijk-ekac-ijeb |   3456 |  3456 |    24 | 1.00 | 0.67 |     147.9 |       148.4 |         152.7 |       81.5 
 abcijk-ekbc-ijea |   1728 |  6912 |    24 | 1.00 | 1.00 |     157.0 |       154.9 |         152.6 |      147.3 
       abc-bk-akc |    144 | 18432 |   128 | 1.00 | 1.00 |     290.3 |       296.8 |         291.7 |      197.0 

=== c64 ===
             case |      m |     n |     k | regA | regB | plan GF/s | packed GF/s | upstream GF/s | tblis GF/s 
------------------+--------+-------+-------+------+------+-----------+-------------+---------------+------------
         ij-ik-kj |   1464 |  1448 |  1464 | 1.00 | 1.00 |     346.3 |       346.5 |         334.8 |      362.7 
       ij-ikl-ljk |    144 |   128 | 18432 | 1.00 | 1.00 |     166.6 |       164.7 |         161.7 |      192.0 
       ij-kil-lkj |    144 |   128 | 20736 | 1.00 | 1.00 |     162.8 |       166.8 |         158.0 |      173.2 
       ijk-ikl-lj |  18432 |   128 |   144 | 1.00 | 1.00 |     343.8 |       340.4 |         340.7 |      231.4 
       ijk-il-jlk |    144 | 18432 |   128 | 1.00 | 1.00 |     200.7 |       201.0 |         200.9 |      329.7 
       ijk-ilk-jl |  18432 |   144 |   128 | 1.00 | 1.00 |     351.5 |       359.4 |         361.0 |      258.1 
       ijk-ilk-lj |  18432 |   128 |   144 | 1.00 | 1.00 |     347.5 |       353.9 |         350.3 |      250.8 
     ijk-ilmk-mjl |   1920 |    40 |  1920 | 1.00 | 1.00 |     268.0 |       270.9 |         258.1 |      201.4 
   ijkl-imjn-lnkm |   1920 |  1920 |  1600 | 1.00 | 0.90 |     341.5 |       340.5 |         332.5 |      352.8 
   ijkl-imjn-nlmk |   1920 |  1600 |  1920 | 1.00 | 0.90 |     346.6 |       346.3 |         342.9 |      351.0 
   ijkl-imkn-jnlm |   1920 |  1920 |  1600 | 1.00 | 1.00 |     358.1 |       357.5 |         352.8 |      345.9 
   ijkl-imkn-njml |   1920 |  1600 |  1920 | 1.00 | 0.90 |     351.0 |       351.5 |         346.2 |      349.0 
   ijkl-imln-jnkm |   1920 |  1920 |  1600 | 1.00 | 1.00 |     356.3 |       355.4 |         353.9 |      346.1 
   ijkl-imln-njmk |   1920 |  1600 |  1920 | 1.00 | 0.90 |     353.8 |       353.8 |         349.5 |      351.4 
   ijkl-imnj-nlkm |   1920 |  1600 |  1920 | 1.00 | 0.90 |     348.9 |       347.9 |         343.1 |      353.8 
   ijkl-imnk-njml |   1920 |  1600 |  1920 | 1.00 | 0.90 |     351.4 |       350.1 |         346.8 |      351.5 
   ijkl-minj-nlmk |   1920 |  1600 |  2304 | 1.00 | 0.90 |     346.9 |       344.3 |         345.7 |      347.7 
   ijkl-mink-jnlm |   1920 |  1920 |  1920 | 1.00 | 1.00 |     358.8 |       359.4 |         353.0 |      349.7 
   ijkl-minl-njmk |   1920 |  1600 |  2304 | 1.00 | 0.90 |     353.0 |       352.4 |         348.5 |      350.1 
     aqrs-pa-pqrs |     48 | 64000 |    48 | 1.00 | 1.00 |     261.4 |       267.5 |         263.2 |      203.2 
     abrs-qb-aqrs |     40 | 76800 |    48 | 1.00 | 1.00 |     256.0 |       277.1 |         280.1 |      144.0 
     abcs-rc-abrs |     40 | 76800 |    48 | 1.00 | 1.00 |     245.5 |       248.7 |         242.1 |      124.2 
       abj-bka-kj |  20736 |   128 |   144 | 1.00 | 1.00 |     280.7 |       279.9 |         276.9 |      193.8 
       ajb-kba-jk |  18432 |   144 |   144 | 1.00 | 1.00 |     362.8 |       358.2 |         361.9 |      265.7 
     abjc-cbka-kj |  92160 |    40 |    48 | 1.00 | 1.00 |     120.8 |       112.4 |         122.0 |      111.2 
     ajbc-ckba-jk |  92160 |    48 |    40 | 1.00 | 1.00 |     157.2 |       159.3 |          34.1 |      146.3 
     abjc-kbac-jk |  76800 |    48 |    48 | 1.00 | 1.00 |     278.0 |       279.4 |         200.8 |      131.4 
   abjcd-dkbac-jk | 230400 |    24 |    20 | 0.67 | 1.00 |      99.9 |       100.1 |          97.1 |       81.3 
   adbjc-cbdka-kj | 230400 |    20 |    24 | 0.67 | 1.00 |      68.2 |        69.1 |          61.5 |       61.9 
   ajbdc-ckbad-jk | 230400 |    24 |    20 | 1.00 | 1.00 |      92.5 |        90.1 |          27.7 |       86.8 
 abcijk-ijma-mkbc |   6912 |  1728 |    24 | 1.00 | 1.00 |     258.9 |       235.9 |         219.3 |      231.3 
 abcijk-ijmb-mkac |   3456 |  3456 |    24 | 1.00 | 1.00 |     262.6 |       262.7 |         273.0 |      172.0 
 abcijk-ijmc-mkab |   3456 |  3456 |    24 | 1.00 | 1.00 |     246.2 |       247.1 |         254.5 |      221.5 
 abcijk-ikma-mjbc |   6912 |  1728 |    24 | 1.00 | 1.00 |     260.2 |       255.8 |         213.7 |      232.9 
 abcijk-ikmb-mjac |   3456 |  3456 |    24 | 1.00 | 1.00 |     256.0 |       262.8 |         265.3 |      206.4 
 abcijk-ikmc-mjab |   3456 |  3456 |    24 | 1.00 | 1.00 |     249.2 |       248.4 |         255.2 |      197.4 
 abcijk-jkma-mibc |   6912 |  1728 |    24 | 1.00 | 1.00 |     263.7 |       262.6 |         216.9 |      234.1 
 abcijk-jkmb-miac |   3456 |  3456 |    24 | 1.00 | 1.00 |     261.3 |       257.0 |         274.4 |      135.6 
 abcijk-jkmc-miab |   3456 |  3456 |    24 | 1.00 | 1.00 |     248.1 |       250.8 |         256.1 |      156.9 
 abcijk-eiab-jkec |   3456 |  3456 |    24 | 1.00 | 1.00 |     249.3 |       250.5 |         254.6 |      157.1 
 abcijk-eiac-jkeb |   3456 |  3456 |    24 | 1.00 | 1.00 |     261.9 |       260.0 |         271.4 |      134.0 
 abcijk-eibc-jkea |   1728 |  6912 |    24 | 1.00 | 1.00 |     262.0 |       260.9 |         218.6 |      235.4 
 abcijk-ejab-ikec |   3456 |  3456 |    24 | 1.00 | 1.00 |     247.6 |       248.1 |         252.6 |      197.4 
 abcijk-ejac-ikeb |   3456 |  3456 |    24 | 1.00 | 1.00 |     263.1 |       263.7 |         272.0 |      209.3 
 abcijk-ejbc-ikea |   1728 |  6912 |    24 | 1.00 | 1.00 |     261.7 |       254.2 |         216.5 |      231.9 
 abcijk-ekab-ijec |   3456 |  3456 |    24 | 1.00 | 1.00 |     247.4 |       247.3 |         250.4 |      221.3 
 abcijk-ekac-ijeb |   3456 |  3456 |    24 | 1.00 | 1.00 |     262.9 |       262.7 |         278.3 |      169.6 
 abcijk-ekbc-ijea |   1728 |  6912 |    24 | 1.00 | 1.00 |     243.6 |       258.8 |         217.9 |      232.5 
       abc-bk-akc |    144 | 18432 |   128 | 1.00 | 1.00 |     349.8 |       348.2 |         356.7 |      257.7 

=== complex efficiency ratio (c64 GF/s over f64 GF/s; 1.0 = no penalty) ===
             case | plan c64/f64 | packed c64/f64 | upstream c64/f64 | tblis c64/f64 
------------------+--------------+----------------+------------------+---------------
         ij-ik-kj |        1.226 |          1.398 |            1.357 |         1.140 
       ij-ikl-ljk |        0.855 |          0.794 |            0.824 |         1.439 
       ij-kil-lkj |        0.903 |          0.924 |            0.937 |         1.460 
       ijk-ikl-lj |        1.314 |          1.248 |            1.248 |         1.369 
       ijk-il-jlk |        0.729 |          0.718 |            0.766 |         1.252 
       ijk-ilk-jl |        1.416 |          1.202 |            1.236 |         1.321 
       ijk-ilk-lj |        1.414 |          1.195 |            1.213 |         1.330 
     ijk-ilmk-mjl |        1.572 |          1.316 |            1.308 |         1.374 
   ijkl-imjn-lnkm |        1.068 |          1.069 |            1.037 |         1.065 
   ijkl-imjn-nlmk |        1.097 |          1.093 |            1.076 |         1.071 
   ijkl-imkn-jnlm |        1.057 |          1.055 |            1.036 |         1.065 
   ijkl-imkn-njml |        1.068 |          1.065 |            1.035 |         1.068 
   ijkl-imln-jnkm |        1.064 |          1.059 |            1.040 |         1.065 
   ijkl-imln-njmk |        1.066 |          1.052 |            1.029 |         1.075 
   ijkl-imnj-nlkm |        1.106 |          1.101 |            1.086 |         1.067 
   ijkl-imnk-njml |        1.072 |          1.060 |            1.039 |         1.067 
   ijkl-minj-nlmk |        1.105 |          1.095 |            1.097 |         1.103 
   ijkl-mink-jnlm |        1.079 |          1.083 |            1.045 |         1.068 
   ijkl-minl-njmk |        1.049 |          1.053 |            1.043 |         1.127 
     aqrs-pa-pqrs |        1.395 |          1.548 |            1.640 |         1.900 
     abrs-qb-aqrs |        1.660 |          1.524 |            1.600 |         1.531 
     abcs-rc-abrs |        1.901 |          1.697 |            1.692 |         1.760 
       abj-bka-kj |        1.521 |          1.663 |            1.646 |         1.620 
       ajb-kba-jk |        1.316 |          1.284 |            1.351 |         1.323 
     abjc-cbka-kj |        3.048 |          2.607 |            2.932 |         1.926 
     ajbc-ckba-jk |        2.288 |          2.311 |            0.515 |         1.708 
     abjc-kbac-jk |        1.892 |          1.928 |            1.464 |         1.808 
   abjcd-dkbac-jk |        2.011 |          2.027 |            2.105 |         1.927 
   adbjc-cbdka-kj |        2.517 |          2.555 |            2.349 |         2.674 
   ajbdc-ckbad-jk |        1.880 |          1.861 |            0.588 |         1.866 
 abcijk-ijma-mkbc |        1.726 |          1.537 |            1.442 |         1.598 
 abcijk-ijmb-mkac |        1.764 |          1.774 |            1.784 |         2.083 
 abcijk-ijmc-mkab |        1.550 |          1.582 |            1.660 |         2.131 
 abcijk-ikma-mjbc |        1.685 |          1.646 |            1.399 |         1.596 
 abcijk-ikmb-mjac |        1.847 |          1.760 |            1.740 |         1.724 
 abcijk-ikmc-mjab |        1.591 |          1.596 |            1.644 |         1.883 
 abcijk-jkma-mibc |        1.703 |          1.694 |            1.402 |         1.561 
 abcijk-jkmb-miac |        1.745 |          1.739 |            1.866 |         1.759 
 abcijk-jkmc-miab |        1.591 |          1.622 |            1.653 |         1.779 
 abcijk-eiab-jkec |        1.576 |          1.601 |            1.643 |         1.805 
 abcijk-eiac-jkeb |        1.774 |          1.755 |            1.804 |         1.687 
 abcijk-eibc-jkea |        1.698 |          1.741 |            1.433 |         1.568 
 abcijk-ejab-ikec |        1.558 |          1.590 |            1.663 |         1.901 
 abcijk-ejac-ikeb |        1.775 |          1.794 |            1.776 |         1.737 
 abcijk-ejbc-ikea |        1.855 |          1.642 |            1.419 |         1.578 
 abcijk-ekab-ijec |        1.592 |          1.577 |            1.636 |         2.134 
 abcijk-ekac-ijeb |        1.777 |          1.770 |            1.823 |         2.080 
 abcijk-ekbc-ijea |        1.552 |          1.670 |            1.428 |         1.578 
       abc-bk-akc |        1.205 |          1.173 |            1.223 |         1.308 
             MEAN |        1.515 |          1.487 |            1.403 |         1.552 

wrote /home/shinaoka/projects/tensor4all/tprims-rs/benchmarks/benchmarks/tcbench/results/scatter-wired/candidate/A-16m-8t.pending.csv
