# threads: requested=4 pool=4 budget=4
host        : shinaoka-EVO-X1Pro
target      : x86_64 / linux
cpu features: avx2 fma avx512f avx512dq 
caches      : L1=48KiB/12-way/2sh L2=1024KiB/16-way/2sh L3=8192KiB/16-way/16sh (via sysfs), blocking=legacy
l3 domains  : t1=1 t4=1 t8=1
baselines   : tblis=true blas=false
tblis       : abi 2.x, 4 thread(s)

running 49 cases at 16 MiB nominal tensor size, 5 reps, stress=none


=== f64 ===
             case |      m |     n |     k | regA | regB | plan GF/s | packed GF/s | upstream GF/s | tblis GF/s 
------------------+--------+-------+-------+------+------+-----------+-------------+---------------+------------
         ij-ik-kj |   1464 |  1448 |  1464 | 0.00 | 0.00 |     145.0 |       127.3 |         127.6 |      173.2 
       ij-ikl-ljk |    144 |   128 | 18432 | 1.00 | 1.00 |      99.4 |        98.8 |          98.2 |       88.4 
       ij-kil-lkj |    144 |   128 | 20736 | 1.00 | 1.00 |      96.5 |        96.7 |          96.9 |       80.2 
       ijk-ikl-lj |  18432 |   128 |   144 | 1.00 | 1.00 |     148.7 |       143.0 |         155.5 |      109.1 
       ijk-il-jlk |    144 | 18432 |   128 | 1.00 | 1.00 |     108.6 |       109.5 |         107.2 |      141.6 
       ijk-ilk-jl |  18432 |   144 |   128 | 1.00 | 1.00 |     157.6 |       150.8 |         160.6 |      126.7 
       ijk-ilk-lj |  18432 |   128 |   144 | 1.00 | 1.00 |     157.2 |       161.3 |         159.3 |      120.8 
     ijk-ilmk-mjl |   1920 |    40 |  1920 | 1.00 | 1.00 |     121.7 |       124.2 |         129.2 |       84.5 
   ijkl-imjn-lnkm |   1920 |  1920 |  1600 | 1.00 | 1.00 |     161.5 |       172.8 |         173.9 |      177.4 
   ijkl-imjn-nlmk |   1920 |  1600 |  1920 | 1.00 | 1.00 |     174.7 |       174.5 |         174.9 |      173.9 
   ijkl-imkn-jnlm |   1920 |  1920 |  1600 | 1.00 | 1.00 |     176.2 |       176.3 |         175.9 |      175.9 
   ijkl-imkn-njml |   1920 |  1600 |  1920 | 1.00 | 1.00 |     175.4 |       175.2 |         174.6 |      172.2 
   ijkl-imln-jnkm |   1920 |  1920 |  1600 | 1.00 | 1.00 |     176.6 |       176.9 |         177.8 |      174.6 
   ijkl-imln-njmk |   1920 |  1600 |  1920 | 1.00 | 1.00 |     175.6 |       175.8 |         175.7 |      172.0 
   ijkl-imnj-nlkm |   1920 |  1600 |  1920 | 1.00 | 1.00 |     174.0 |       174.0 |         172.2 |      175.0 
   ijkl-imnk-njml |   1920 |  1600 |  1920 | 1.00 | 1.00 |     175.6 |       175.5 |         176.5 |      174.3 
   ijkl-minj-nlmk |   1920 |  1600 |  2304 | 1.00 | 1.00 |     170.0 |       170.0 |         171.4 |      169.6 
   ijkl-mink-jnlm |   1920 |  1920 |  1920 | 1.00 | 1.00 |     175.4 |       175.4 |         175.9 |      175.7 
   ijkl-minl-njmk |   1920 |  1600 |  2304 | 1.00 | 1.00 |     174.0 |       174.3 |         175.5 |      174.1 
     aqrs-pa-pqrs |     48 | 64000 |    48 | 0.00 | 0.00 |     130.5 |       106.9 |         103.3 |       62.2 
     abrs-qb-aqrs |     40 | 76800 |    48 | 1.00 | 1.00 |     100.8 |       118.2 |         123.9 |       69.1 
     abcs-rc-abrs |     40 | 76800 |    48 | 1.00 | 1.00 |      96.3 |       100.1 |         100.7 |       60.3 
       abj-bka-kj |  20736 |   128 |   144 | 1.00 | 1.00 |     134.9 |       136.2 |         132.2 |       80.3 
       ajb-kba-jk |  18432 |   144 |   144 | 1.00 | 1.00 |     141.7 |       152.8 |         149.8 |      127.2 
     abjc-cbka-kj |  92160 |    40 |    48 | 1.00 | 1.00 |      28.0 |        28.2 |          26.8 |       38.6 
     ajbc-ckba-jk |  92160 |    48 |    40 | 1.00 | 1.00 |      45.7 |        45.4 |          44.7 |       62.4 
     abjc-kbac-jk |  76800 |    48 |    48 | 1.00 | 1.00 |      93.6 |        95.6 |          94.9 |       58.7 
   abjcd-dkbac-jk | 230400 |    24 |    20 | 1.00 | 1.00 |      30.9 |        30.8 |          30.0 |       30.0 
   adbjc-cbdka-kj | 230400 |    20 |    24 | 1.00 | 1.00 |      16.1 |        16.1 |          15.8 |       18.3 
   ajbdc-ckbad-jk | 230400 |    24 |    20 | 1.00 | 1.00 |      29.7 |        30.2 |          29.7 |       32.6 
 abcijk-ijma-mkbc |   6912 |  1728 |    24 | 1.00 | 1.00 |     110.4 |       110.7 |         123.1 |      109.8 
 abcijk-ijmb-mkac |   3456 |  3456 |    24 | 1.00 | 0.67 |     107.4 |       107.6 |         117.6 |       66.2 
 abcijk-ijmc-mkab |   3456 |  3456 |    24 | 1.00 | 0.67 |     108.0 |       108.7 |         113.5 |       84.5 
 abcijk-ikma-mjbc |   6912 |  1728 |    24 | 1.00 | 1.00 |     110.5 |       108.0 |         120.5 |      109.7 
 abcijk-ikmb-mjac |   3456 |  3456 |    24 | 1.00 | 0.67 |     104.4 |       107.3 |         116.7 |       90.3 
 abcijk-ikmc-mjab |   3456 |  3456 |    24 | 1.00 | 0.67 |     109.3 |       108.2 |         113.4 |       78.4 
 abcijk-jkma-mibc |   6912 |  1728 |    24 | 1.00 | 1.00 |     111.7 |       111.4 |         124.2 |      111.6 
 abcijk-jkmb-miac |   3456 |  3456 |    24 | 1.00 | 0.67 |     106.6 |       106.7 |         117.3 |       48.0 
 abcijk-jkmc-miab |   3456 |  3456 |    24 | 1.00 | 0.67 |     108.8 |       109.5 |         114.7 |       61.3 
 abcijk-eiab-jkec |   3456 |  3456 |    24 | 1.00 | 0.67 |     107.7 |       108.7 |         115.0 |       61.0 
 abcijk-eiac-jkeb |   3456 |  3456 |    24 | 1.00 | 0.67 |     107.7 |       104.6 |         115.6 |       48.3 
 abcijk-eibc-jkea |   1728 |  6912 |    24 | 1.00 | 1.00 |     110.9 |       111.9 |         124.2 |      110.9 
 abcijk-ejab-ikec |   3456 |  3456 |    24 | 1.00 | 0.67 |     108.3 |       109.1 |         114.3 |       80.8 
 abcijk-ejac-ikeb |   3456 |  3456 |    24 | 1.00 | 0.67 |     106.4 |       105.3 |         115.8 |       89.9 
 abcijk-ejbc-ikea |   1728 |  6912 |    24 | 1.00 | 1.00 |     110.0 |       109.9 |         122.5 |      109.6 
 abcijk-ekab-ijec |   3456 |  3456 |    24 | 1.00 | 0.67 |     108.7 |       109.4 |         112.9 |       85.1 
 abcijk-ekac-ijeb |   3456 |  3456 |    24 | 1.00 | 0.67 |      96.3 |       107.4 |         114.4 |       65.7 
 abcijk-ekbc-ijea |   1728 |  6912 |    24 | 1.00 | 1.00 |     109.3 |       110.0 |         122.0 |      110.2 
       abc-bk-akc |    144 | 18432 |   128 | 1.00 | 1.00 |     156.4 |       158.9 |         162.1 |      126.7 

=== c64 ===
             case |      m |     n |     k | regA | regB | plan GF/s | packed GF/s | upstream GF/s | tblis GF/s 
------------------+--------+-------+-------+------+------+-----------+-------------+---------------+------------
         ij-ik-kj |   1464 |  1448 |  1464 | 1.00 | 1.00 |     189.2 |       189.3 |         189.1 |      184.2 
       ij-ikl-ljk |    144 |   128 | 18432 | 1.00 | 1.00 |     118.9 |       118.6 |         116.4 |      117.5 
       ij-kil-lkj |    144 |   128 | 20736 | 1.00 | 1.00 |     114.0 |       114.3 |         112.2 |      109.3 
       ijk-ikl-lj |  18432 |   128 |   144 | 1.00 | 1.00 |     178.6 |       179.7 |         179.1 |      135.1 
       ijk-il-jlk |    144 | 18432 |   128 | 1.00 | 1.00 |     132.7 |       136.5 |         136.8 |      167.9 
       ijk-ilk-jl |  18432 |   144 |   128 | 1.00 | 1.00 |     187.8 |       187.3 |         188.3 |      147.5 
       ijk-ilk-lj |  18432 |   128 |   144 | 1.00 | 1.00 |     181.6 |       178.9 |         182.3 |      143.9 
     ijk-ilmk-mjl |   1920 |    40 |  1920 | 1.00 | 1.00 |     146.7 |       146.7 |         145.4 |      107.3 
   ijkl-imjn-lnkm |   1920 |  1920 |  1600 | 1.00 | 0.90 |     184.8 |       184.7 |         182.9 |      179.9 
   ijkl-imjn-nlmk |   1920 |  1600 |  1920 | 1.00 | 0.90 |     185.9 |       185.8 |         186.1 |      179.5 
   ijkl-imkn-jnlm |   1920 |  1920 |  1600 | 1.00 | 1.00 |     187.7 |       187.7 |         187.2 |      179.2 
   ijkl-imkn-njml |   1920 |  1600 |  1920 | 1.00 | 0.90 |     187.2 |       187.1 |         187.1 |      179.2 
   ijkl-imln-jnkm |   1920 |  1920 |  1600 | 1.00 | 1.00 |     188.3 |       188.4 |         187.8 |      179.1 
   ijkl-imln-njmk |   1920 |  1600 |  1920 | 1.00 | 0.90 |     187.7 |       187.8 |         187.5 |      179.7 
   ijkl-imnj-nlkm |   1920 |  1600 |  1920 | 1.00 | 0.90 |     185.9 |       186.0 |         186.1 |      180.5 
   ijkl-imnk-njml |   1920 |  1600 |  1920 | 1.00 | 0.90 |     187.4 |       187.4 |         187.3 |      179.3 
   ijkl-minj-nlmk |   1920 |  1600 |  2304 | 1.00 | 0.90 |     183.3 |       183.6 |         184.1 |      178.7 
   ijkl-mink-jnlm |   1920 |  1920 |  1920 | 1.00 | 1.00 |     186.2 |       186.2 |         185.4 |      180.2 
   ijkl-minl-njmk |   1920 |  1600 |  2304 | 1.00 | 0.90 |     185.6 |       185.5 |         185.0 |      179.8 
     aqrs-pa-pqrs |     48 | 64000 |    48 | 1.00 | 1.00 |     143.7 |       143.8 |         142.5 |      113.7 
     abrs-qb-aqrs |     40 | 76800 |    48 | 1.00 | 1.00 |     149.8 |       149.2 |         152.0 |      100.4 
     abcs-rc-abrs |     40 | 76800 |    48 | 1.00 | 1.00 |     145.4 |       143.9 |         145.1 |       95.3 
       abj-bka-kj |  20736 |   128 |   144 | 1.00 | 1.00 |     151.2 |       154.5 |         154.0 |      115.2 
       ajb-kba-jk |  18432 |   144 |   144 | 1.00 | 1.00 |     183.3 |       187.9 |         188.4 |      152.9 
     abjc-cbka-kj |  92160 |    40 |    48 | 1.00 | 1.00 |      69.4 |        69.5 |          70.4 |       77.3 
     ajbc-ckba-jk |  92160 |    48 |    40 | 1.00 | 1.00 |      94.1 |        95.0 |          94.6 |      105.1 
     abjc-kbac-jk |  76800 |    48 |    48 | 1.00 | 1.00 |     155.1 |       150.9 |         151.3 |       77.6 
   abjcd-dkbac-jk | 230400 |    24 |    20 | 0.67 | 1.00 |      64.2 |        64.0 |          64.3 |       62.6 
   adbjc-cbdka-kj | 230400 |    20 |    24 | 0.67 | 1.00 |      41.8 |        40.5 |          36.6 |       47.4 
   ajbdc-ckbad-jk | 230400 |    24 |    20 | 1.00 | 1.00 |      55.9 |        55.8 |          56.1 |       67.4 
 abcijk-ijma-mkbc |   6912 |  1728 |    24 | 1.00 | 1.00 |     150.3 |       147.9 |         162.2 |      142.6 
 abcijk-ijmb-mkac |   3456 |  3456 |    24 | 1.00 | 1.00 |     154.7 |       154.0 |         165.4 |      107.8 
 abcijk-ijmc-mkab |   3456 |  3456 |    24 | 1.00 | 1.00 |     159.7 |       159.8 |         165.4 |      140.9 
 abcijk-ikma-mjbc |   6912 |  1728 |    24 | 1.00 | 1.00 |     149.7 |       150.0 |         162.3 |      142.3 
 abcijk-ikmb-mjac |   3456 |  3456 |    24 | 1.00 | 1.00 |     157.8 |       154.3 |         166.0 |      128.3 
 abcijk-ikmc-mjab |   3456 |  3456 |    24 | 1.00 | 1.00 |     159.8 |       159.7 |         166.1 |      123.5 
 abcijk-jkma-mibc |   6912 |  1728 |    24 | 1.00 | 1.00 |     149.3 |       149.9 |         161.8 |      143.0 
 abcijk-jkmb-miac |   3456 |  3456 |    24 | 1.00 | 1.00 |     156.6 |       154.4 |         167.1 |       84.1 
 abcijk-jkmc-miab |   3456 |  3456 |    24 | 1.00 | 1.00 |     154.4 |       154.7 |         162.9 |       99.4 
 abcijk-eiab-jkec |   3456 |  3456 |    24 | 1.00 | 1.00 |     153.4 |       156.3 |         162.3 |      100.0 
 abcijk-eiac-jkeb |   3456 |  3456 |    24 | 1.00 | 1.00 |     154.1 |       153.4 |         166.3 |       83.9 
 abcijk-eibc-jkea |   1728 |  6912 |    24 | 1.00 | 1.00 |     149.5 |       149.8 |         162.7 |      143.0 
 abcijk-ejab-ikec |   3456 |  3456 |    24 | 1.00 | 1.00 |     158.9 |       159.1 |         165.7 |      124.0 
 abcijk-ejac-ikeb |   3456 |  3456 |    24 | 1.00 | 1.00 |     154.3 |       154.6 |         167.0 |      128.7 
 abcijk-ejbc-ikea |   1728 |  6912 |    24 | 1.00 | 1.00 |     149.4 |       149.0 |         159.0 |      142.1 
 abcijk-ekab-ijec |   3456 |  3456 |    24 | 1.00 | 1.00 |     159.7 |       159.8 |         166.3 |      141.6 
 abcijk-ekac-ijeb |   3456 |  3456 |    24 | 1.00 | 1.00 |     156.9 |       153.8 |         165.7 |      108.0 
 abcijk-ekbc-ijea |   1728 |  6912 |    24 | 1.00 | 1.00 |     149.5 |       150.3 |         161.5 |      142.5 
       abc-bk-akc |    144 | 18432 |   128 | 1.00 | 1.00 |     187.6 |       188.0 |         188.1 |      146.1 

=== complex efficiency ratio (c64 GF/s over f64 GF/s; 1.0 = no penalty) ===
             case | plan c64/f64 | packed c64/f64 | upstream c64/f64 | tblis c64/f64 
------------------+--------------+----------------+------------------+---------------
         ij-ik-kj |        1.305 |          1.487 |            1.482 |         1.064 
       ij-ikl-ljk |        1.196 |          1.200 |            1.185 |         1.329 
       ij-kil-lkj |        1.181 |          1.182 |            1.159 |         1.362 
       ijk-ikl-lj |        1.201 |          1.257 |            1.152 |         1.238 
       ijk-il-jlk |        1.221 |          1.246 |            1.277 |         1.186 
       ijk-ilk-jl |        1.192 |          1.242 |            1.172 |         1.165 
       ijk-ilk-lj |        1.155 |          1.109 |            1.144 |         1.191 
     ijk-ilmk-mjl |        1.205 |          1.181 |            1.125 |         1.270 
   ijkl-imjn-lnkm |        1.144 |          1.069 |            1.052 |         1.014 
   ijkl-imjn-nlmk |        1.064 |          1.065 |            1.064 |         1.032 
   ijkl-imkn-jnlm |        1.065 |          1.065 |            1.064 |         1.019 
   ijkl-imkn-njml |        1.068 |          1.068 |            1.072 |         1.041 
   ijkl-imln-jnkm |        1.066 |          1.065 |            1.056 |         1.026 
   ijkl-imln-njmk |        1.069 |          1.068 |            1.067 |         1.045 
   ijkl-imnj-nlkm |        1.069 |          1.069 |            1.081 |         1.031 
   ijkl-imnk-njml |        1.067 |          1.068 |            1.061 |         1.029 
   ijkl-minj-nlmk |        1.078 |          1.080 |            1.074 |         1.054 
   ijkl-mink-jnlm |        1.061 |          1.061 |            1.054 |         1.026 
   ijkl-minl-njmk |        1.066 |          1.064 |            1.054 |         1.033 
     aqrs-pa-pqrs |        1.101 |          1.345 |            1.380 |         1.829 
     abrs-qb-aqrs |        1.487 |          1.263 |            1.227 |         1.454 
     abcs-rc-abrs |        1.510 |          1.437 |            1.442 |         1.579 
       abj-bka-kj |        1.121 |          1.134 |            1.164 |         1.434 
       ajb-kba-jk |        1.293 |          1.230 |            1.258 |         1.202 
     abjc-cbka-kj |        2.478 |          2.466 |            2.628 |         2.002 
     ajbc-ckba-jk |        2.059 |          2.094 |            2.116 |         1.684 
     abjc-kbac-jk |        1.657 |          1.578 |            1.595 |         1.322 
   abjcd-dkbac-jk |        2.077 |          2.079 |            2.148 |         2.091 
   adbjc-cbdka-kj |        2.589 |          2.524 |            2.311 |         2.594 
   ajbdc-ckbad-jk |        1.881 |          1.846 |            1.892 |         2.065 
 abcijk-ijma-mkbc |        1.361 |          1.336 |            1.317 |         1.299 
 abcijk-ijmb-mkac |        1.440 |          1.432 |            1.406 |         1.628 
 abcijk-ijmc-mkab |        1.479 |          1.470 |            1.458 |         1.667 
 abcijk-ikma-mjbc |        1.355 |          1.388 |            1.347 |         1.298 
 abcijk-ikmb-mjac |        1.511 |          1.437 |            1.422 |         1.421 
 abcijk-ikmc-mjab |        1.462 |          1.477 |            1.465 |         1.574 
 abcijk-jkma-mibc |        1.336 |          1.345 |            1.303 |         1.282 
 abcijk-jkmb-miac |        1.469 |          1.447 |            1.424 |         1.751 
 abcijk-jkmc-miab |        1.419 |          1.412 |            1.420 |         1.621 
 abcijk-eiab-jkec |        1.425 |          1.438 |            1.412 |         1.639 
 abcijk-eiac-jkeb |        1.431 |          1.467 |            1.439 |         1.738 
 abcijk-eibc-jkea |        1.347 |          1.339 |            1.310 |         1.290 
 abcijk-ejab-ikec |        1.467 |          1.459 |            1.450 |         1.533 
 abcijk-ejac-ikeb |        1.450 |          1.468 |            1.442 |         1.431 
 abcijk-ejbc-ikea |        1.358 |          1.355 |            1.298 |         1.296 
 abcijk-ekab-ijec |        1.469 |          1.461 |            1.473 |         1.663 
 abcijk-ekac-ijeb |        1.629 |          1.432 |            1.448 |         1.643 
 abcijk-ekbc-ijea |        1.368 |          1.366 |            1.324 |         1.294 
       abc-bk-akc |        1.200 |          1.183 |            1.160 |         1.154 
             MEAN |        1.382 |          1.375 |            1.365 |         1.401 

wrote /home/shinaoka/projects/tensor4all/tprims-rs/benchmarks/benchmarks/tcbench/results/scatter-wired/candidate/A-16m-4t.pending.csv
