# threads: requested=8 pool=8 budget=8
host        : shinaoka-EVO-X1Pro
target      : x86_64 / linux
cpu features: avx2 fma avx512f avx512dq 
caches      : L1=48KiB/12-way/2sh L2=1024KiB/16-way/2sh L3=8192KiB/16-way/16sh (via sysfs), blocking=legacy
l3 domains  : t1=1 t4=1 t8=1 t16=2
baselines   : tblis=true blas=false
tblis       : abi 2.x, 8 thread(s)

running 49 cases at 1 MiB nominal tensor size, 5 reps, stress=none


=== f64 ===
             case |     m |    n |    k | regA | regB | plan GF/s | packed GF/s | upstream GF/s | tblis GF/s 
------------------+-------+------+------+------+------+-----------+-------------+---------------+------------
         ij-ik-kj |   384 |  364 |  384 | 0.00 | 0.00 |     259.4 |       248.6 |         187.9 |      178.6 
       ij-ikl-ljk |    72 |   52 | 3744 | 1.00 | 1.00 |      83.1 |        87.8 |          69.9 |       48.0 
       ij-kil-lkj |    72 |   52 | 5184 | 1.00 | 1.00 |      83.5 |        84.0 |          69.5 |       48.1 
       ijk-ikl-lj |  3744 |   52 |   72 | 1.00 | 1.00 |     188.4 |       190.3 |         112.5 |      117.7 
       ijk-il-jlk |    72 | 3744 |   52 | 1.00 | 1.00 |     205.0 |       193.8 |         123.6 |      129.7 
       ijk-ilk-jl |  3744 |   72 |   52 | 1.00 | 1.00 |     196.5 |       198.3 |          80.6 |      128.7 
       ijk-ilk-lj |  3744 |   52 |   72 | 1.00 | 1.00 |     186.3 |       190.2 |          99.2 |      120.0 
     ijk-ilmk-mjl |   480 |   20 |  480 | 1.00 | 1.00 |     111.5 |       115.6 |          46.4 |       53.0 
   ijkl-imjn-lnkm |   480 |  480 |  400 | 1.00 | 0.80 |     207.4 |       207.2 |         186.2 |      185.8 
   ijkl-imjn-nlmk |   480 |  400 |  480 | 1.00 | 0.80 |     237.9 |       236.1 |         223.2 |      230.8 
   ijkl-imkn-jnlm |   480 |  480 |  400 | 1.00 | 1.00 |     300.3 |       300.1 |         265.2 |      267.2 
   ijkl-imkn-njml |   480 |  400 |  480 | 1.00 | 0.80 |     300.3 |       301.1 |         267.2 |      263.7 
   ijkl-imln-jnkm |   480 |  480 |  400 | 1.00 | 1.00 |     293.8 |       300.7 |         267.3 |      263.5 
   ijkl-imln-njmk |   480 |  400 |  480 | 1.00 | 0.80 |     301.4 |       305.9 |         267.8 |      267.2 
   ijkl-imnj-nlkm |   480 |  400 |  480 | 1.00 | 0.80 |     294.8 |       298.2 |         261.8 |      212.7 
   ijkl-imnk-njml |   480 |  400 |  480 | 1.00 | 0.80 |     295.4 |       304.3 |         265.3 |      264.7 
   ijkl-minj-nlmk |   480 |  400 |  576 | 1.00 | 0.80 |     289.5 |       290.8 |         259.1 |      256.8 
   ijkl-mink-jnlm |   480 |  480 |  480 | 1.00 | 1.00 |     296.5 |       298.5 |         268.3 |      263.8 
   ijkl-minl-njmk |   480 |  400 |  576 | 1.00 | 0.80 |     280.3 |       292.0 |         267.0 |      262.6 
     aqrs-pa-pqrs |    24 | 8000 |   24 | 0.00 | 0.00 |      50.6 |        28.0 |          72.6 |       61.1 
     abrs-qb-aqrs |    20 | 9600 |   24 | 1.00 | 1.00 |     150.0 |       149.8 |          53.1 |       57.7 
     abcs-rc-abrs |    20 | 9600 |   24 | 1.00 | 1.00 |     145.9 |       146.7 |          53.8 |       58.5 
       abj-bka-kj |  5184 |   52 |   72 | 1.00 | 1.00 |     234.3 |       240.1 |         136.6 |      165.1 
       ajb-kba-jk |  3744 |   72 |   72 | 1.00 | 1.00 |     281.8 |       289.0 |         164.2 |      199.3 
     abjc-cbka-kj | 11520 |   20 |   24 | 1.00 | 1.00 |     100.6 |       103.9 |          41.3 |       57.9 
     ajbc-ckba-jk | 11520 |   24 |   20 | 1.00 | 1.00 |     130.4 |       124.0 |          53.9 |       62.9 
     abjc-kbac-jk |  9600 |   24 |   24 | 1.00 | 1.00 |     158.2 |       163.9 |          72.1 |       68.1 
   abjcd-dkbac-jk | 82944 |   24 |   12 | 1.00 | 1.00 |      43.8 |        48.9 |          42.6 |       31.4 
   adbjc-cbdka-kj | 82944 |   12 |   24 | 1.00 | 1.00 |      17.2 |        17.0 |          14.6 |       22.4 
   ajbdc-ckbad-jk | 82944 |   24 |   12 | 1.00 | 1.00 |      46.1 |        45.6 |          42.0 |       33.1 
 abcijk-ijma-mkbc |  4608 |  512 |   24 | 1.00 | 1.00 |     195.9 |       202.7 |         145.0 |      171.4 
 abcijk-ijmb-mkac |  1536 | 1536 |   24 | 1.00 | 1.00 |     186.1 |       200.1 |         171.9 |      104.6 
 abcijk-ijmc-mkab |  1536 | 1536 |   24 | 1.00 | 1.00 |     190.3 |       212.2 |         173.3 |      144.3 
 abcijk-ikma-mjbc |  4608 |  512 |   24 | 1.00 | 1.00 |     176.9 |       188.9 |         132.9 |      160.4 
 abcijk-ikmb-mjac |  1536 | 1536 |   24 | 1.00 | 1.00 |     182.7 |       206.9 |         169.5 |      153.6 
 abcijk-ikmc-mjab |  1536 | 1536 |   24 | 1.00 | 1.00 |     182.3 |       212.3 |         173.4 |      118.7 
 abcijk-jkma-mibc |  4608 |  512 |   24 | 1.00 | 1.00 |     103.8 |       172.4 |         124.3 |      177.1 
 abcijk-jkmb-miac |  1536 | 1536 |   24 | 1.00 | 1.00 |     183.9 |       197.4 |         177.8 |      102.1 
 abcijk-jkmc-miab |  1536 | 1536 |   24 | 1.00 | 1.00 |     181.6 |       204.6 |         170.5 |      123.1 
 abcijk-eiab-jkec |  1536 | 1536 |   24 | 1.00 | 1.00 |     129.6 |       214.7 |         186.5 |      136.7 
 abcijk-eiac-jkeb |  1536 | 1536 |   24 | 1.00 | 1.00 |     179.7 |       197.1 |         172.3 |      103.1 
 abcijk-eibc-jkea |   512 | 4608 |   24 | 1.00 | 1.00 |     175.4 |       198.1 |         139.6 |      180.0 
 abcijk-ejab-ikec |  1536 | 1536 |   24 | 1.00 | 1.00 |     189.1 |       210.6 |         165.4 |      116.7 
 abcijk-ejac-ikeb |  1536 | 1536 |   24 | 1.00 | 1.00 |     184.7 |       208.4 |         174.2 |      158.7 
 abcijk-ejbc-ikea |   512 | 4608 |   24 | 1.00 | 1.00 |     179.3 |       187.2 |         137.8 |      171.8 
 abcijk-ekab-ijec |  1536 | 1536 |   24 | 1.00 | 1.00 |     191.2 |       215.9 |         160.8 |      133.9 
 abcijk-ekac-ijeb |  1536 | 1536 |   24 | 1.00 | 1.00 |     198.9 |       216.6 |         175.8 |      105.1 
 abcijk-ekbc-ijea |   512 | 4608 |   24 | 1.00 | 1.00 |     157.4 |       187.2 |         138.1 |      167.0 
       abc-bk-akc |    72 | 3744 |   52 | 1.00 | 1.00 |     248.3 |       264.8 |         111.0 |      182.1 

=== c64 ===
             case |     m |    n |    k | regA | regB | plan GF/s | packed GF/s | upstream GF/s | tblis GF/s 
------------------+-------+------+------+------+------+-----------+-------------+---------------+------------
         ij-ik-kj |   384 |  364 |  384 | 1.00 | 1.00 |     266.0 |       268.3 |         240.8 |      236.0 
       ij-ikl-ljk |    72 |   52 | 3744 | 1.00 | 1.00 |     116.1 |       115.8 |         103.4 |      116.0 
       ij-kil-lkj |    72 |   52 | 5184 | 1.00 | 1.00 |     103.7 |       104.2 |          94.3 |      110.6 
       ijk-ikl-lj |  3744 |   52 |   72 | 1.00 | 1.00 |     232.7 |       227.3 |         191.5 |      181.6 
       ijk-il-jlk |    72 | 3744 |   52 | 1.00 | 1.00 |     219.3 |       220.7 |         186.7 |      203.2 
       ijk-ilk-jl |  3744 |   72 |   52 | 0.89 | 1.00 |     233.5 |       240.1 |         137.4 |      203.6 
       ijk-ilk-lj |  3744 |   52 |   72 | 0.89 | 1.00 |     233.2 |       232.9 |         191.0 |      188.5 
     ijk-ilmk-mjl |   480 |   20 |  480 | 0.67 | 1.00 |     168.6 |       168.8 |         113.3 |      138.3 
   ijkl-imjn-lnkm |   480 |  480 |  400 | 0.67 | 0.80 |     238.7 |       241.1 |         229.5 |      236.2 
   ijkl-imjn-nlmk |   480 |  400 |  480 | 0.67 | 0.81 |     312.2 |       315.2 |         302.2 |      301.3 
   ijkl-imkn-jnlm |   480 |  480 |  400 | 0.67 | 1.00 |     336.3 |       336.6 |         309.9 |      294.2 
   ijkl-imkn-njml |   480 |  400 |  480 | 0.67 | 0.81 |     337.9 |       338.4 |         320.7 |      308.2 
   ijkl-imln-jnkm |   480 |  480 |  400 | 0.67 | 1.00 |     336.9 |       334.4 |         314.3 |      295.7 
   ijkl-imln-njmk |   480 |  400 |  480 | 0.67 | 0.81 |     339.6 |       339.2 |         321.4 |      316.6 
   ijkl-imnj-nlkm |   480 |  400 |  480 | 0.67 | 0.81 |     338.0 |       338.1 |         319.1 |      314.7 
   ijkl-imnk-njml |   480 |  400 |  480 | 0.67 | 0.81 |     337.8 |       338.4 |         320.3 |      318.4 
   ijkl-minj-nlmk |   480 |  400 |  576 | 0.67 | 0.81 |     328.5 |       326.9 |         308.2 |      300.5 
   ijkl-mink-jnlm |   480 |  480 |  480 | 0.67 | 1.00 |     335.5 |       335.4 |         319.5 |      304.1 
   ijkl-minl-njmk |   480 |  400 |  576 | 0.67 | 0.81 |     330.4 |       330.3 |         313.4 |      308.3 
     aqrs-pa-pqrs |    24 | 8000 |   24 | 1.00 | 1.00 |     173.0 |       177.0 |         125.5 |      153.7 
     abrs-qb-aqrs |    20 | 9600 |   24 | 1.00 | 1.00 |     250.7 |       245.6 |         143.7 |      141.5 
     abcs-rc-abrs |    20 | 9600 |   24 | 1.00 | 1.00 |     228.9 |       232.1 |         134.4 |      139.3 
       abj-bka-kj |  5184 |   52 |   72 | 0.89 | 1.00 |     298.9 |       294.7 |         233.5 |      189.6 
       ajb-kba-jk |  3744 |   72 |   72 | 0.89 | 1.00 |     337.1 |       338.5 |         274.8 |      266.3 
     abjc-cbka-kj | 11520 |   20 |   24 | 0.67 | 1.00 |     169.4 |       165.7 |         111.6 |      126.8 
     ajbc-ckba-jk | 11520 |   24 |   20 | 1.00 | 1.00 |     162.7 |       163.6 |          30.6 |      135.2 
     abjc-kbac-jk |  9600 |   24 |   24 | 0.67 | 1.00 |     247.4 |       255.6 |         148.7 |      158.7 
   abjcd-dkbac-jk | 82944 |   24 |   12 | 0.67 | 1.00 |      81.3 |        81.5 |          78.2 |       64.3 
   adbjc-cbdka-kj | 82944 |   12 |   24 | 0.67 | 1.00 |      49.1 |        48.8 |          48.1 |       41.7 
   ajbdc-ckbad-jk | 82944 |   24 |   12 | 1.00 | 1.00 |      78.7 |        78.1 |          47.5 |       68.7 
 abcijk-ijma-mkbc |  4608 |  512 |   24 | 1.00 | 0.97 |     275.2 |       265.0 |         149.2 |      206.4 
 abcijk-ijmb-mkac |  1536 | 1536 |   24 | 1.00 | 0.75 |     268.8 |       268.7 |         233.9 |      164.6 
 abcijk-ijmc-mkab |  1536 | 1536 |   24 | 1.00 | 0.50 |     263.7 |       257.7 |         240.6 |      208.9 
 abcijk-ikma-mjbc |  4608 |  512 |   24 | 1.00 | 0.97 |     271.1 |       273.6 |         139.3 |      205.4 
 abcijk-ikmb-mjac |  1536 | 1536 |   24 | 1.00 | 0.75 |     265.5 |       269.7 |         235.0 |      181.3 
 abcijk-ikmc-mjab |  1536 | 1536 |   24 | 1.00 | 0.50 |     260.3 |       265.4 |         238.3 |      181.8 
 abcijk-jkma-mibc |  4608 |  512 |   24 | 1.00 | 0.97 |     269.5 |       275.0 |         150.2 |      219.3 
 abcijk-jkmb-miac |  1536 | 1536 |   24 | 1.00 | 0.75 |     259.6 |       266.0 |         235.3 |      135.0 
 abcijk-jkmc-miab |  1536 | 1536 |   24 | 1.00 | 0.50 |     253.9 |       228.7 |         239.0 |      194.4 
 abcijk-eiab-jkec |  1536 | 1536 |   24 | 1.00 | 0.50 |     259.5 |       260.6 |         242.7 |      192.4 
 abcijk-eiac-jkeb |  1536 | 1536 |   24 | 1.00 | 0.75 |     259.5 |       268.9 |         241.2 |      153.3 
 abcijk-eibc-jkea |   512 | 4608 |   24 | 1.00 | 0.97 |     268.6 |       269.4 |         147.6 |      217.3 
 abcijk-ejab-ikec |  1536 | 1536 |   24 | 1.00 | 0.50 |     255.0 |       266.1 |         236.5 |      183.2 
 abcijk-ejac-ikeb |  1536 | 1536 |   24 | 1.00 | 0.75 |     265.0 |       267.0 |         235.7 |      186.1 
 abcijk-ejbc-ikea |   512 | 4608 |   24 | 1.00 | 0.97 |     267.9 |       274.0 |         151.3 |      201.8 
 abcijk-ekab-ijec |  1536 | 1536 |   24 | 1.00 | 0.50 |     254.1 |       256.6 |         245.3 |      211.9 
 abcijk-ekac-ijeb |  1536 | 1536 |   24 | 1.00 | 0.75 |     267.5 |       269.5 |         232.9 |      165.8 
 abcijk-ekbc-ijea |   512 | 4608 |   24 | 1.00 | 0.97 |     259.4 |       272.2 |         143.6 |      206.5 
       abc-bk-akc |    72 | 3744 |   52 | 0.89 | 1.00 |     326.0 |       331.2 |         188.4 |      287.1 

=== complex efficiency ratio (c64 GF/s over f64 GF/s; 1.0 = no penalty) ===
             case | plan c64/f64 | packed c64/f64 | upstream c64/f64 | tblis c64/f64 
------------------+--------------+----------------+------------------+---------------
         ij-ik-kj |        1.026 |          1.079 |            1.282 |         1.321 
       ij-ikl-ljk |        1.397 |          1.320 |            1.479 |         2.418 
       ij-kil-lkj |        1.242 |          1.240 |            1.357 |         2.297 
       ijk-ikl-lj |        1.235 |          1.194 |            1.703 |         1.543 
       ijk-il-jlk |        1.069 |          1.139 |            1.510 |         1.567 
       ijk-ilk-jl |        1.188 |          1.211 |            1.704 |         1.581 
       ijk-ilk-lj |        1.252 |          1.224 |            1.926 |         1.572 
     ijk-ilmk-mjl |        1.511 |          1.460 |            2.444 |         2.607 
   ijkl-imjn-lnkm |        1.151 |          1.163 |            1.232 |         1.271 
   ijkl-imjn-nlmk |        1.312 |          1.335 |            1.354 |         1.306 
   ijkl-imkn-jnlm |        1.120 |          1.121 |            1.168 |         1.101 
   ijkl-imkn-njml |        1.125 |          1.124 |            1.200 |         1.169 
   ijkl-imln-jnkm |        1.147 |          1.112 |            1.176 |         1.122 
   ijkl-imln-njmk |        1.127 |          1.109 |            1.200 |         1.185 
   ijkl-imnj-nlkm |        1.147 |          1.134 |            1.219 |         1.480 
   ijkl-imnk-njml |        1.144 |          1.112 |            1.207 |         1.203 
   ijkl-minj-nlmk |        1.135 |          1.124 |            1.190 |         1.170 
   ijkl-mink-jnlm |        1.132 |          1.124 |            1.191 |         1.153 
   ijkl-minl-njmk |        1.179 |          1.131 |            1.174 |         1.174 
     aqrs-pa-pqrs |        3.417 |          6.314 |            1.730 |         2.514 
     abrs-qb-aqrs |        1.672 |          1.639 |            2.705 |         2.450 
     abcs-rc-abrs |        1.569 |          1.582 |            2.498 |         2.381 
       abj-bka-kj |        1.276 |          1.227 |            1.709 |         1.148 
       ajb-kba-jk |        1.196 |          1.171 |            1.674 |         1.336 
     abjc-cbka-kj |        1.683 |          1.595 |            2.699 |         2.190 
     ajbc-ckba-jk |        1.248 |          1.319 |            0.567 |         2.150 
     abjc-kbac-jk |        1.564 |          1.560 |            2.062 |         2.331 
   abjcd-dkbac-jk |        1.856 |          1.665 |            1.836 |         2.051 
   adbjc-cbdka-kj |        2.864 |          2.875 |            3.286 |         1.857 
   ajbdc-ckbad-jk |        1.707 |          1.715 |            1.131 |         2.074 
 abcijk-ijma-mkbc |        1.404 |          1.308 |            1.029 |         1.205 
 abcijk-ijmb-mkac |        1.445 |          1.343 |            1.361 |         1.574 
 abcijk-ijmc-mkab |        1.385 |          1.214 |            1.388 |         1.447 
 abcijk-ikma-mjbc |        1.532 |          1.448 |            1.047 |         1.281 
 abcijk-ikmb-mjac |        1.453 |          1.303 |            1.386 |         1.180 
 abcijk-ikmc-mjab |        1.428 |          1.250 |            1.374 |         1.532 
 abcijk-jkma-mibc |        2.597 |          1.595 |            1.208 |         1.238 
 abcijk-jkmb-miac |        1.411 |          1.348 |            1.323 |         1.322 
 abcijk-jkmc-miab |        1.398 |          1.118 |            1.402 |         1.579 
 abcijk-eiab-jkec |        2.003 |          1.214 |            1.301 |         1.408 
 abcijk-eiac-jkeb |        1.444 |          1.364 |            1.400 |         1.487 
 abcijk-eibc-jkea |        1.531 |          1.360 |            1.057 |         1.208 
 abcijk-ejab-ikec |        1.348 |          1.264 |            1.430 |         1.570 
 abcijk-ejac-ikeb |        1.435 |          1.281 |            1.353 |         1.173 
 abcijk-ejbc-ikea |        1.494 |          1.464 |            1.098 |         1.175 
 abcijk-ekab-ijec |        1.329 |          1.188 |            1.526 |         1.583 
 abcijk-ekac-ijeb |        1.345 |          1.244 |            1.325 |         1.579 
 abcijk-ekbc-ijea |        1.648 |          1.454 |            1.040 |         1.237 
       abc-bk-akc |        1.313 |          1.251 |            1.697 |         1.577 
             MEAN |        1.462 |          1.431 |            1.497 |         1.573 

wrote /home/shinaoka/projects/tensor4all/tprims-rs/benchmarks/benchmarks/tcbench/results/scatter-wired/candidate/A-1m-8t.pending.csv
