# threads: requested=1 pool=1 budget=1
host        : shinaoka-EVO-X1Pro
target      : x86_64 / linux
cpu features: avx2 fma avx512f avx512dq 
caches      : L1=48KiB/12-way/2sh L2=1024KiB/16-way/2sh L3=8192KiB/16-way/16sh (via sysfs), blocking=legacy
l3 domains  : t1=1
baselines   : tblis=true blas=false
tblis       : abi 2.x, 1 thread(s)

running 49 cases at 1 MiB nominal tensor size, 5 reps, stress=none


=== f64 ===
             case |     m |    n |    k | regA | regB | plan GF/s | packed GF/s | upstream GF/s | tblis GF/s 
------------------+-------+------+------+------+------+-----------+-------------+---------------+------------
         ij-ik-kj |   384 |  364 |  384 | 0.00 | 0.00 |      37.1 |        34.1 |          34.2 |       29.6 
       ij-ikl-ljk |    72 |   52 | 3744 | 1.00 | 1.00 |      36.9 |        37.0 |          37.1 |       21.9 
       ij-kil-lkj |    72 |   52 | 5184 | 1.00 | 1.00 |      34.4 |        34.5 |          34.4 |       21.4 
       ijk-ikl-lj |  3744 |   52 |   72 | 1.00 | 1.00 |      39.5 |        39.7 |          41.6 |       26.7 
       ijk-il-jlk |    72 | 3744 |   52 | 1.00 | 1.00 |      39.9 |        40.1 |          41.1 |       29.4 
       ijk-ilk-jl |  3744 |   72 |   52 | 1.00 | 1.00 |      41.4 |        41.3 |          44.2 |       31.0 
       ijk-ilk-lj |  3744 |   52 |   72 | 1.00 | 1.00 |      39.4 |        39.5 |          41.3 |       27.2 
     ijk-ilmk-mjl |   480 |   20 |  480 | 1.00 | 1.00 |      34.2 |        34.3 |          34.9 |       16.2 
   ijkl-imjn-lnkm |   480 |  480 |  400 | 1.00 | 0.80 |      45.7 |        46.2 |          47.7 |       41.0 
   ijkl-imjn-nlmk |   480 |  400 |  480 | 1.00 | 0.80 |      46.9 |        47.2 |          48.4 |       39.9 
   ijkl-imkn-jnlm |   480 |  480 |  400 | 1.00 | 1.00 |      47.3 |        47.3 |          48.7 |       42.7 
   ijkl-imkn-njml |   480 |  400 |  480 | 1.00 | 0.80 |      47.5 |        47.3 |          48.7 |       40.7 
   ijkl-imln-jnkm |   480 |  480 |  400 | 1.00 | 1.00 |      47.4 |        47.4 |          48.6 |       42.0 
   ijkl-imln-njmk |   480 |  400 |  480 | 1.00 | 0.80 |      47.0 |        47.6 |          48.6 |       41.4 
   ijkl-imnj-nlkm |   480 |  400 |  480 | 1.00 | 0.80 |      47.3 |        47.2 |          48.5 |       41.9 
   ijkl-imnk-njml |   480 |  400 |  480 | 1.00 | 0.80 |      47.5 |        47.6 |          48.7 |       41.8 
   ijkl-minj-nlmk |   480 |  400 |  576 | 1.00 | 0.80 |      45.9 |        45.9 |          47.0 |       41.0 
   ijkl-mink-jnlm |   480 |  480 |  480 | 1.00 | 1.00 |      47.1 |        47.2 |          47.9 |       41.7 
   ijkl-minl-njmk |   480 |  400 |  576 | 1.00 | 0.80 |      46.3 |        46.4 |          47.4 |       41.5 
     aqrs-pa-pqrs |    24 | 8000 |   24 | 0.00 | 0.00 |      48.8 |        30.2 |          30.7 |       14.0 
     abrs-qb-aqrs |    20 | 9600 |   24 | 1.00 | 1.00 |      26.8 |        26.8 |          29.7 |       13.3 
     abcs-rc-abrs |    20 | 9600 |   24 | 1.00 | 1.00 |      26.4 |        26.5 |          29.4 |       13.3 
       abj-bka-kj |  5184 |   52 |   72 | 1.00 | 1.00 |      33.6 |        33.6 |          33.4 |       23.2 
       ajb-kba-jk |  3744 |   72 |   72 | 1.00 | 1.00 |      41.4 |        41.5 |          43.7 |       30.1 
     abjc-cbka-kj | 11520 |   20 |   24 | 1.00 | 1.00 |      19.0 |        18.8 |          16.5 |       13.0 
     ajbc-ckba-jk | 11520 |   24 |   20 | 1.00 | 1.00 |      23.9 |        23.1 |          23.5 |       15.0 
     abjc-kbac-jk |  9600 |   24 |   24 | 1.00 | 1.00 |      28.3 |        29.4 |          32.0 |       16.0 
   abjcd-dkbac-jk | 82944 |   24 |   12 | 1.00 | 1.00 |      13.0 |        13.4 |          13.8 |        8.3 
   adbjc-cbdka-kj | 82944 |   12 |   24 | 1.00 | 1.00 |       6.1 |         6.2 |           5.4 |        6.3 
   ajbdc-ckbad-jk | 82944 |   24 |   12 | 1.00 | 1.00 |      12.6 |        13.0 |          14.2 |        8.8 
 abcijk-ijma-mkbc |  4608 |  512 |   24 | 1.00 | 1.00 |      32.9 |        32.8 |          38.1 |       27.7 
 abcijk-ijmb-mkac |  1536 | 1536 |   24 | 1.00 | 1.00 |      33.9 |        34.0 |          40.6 |       26.2 
 abcijk-ijmc-mkab |  1536 | 1536 |   24 | 1.00 | 1.00 |      33.4 |        33.5 |          39.4 |       32.6 
 abcijk-ikma-mjbc |  4608 |  512 |   24 | 1.00 | 1.00 |      32.8 |        32.8 |          38.3 |       28.3 
 abcijk-ikmb-mjac |  1536 | 1536 |   24 | 1.00 | 1.00 |      33.9 |        34.0 |          40.0 |       29.0 
 abcijk-ikmc-mjab |  1536 | 1536 |   24 | 1.00 | 1.00 |      33.2 |        33.5 |          39.4 |       28.0 
 abcijk-jkma-mibc |  4608 |  512 |   24 | 1.00 | 1.00 |      33.0 |        33.0 |          37.6 |       31.7 
 abcijk-jkmb-miac |  1536 | 1536 |   24 | 1.00 | 1.00 |      33.9 |        34.1 |          40.7 |       21.3 
 abcijk-jkmc-miab |  1536 | 1536 |   24 | 1.00 | 1.00 |      33.6 |        33.6 |          39.3 |       29.8 
 abcijk-eiab-jkec |  1536 | 1536 |   24 | 1.00 | 1.00 |      33.5 |        33.4 |          39.8 |       29.1 
 abcijk-eiac-jkeb |  1536 | 1536 |   24 | 1.00 | 1.00 |      33.6 |        34.0 |          40.2 |       21.5 
 abcijk-eibc-jkea |   512 | 4608 |   24 | 1.00 | 1.00 |      33.2 |        32.6 |          38.6 |       31.5 
 abcijk-ejab-ikec |  1536 | 1536 |   24 | 1.00 | 1.00 |      33.4 |        33.8 |          39.8 |       28.6 
 abcijk-ejac-ikeb |  1536 | 1536 |   24 | 1.00 | 1.00 |      33.9 |        33.9 |          40.2 |       26.8 
 abcijk-ejbc-ikea |   512 | 4608 |   24 | 1.00 | 1.00 |      32.5 |        33.0 |          38.0 |       27.3 
 abcijk-ekab-ijec |  1536 | 1536 |   24 | 1.00 | 1.00 |      33.5 |        33.4 |          39.0 |       32.8 
 abcijk-ekac-ijeb |  1536 | 1536 |   24 | 1.00 | 1.00 |      33.6 |        33.8 |          40.6 |       25.5 
 abcijk-ekbc-ijea |   512 | 4608 |   24 | 1.00 | 1.00 |      33.1 |        33.0 |          38.3 |       27.5 
       abc-bk-akc |    72 | 3744 |   52 | 1.00 | 1.00 |      41.3 |        41.5 |          44.1 |       30.7 

=== c64 ===
             case |     m |    n |    k | regA | regB | plan GF/s | packed GF/s | upstream GF/s | tblis GF/s 
------------------+-------+------+------+------+------+-----------+-------------+---------------+------------
         ij-ik-kj |   384 |  364 |  384 | 1.00 | 1.00 |      34.7 |        34.8 |          34.6 |       41.5 
       ij-ikl-ljk |    72 |   52 | 3744 | 1.00 | 1.00 |      36.8 |        37.0 |          36.4 |       31.1 
       ij-kil-lkj |    72 |   52 | 5184 | 1.00 | 1.00 |      32.0 |        31.9 |          31.9 |       29.1 
       ijk-ikl-lj |  3744 |   52 |   72 | 1.00 | 1.00 |      42.6 |        42.7 |          43.1 |       30.2 
       ijk-il-jlk |    72 | 3744 |   52 | 1.00 | 1.00 |      39.4 |        38.4 |          38.4 |       37.8 
       ijk-ilk-jl |  3744 |   72 |   52 | 0.89 | 1.00 |      44.5 |        43.7 |          45.2 |       36.0 
       ijk-ilk-lj |  3744 |   52 |   72 | 0.89 | 1.00 |      42.5 |        42.2 |          43.1 |       31.9 
     ijk-ilmk-mjl |   480 |   20 |  480 | 0.67 | 1.00 |      36.6 |        36.6 |          36.4 |       28.0 
   ijkl-imjn-lnkm |   480 |  480 |  400 | 0.67 | 0.80 |      47.6 |        47.6 |          47.7 |       45.3 
   ijkl-imjn-nlmk |   480 |  400 |  480 | 0.67 | 0.81 |      47.4 |        47.4 |          47.7 |       43.3 
   ijkl-imkn-jnlm |   480 |  480 |  400 | 0.67 | 1.00 |      47.0 |        47.1 |          46.8 |       44.9 
   ijkl-imkn-njml |   480 |  400 |  480 | 0.67 | 0.81 |      47.4 |        47.5 |          47.5 |       42.6 
   ijkl-imln-jnkm |   480 |  480 |  400 | 0.67 | 1.00 |      47.2 |        47.3 |          47.1 |       45.0 
   ijkl-imln-njmk |   480 |  400 |  480 | 0.67 | 0.81 |      47.5 |        47.6 |          47.6 |       43.6 
   ijkl-imnj-nlkm |   480 |  400 |  480 | 0.67 | 0.81 |      47.6 |        47.6 |          47.7 |       44.0 
   ijkl-imnk-njml |   480 |  400 |  480 | 0.67 | 0.81 |      47.6 |        47.6 |          47.6 |       43.8 
   ijkl-minj-nlmk |   480 |  400 |  576 | 0.67 | 0.81 |      45.9 |        45.8 |          45.8 |       43.0 
   ijkl-mink-jnlm |   480 |  480 |  480 | 0.67 | 1.00 |      47.1 |        47.1 |          46.8 |       44.0 
   ijkl-minl-njmk |   480 |  400 |  576 | 0.67 | 0.81 |      46.0 |        46.2 |          46.0 |       43.6 
     aqrs-pa-pqrs |    24 | 8000 |   24 | 1.00 | 1.00 |      28.7 |        28.3 |          28.5 |       25.6 
     abrs-qb-aqrs |    20 | 9600 |   24 | 1.00 | 1.00 |      35.5 |        35.4 |          37.9 |       23.1 
     abcs-rc-abrs |    20 | 9600 |   24 | 1.00 | 1.00 |      31.3 |        31.2 |          32.8 |       23.8 
       abj-bka-kj |  5184 |   52 |   72 | 0.89 | 1.00 |      39.9 |        39.9 |          40.5 |       28.3 
       ajb-kba-jk |  3744 |   72 |   72 | 0.89 | 1.00 |      44.0 |        42.6 |          42.8 |       32.8 
     abjc-cbka-kj | 11520 |   20 |   24 | 0.67 | 1.00 |      22.9 |        22.8 |          24.3 |       22.1 
     ajbc-ckba-jk | 11520 |   24 |   20 | 1.00 | 1.00 |      24.6 |        24.0 |          26.7 |       22.7 
     abjc-kbac-jk |  9600 |   24 |   24 | 0.67 | 1.00 |      35.2 |        34.8 |          36.3 |       26.1 
   abjcd-dkbac-jk | 82944 |   24 |   12 | 0.67 | 1.00 |      19.7 |        19.8 |          21.0 |       16.1 
   adbjc-cbdka-kj | 82944 |   12 |   24 | 0.67 | 1.00 |       9.9 |         9.9 |          10.1 |       13.3 
   ajbdc-ckbad-jk | 82944 |   24 |   12 | 1.00 | 1.00 |      21.8 |        21.9 |          24.2 |       15.5 
 abcijk-ijma-mkbc |  4608 |  512 |   24 | 1.00 | 0.97 |      38.5 |        38.5 |          41.1 |       33.0 
 abcijk-ijmb-mkac |  1536 | 1536 |   24 | 1.00 | 0.75 |      40.4 |        40.5 |          43.3 |       33.0 
 abcijk-ijmc-mkab |  1536 | 1536 |   24 | 1.00 | 0.50 |      41.5 |        41.6 |          42.9 |       37.8 
 abcijk-ikma-mjbc |  4608 |  512 |   24 | 1.00 | 0.97 |      38.4 |        38.4 |          40.9 |       32.9 
 abcijk-ikmb-mjac |  1536 | 1536 |   24 | 1.00 | 0.75 |      40.7 |        40.5 |          43.3 |       34.0 
 abcijk-ikmc-mjab |  1536 | 1536 |   24 | 1.00 | 0.50 |      41.7 |        41.6 |          42.9 |       35.7 
 abcijk-jkma-mibc |  4608 |  512 |   24 | 1.00 | 0.97 |      38.3 |        38.4 |          41.2 |       36.2 
 abcijk-jkmb-miac |  1536 | 1536 |   24 | 1.00 | 0.75 |      40.9 |        40.8 |          43.7 |       29.8 
 abcijk-jkmc-miab |  1536 | 1536 |   24 | 1.00 | 0.50 |      41.2 |        41.4 |          42.6 |       36.8 
 abcijk-eiab-jkec |  1536 | 1536 |   24 | 1.00 | 0.50 |      41.2 |        41.3 |          42.6 |       37.0 
 abcijk-eiac-jkeb |  1536 | 1536 |   24 | 1.00 | 0.75 |      40.5 |        40.6 |          43.5 |       30.2 
 abcijk-eibc-jkea |   512 | 4608 |   24 | 1.00 | 0.97 |      38.4 |        38.5 |          40.8 |       36.7 
 abcijk-ejab-ikec |  1536 | 1536 |   24 | 1.00 | 0.50 |      41.7 |        41.4 |          42.9 |       34.9 
 abcijk-ejac-ikeb |  1536 | 1536 |   24 | 1.00 | 0.75 |      40.6 |        40.5 |          43.1 |       34.0 
 abcijk-ejbc-ikea |   512 | 4608 |   24 | 1.00 | 0.97 |      38.6 |        38.6 |          41.0 |       32.9 
 abcijk-ekab-ijec |  1536 | 1536 |   24 | 1.00 | 0.50 |      41.4 |        41.3 |          42.6 |       37.8 
 abcijk-ekac-ijeb |  1536 | 1536 |   24 | 1.00 | 0.75 |      40.5 |        40.4 |          43.2 |       32.9 
 abcijk-ekbc-ijea |   512 | 4608 |   24 | 1.00 | 0.97 |      38.7 |        38.6 |          40.9 |       33.0 
       abc-bk-akc |    72 | 3744 |   52 | 0.89 | 1.00 |      44.9 |        43.9 |          46.0 |       35.0 

=== complex efficiency ratio (c64 GF/s over f64 GF/s; 1.0 = no penalty) ===
             case | plan c64/f64 | packed c64/f64 | upstream c64/f64 | tblis c64/f64 
------------------+--------------+----------------+------------------+---------------
         ij-ik-kj |        0.936 |          1.021 |            1.011 |         1.404 
       ij-ikl-ljk |        0.998 |          0.999 |            0.981 |         1.421 
       ij-kil-lkj |        0.931 |          0.924 |            0.927 |         1.362 
       ijk-ikl-lj |        1.077 |          1.076 |            1.036 |         1.134 
       ijk-il-jlk |        0.988 |          0.957 |            0.935 |         1.287 
       ijk-ilk-jl |        1.074 |          1.057 |            1.023 |         1.160 
       ijk-ilk-lj |        1.078 |          1.068 |            1.045 |         1.176 
     ijk-ilmk-mjl |        1.068 |          1.069 |            1.044 |         1.729 
   ijkl-imjn-lnkm |        1.041 |          1.031 |            0.999 |         1.105 
   ijkl-imjn-nlmk |        1.012 |          1.005 |            0.987 |         1.083 
   ijkl-imkn-jnlm |        0.994 |          0.996 |            0.961 |         1.051 
   ijkl-imkn-njml |        0.998 |          1.004 |            0.977 |         1.048 
   ijkl-imln-jnkm |        0.995 |          0.997 |            0.968 |         1.071 
   ijkl-imln-njmk |        1.012 |          1.001 |            0.980 |         1.053 
   ijkl-imnj-nlkm |        1.007 |          1.007 |            0.983 |         1.051 
   ijkl-imnk-njml |        1.002 |          0.999 |            0.978 |         1.048 
   ijkl-minj-nlmk |        1.001 |          0.999 |            0.975 |         1.049 
   ijkl-mink-jnlm |        1.000 |          0.997 |            0.976 |         1.055 
   ijkl-minl-njmk |        0.993 |          0.994 |            0.971 |         1.052 
     aqrs-pa-pqrs |        0.588 |          0.936 |            0.929 |         1.826 
     abrs-qb-aqrs |        1.325 |          1.322 |            1.276 |         1.732 
     abcs-rc-abrs |        1.186 |          1.180 |            1.116 |         1.788 
       abj-bka-kj |        1.189 |          1.188 |            1.213 |         1.220 
       ajb-kba-jk |        1.064 |          1.027 |            0.979 |         1.092 
     abjc-cbka-kj |        1.209 |          1.213 |            1.474 |         1.700 
     ajbc-ckba-jk |        1.028 |          1.040 |            1.139 |         1.509 
     abjc-kbac-jk |        1.247 |          1.183 |            1.134 |         1.628 
   abjcd-dkbac-jk |        1.516 |          1.478 |            1.521 |         1.945 
   adbjc-cbdka-kj |        1.611 |          1.604 |            1.851 |         2.093 
   ajbdc-ckbad-jk |        1.733 |          1.693 |            1.711 |         1.769 
 abcijk-ijma-mkbc |        1.172 |          1.175 |            1.079 |         1.189 
 abcijk-ijmb-mkac |        1.192 |          1.191 |            1.066 |         1.261 
 abcijk-ijmc-mkab |        1.244 |          1.241 |            1.090 |         1.160 
 abcijk-ikma-mjbc |        1.169 |          1.169 |            1.068 |         1.163 
 abcijk-ikmb-mjac |        1.201 |          1.191 |            1.082 |         1.169 
 abcijk-ikmc-mjab |        1.255 |          1.240 |            1.089 |         1.275 
 abcijk-jkma-mibc |        1.158 |          1.164 |            1.096 |         1.143 
 abcijk-jkmb-miac |        1.207 |          1.197 |            1.074 |         1.404 
 abcijk-jkmc-miab |        1.226 |          1.231 |            1.084 |         1.236 
 abcijk-eiab-jkec |        1.230 |          1.235 |            1.072 |         1.271 
 abcijk-eiac-jkeb |        1.204 |          1.193 |            1.081 |         1.408 
 abcijk-eibc-jkea |        1.157 |          1.181 |            1.059 |         1.164 
 abcijk-ejab-ikec |        1.247 |          1.228 |            1.078 |         1.220 
 abcijk-ejac-ikeb |        1.198 |          1.196 |            1.074 |         1.267 
 abcijk-ejbc-ikea |        1.189 |          1.169 |            1.080 |         1.204 
 abcijk-ekab-ijec |        1.235 |          1.237 |            1.093 |         1.152 
 abcijk-ekac-ijeb |        1.206 |          1.197 |            1.064 |         1.291 
 abcijk-ekbc-ijea |        1.168 |          1.168 |            1.068 |         1.202 
       abc-bk-akc |        1.089 |          1.057 |            1.043 |         1.143 
             MEAN |        1.136 |          1.137 |            1.093 |         1.305 

wrote /home/shinaoka/projects/tensor4all/tprims-rs/benchmarks/benchmarks/tcbench/results/scatter-wired/candidate/A-1m-1t.pending.csv
