# threads: requested=4 pool=4 budget=4
host        : shinaoka-EVO-X1Pro
target      : x86_64 / linux
cpu features: avx2 fma avx512f avx512dq 
caches      : L1=48KiB/12-way/2sh L2=1024KiB/16-way/2sh L3=8192KiB/16-way/16sh (via sysfs), blocking=legacy
l3 domains  : t1=1 t4=1 t8=1
baselines   : tblis=true blas=false
tblis       : abi 2.x, 4 thread(s)

running 49 cases at 1 MiB nominal tensor size, 5 reps, stress=none


=== f64 ===
             case |     m |    n |    k | regA | regB | plan GF/s | packed GF/s | upstream GF/s | tblis GF/s 
------------------+-------+------+------+------+------+-----------+-------------+---------------+------------
         ij-ik-kj |   384 |  364 |  384 | 0.00 | 0.00 |     144.1 |       130.9 |         120.7 |      106.5 
       ij-ikl-ljk |    72 |   52 | 3744 | 1.00 | 1.00 |      61.7 |        61.7 |          53.4 |       38.4 
       ij-kil-lkj |    72 |   52 | 5184 | 1.00 | 1.00 |      58.4 |        58.6 |          52.1 |       38.3 
       ijk-ikl-lj |  3744 |   52 |   72 | 1.00 | 1.00 |     105.9 |       105.4 |          83.9 |       69.7 
       ijk-il-jlk |    72 | 3744 |   52 | 1.00 | 1.00 |      52.1 |       109.0 |          93.2 |       76.6 
       ijk-ilk-jl |  3744 |   72 |   52 | 1.00 | 1.00 |     117.4 |       121.2 |          97.6 |       84.8 
       ijk-ilk-lj |  3744 |   52 |   72 | 1.00 | 1.00 |     129.7 |       131.9 |         108.1 |       89.1 
     ijk-ilmk-mjl |   480 |   20 |  480 | 1.00 | 1.00 |     118.3 |       117.2 |          72.7 |       54.4 
   ijkl-imjn-lnkm |   480 |  480 |  400 | 1.00 | 0.80 |     176.6 |       177.5 |         169.6 |      149.4 
   ijkl-imjn-nlmk |   480 |  400 |  480 | 1.00 | 0.80 |     159.9 |       184.3 |         176.5 |      151.1 
   ijkl-imkn-jnlm |   480 |  480 |  400 | 1.00 | 1.00 |     184.7 |       185.3 |         174.9 |      153.9 
   ijkl-imkn-njml |   480 |  400 |  480 | 1.00 | 0.80 |     185.9 |       187.4 |         178.8 |      152.0 
   ijkl-imln-jnkm |   480 |  480 |  400 | 1.00 | 1.00 |     185.4 |       186.3 |         172.7 |      154.3 
   ijkl-imln-njmk |   480 |  400 |  480 | 1.00 | 0.80 |     186.8 |       187.8 |         179.5 |      151.8 
   ijkl-imnj-nlkm |   480 |  400 |  480 | 1.00 | 0.80 |     182.2 |       186.6 |         177.7 |      154.0 
   ijkl-imnk-njml |   480 |  400 |  480 | 1.00 | 0.80 |     187.4 |       188.2 |         179.0 |      153.7 
   ijkl-minj-nlmk |   480 |  400 |  576 | 1.00 | 0.80 |     179.6 |       179.8 |         172.8 |      149.4 
   ijkl-mink-jnlm |   480 |  480 |  480 | 1.00 | 1.00 |     184.1 |       186.6 |         177.4 |      148.8 
   ijkl-minl-njmk |   480 |  400 |  576 | 1.00 | 0.80 |     181.9 |       182.6 |         174.8 |      151.9 
     aqrs-pa-pqrs |    24 | 8000 |   24 | 0.00 | 0.00 |      49.3 |       110.5 |          59.8 |       43.0 
     abrs-qb-aqrs |    20 | 9600 |   24 | 1.00 | 1.00 |      89.7 |        92.4 |          67.9 |       40.1 
     abcs-rc-abrs |    20 | 9600 |   24 | 1.00 | 1.00 |      91.0 |        92.0 |          64.1 |       40.5 
       abj-bka-kj |  5184 |   52 |   72 | 1.00 | 1.00 |     129.2 |       128.3 |         109.0 |       83.8 
       ajb-kba-jk |  3744 |   72 |   72 | 1.00 | 1.00 |     155.4 |       157.6 |         131.5 |      114.5 
     abjc-cbka-kj | 11520 |   20 |   24 | 1.00 | 1.00 |      63.2 |        64.4 |          39.5 |       38.8 
     ajbc-ckba-jk | 11520 |   24 |   20 | 1.00 | 1.00 |      77.6 |        77.8 |          51.4 |       43.2 
     abjc-kbac-jk |  9600 |   24 |   24 | 1.00 | 1.00 |     100.9 |       101.3 |          70.5 |       48.2 
   abjcd-dkbac-jk | 82944 |   24 |   12 | 1.00 | 1.00 |      34.4 |        36.7 |          35.1 |       22.9 
   adbjc-cbdka-kj | 82944 |   12 |   24 | 1.00 | 1.00 |      10.5 |        10.6 |           8.5 |       18.5 
   ajbdc-ckbad-jk | 82944 |   24 |   12 | 1.00 | 1.00 |      33.5 |        33.4 |          33.9 |       23.7 
 abcijk-ijma-mkbc |  4608 |  512 |   24 | 1.00 | 1.00 |     108.9 |       112.1 |         119.1 |      100.0 
 abcijk-ijmb-mkac |  1536 | 1536 |   24 | 1.00 | 1.00 |     115.1 |       115.7 |         128.9 |       61.6 
 abcijk-ijmc-mkab |  1536 | 1536 |   24 | 1.00 | 1.00 |     114.6 |       117.6 |         125.5 |       94.1 
 abcijk-ikma-mjbc |  4608 |  512 |   24 | 1.00 | 1.00 |     106.9 |       116.0 |         116.7 |      100.5 
 abcijk-ikmb-mjac |  1536 | 1536 |   24 | 1.00 | 1.00 |     114.0 |       110.4 |         129.0 |       95.9 
 abcijk-ikmc-mjab |  1536 | 1536 |   24 | 1.00 | 1.00 |     112.1 |       112.1 |         120.4 |       84.2 
 abcijk-jkma-mibc |  4608 |  512 |   24 | 1.00 | 1.00 |     110.9 |       113.2 |         115.4 |      106.4 
 abcijk-jkmb-miac |  1536 | 1536 |   24 | 1.00 | 1.00 |     117.4 |       123.1 |         135.0 |       60.4 
 abcijk-jkmc-miab |  1536 | 1536 |   24 | 1.00 | 1.00 |     115.9 |       116.6 |         121.8 |       82.6 
 abcijk-eiab-jkec |  1536 | 1536 |   24 | 1.00 | 1.00 |     110.3 |       118.3 |         124.4 |       83.4 
 abcijk-eiac-jkeb |  1536 | 1536 |   24 | 1.00 | 1.00 |     118.7 |       120.3 |         123.2 |       60.9 
 abcijk-eibc-jkea |   512 | 4608 |   24 | 1.00 | 1.00 |     108.8 |       114.3 |         118.3 |      109.0 
 abcijk-ejab-ikec |  1536 | 1536 |   24 | 1.00 | 1.00 |     116.1 |       118.5 |         122.5 |       85.7 
 abcijk-ejac-ikeb |  1536 | 1536 |   24 | 1.00 | 1.00 |     114.2 |       113.6 |         131.2 |       95.1 
 abcijk-ejbc-ikea |   512 | 4608 |   24 | 1.00 | 1.00 |      99.7 |       111.7 |         113.7 |       99.2 
 abcijk-ekab-ijec |  1536 | 1536 |   24 | 1.00 | 1.00 |     111.5 |       113.3 |         123.8 |       93.9 
 abcijk-ekac-ijeb |  1536 | 1536 |   24 | 1.00 | 1.00 |     114.0 |       117.4 |         127.6 |       64.0 
 abcijk-ekbc-ijea |   512 | 4608 |   24 | 1.00 | 1.00 |     110.3 |       108.7 |         112.9 |       99.8 
       abc-bk-akc |    72 | 3744 |   52 | 1.00 | 1.00 |     153.0 |       155.8 |         126.8 |      108.9 

=== c64 ===
             case |     m |    n |    k | regA | regB | plan GF/s | packed GF/s | upstream GF/s | tblis GF/s 
------------------+-------+------+------+------+------+-----------+-------------+---------------+------------
         ij-ik-kj |   384 |  364 |  384 | 1.00 | 1.00 |     136.8 |       137.2 |         132.2 |      125.6 
       ij-ikl-ljk |    72 |   52 | 3744 | 1.00 | 1.00 |      64.3 |        64.3 |          60.4 |       77.0 
       ij-kil-lkj |    72 |   52 | 5184 | 1.00 | 1.00 |      59.7 |        59.4 |          56.4 |       75.5 
       ijk-ikl-lj |  3744 |   52 |   72 | 1.00 | 1.00 |     119.6 |       120.2 |         113.3 |       91.0 
       ijk-il-jlk |    72 | 3744 |   52 | 1.00 | 1.00 |      64.2 |        68.7 |          67.8 |      113.3 
       ijk-ilk-jl |  3744 |   72 |   52 | 0.89 | 1.00 |     138.0 |       139.2 |         134.4 |      121.1 
       ijk-ilk-lj |  3744 |   52 |   72 | 0.89 | 1.00 |     155.1 |       157.1 |         149.3 |      126.3 
     ijk-ilmk-mjl |   480 |   20 |  480 | 0.67 | 1.00 |     128.9 |       130.0 |         108.4 |      113.7 
   ijkl-imjn-lnkm |   480 |  480 |  400 | 0.67 | 0.80 |     171.0 |       171.7 |         168.3 |      166.8 
   ijkl-imjn-nlmk |   480 |  400 |  480 | 0.67 | 0.81 |     171.0 |       168.3 |         170.5 |      165.0 
   ijkl-imkn-jnlm |   480 |  480 |  400 | 0.67 | 1.00 |     165.0 |       160.2 |         169.2 |      168.2 
   ijkl-imkn-njml |   480 |  400 |  480 | 0.67 | 0.81 |     164.1 |       174.6 |         171.9 |      168.1 
   ijkl-imln-jnkm |   480 |  480 |  400 | 0.67 | 1.00 |     173.4 |       172.3 |         170.0 |      166.3 
   ijkl-imln-njmk |   480 |  400 |  480 | 0.67 | 0.81 |     174.4 |       153.8 |         171.0 |      169.6 
   ijkl-imnj-nlkm |   480 |  400 |  480 | 0.67 | 0.81 |     174.9 |       174.4 |         170.0 |      171.1 
   ijkl-imnk-njml |   480 |  400 |  480 | 0.67 | 0.81 |     173.8 |       173.1 |         172.1 |      171.6 
   ijkl-minj-nlmk |   480 |  400 |  576 | 0.67 | 0.81 |     167.6 |       166.8 |         164.4 |      161.4 
   ijkl-mink-jnlm |   480 |  480 |  480 | 0.67 | 1.00 |     171.6 |       168.2 |         168.7 |      166.8 
   ijkl-minl-njmk |   480 |  400 |  576 | 0.67 | 0.81 |     168.9 |       168.4 |         166.1 |      165.2 
     aqrs-pa-pqrs |    24 | 8000 |   24 | 1.00 | 1.00 |      99.2 |       100.1 |          86.8 |       91.4 
     abrs-qb-aqrs |    20 | 9600 |   24 | 1.00 | 1.00 |     134.7 |       136.1 |         115.5 |       80.3 
     abcs-rc-abrs |    20 | 9600 |   24 | 1.00 | 1.00 |     121.7 |       122.7 |         102.7 |       81.7 
       abj-bka-kj |  5184 |   52 |   72 | 0.89 | 1.00 |     150.1 |       150.4 |         143.1 |       98.2 
       ajb-kba-jk |  3744 |   72 |   72 | 0.89 | 1.00 |     169.2 |       167.2 |         157.8 |      128.9 
     abjc-cbka-kj | 11520 |   20 |   24 | 0.67 | 1.00 |      88.5 |        86.4 |          79.4 |       71.4 
     ajbc-ckba-jk | 11520 |   24 |   20 | 1.00 | 1.00 |      97.7 |        97.0 |          85.9 |       71.5 
     abjc-kbac-jk |  9600 |   24 |   24 | 0.67 | 1.00 |     137.1 |       136.5 |         119.5 |       83.6 
   abjcd-dkbac-jk | 82944 |   24 |   12 | 0.67 | 1.00 |      57.5 |        56.7 |          57.4 |       46.7 
   adbjc-cbdka-kj | 82944 |   12 |   24 | 0.67 | 1.00 |      29.2 |        29.0 |          28.8 |       32.7 
   ajbdc-ckbad-jk | 82944 |   24 |   12 | 1.00 | 1.00 |      55.6 |        55.4 |          55.5 |       48.4 
 abcijk-ijma-mkbc |  4608 |  512 |   24 | 1.00 | 0.97 |     142.3 |       142.0 |         150.5 |      123.8 
 abcijk-ijmb-mkac |  1536 | 1536 |   24 | 1.00 | 0.75 |     150.2 |       151.7 |         161.1 |      111.8 
 abcijk-ijmc-mkab |  1536 | 1536 |   24 | 1.00 | 0.50 |     157.9 |       155.5 |         158.3 |      136.8 
 abcijk-ikma-mjbc |  4608 |  512 |   24 | 1.00 | 0.97 |     141.8 |       123.5 |         150.5 |      123.2 
 abcijk-ikmb-mjac |  1536 | 1536 |   24 | 1.00 | 0.75 |     152.7 |       151.2 |         160.3 |      122.2 
 abcijk-ikmc-mjab |  1536 | 1536 |   24 | 1.00 | 0.50 |     156.9 |       156.8 |         158.2 |      127.2 
 abcijk-jkma-mibc |  4608 |  512 |   24 | 1.00 | 0.97 |     143.1 |       141.9 |         152.8 |      135.4 
 abcijk-jkmb-miac |  1536 | 1536 |   24 | 1.00 | 0.75 |     150.1 |       152.0 |         159.9 |      102.4 
 abcijk-jkmc-miab |  1536 | 1536 |   24 | 1.00 | 0.50 |     130.2 |       131.1 |         154.9 |      123.8 
 abcijk-eiab-jkec |  1536 | 1536 |   24 | 1.00 | 0.50 |     151.8 |       151.7 |         154.6 |      122.9 
 abcijk-eiac-jkeb |  1536 | 1536 |   24 | 1.00 | 0.75 |     150.9 |       148.4 |         156.5 |      104.4 
 abcijk-eibc-jkea |   512 | 4608 |   24 | 1.00 | 0.97 |     143.1 |       143.5 |         150.0 |      136.5 
 abcijk-ejab-ikec |  1536 | 1536 |   24 | 1.00 | 0.50 |     155.9 |       153.5 |         158.8 |      127.2 
 abcijk-ejac-ikeb |  1536 | 1536 |   24 | 1.00 | 0.75 |     150.1 |       149.9 |         159.8 |      123.1 
 abcijk-ejbc-ikea |   512 | 4608 |   24 | 1.00 | 0.97 |     140.6 |       140.4 |         149.4 |      123.7 
 abcijk-ekab-ijec |  1536 | 1536 |   24 | 1.00 | 0.50 |     157.5 |       155.8 |         160.1 |      137.0 
 abcijk-ekac-ijeb |  1536 | 1536 |   24 | 1.00 | 0.75 |     149.6 |       150.0 |         159.4 |      121.3 
 abcijk-ekbc-ijea |   512 | 4608 |   24 | 1.00 | 0.97 |     141.0 |       143.2 |         151.1 |      123.9 
       abc-bk-akc |    72 | 3744 |   52 | 0.89 | 1.00 |     174.6 |       173.4 |         168.1 |      143.7 

=== complex efficiency ratio (c64 GF/s over f64 GF/s; 1.0 = no penalty) ===
             case | plan c64/f64 | packed c64/f64 | upstream c64/f64 | tblis c64/f64 
------------------+--------------+----------------+------------------+---------------
         ij-ik-kj |        0.949 |          1.049 |            1.095 |         1.180 
       ij-ikl-ljk |        1.042 |          1.043 |            1.133 |         2.004 
       ij-kil-lkj |        1.023 |          1.014 |            1.084 |         1.969 
       ijk-ikl-lj |        1.130 |          1.140 |            1.351 |         1.306 
       ijk-il-jlk |        1.231 |          0.630 |            0.727 |         1.478 
       ijk-ilk-jl |        1.176 |          1.149 |            1.378 |         1.429 
       ijk-ilk-lj |        1.196 |          1.191 |            1.381 |         1.417 
     ijk-ilmk-mjl |        1.090 |          1.110 |            1.490 |         2.090 
   ijkl-imjn-lnkm |        0.968 |          0.967 |            0.992 |         1.117 
   ijkl-imjn-nlmk |        1.070 |          0.914 |            0.966 |         1.091 
   ijkl-imkn-jnlm |        0.893 |          0.864 |            0.967 |         1.093 
   ijkl-imkn-njml |        0.883 |          0.932 |            0.961 |         1.106 
   ijkl-imln-jnkm |        0.935 |          0.925 |            0.985 |         1.078 
   ijkl-imln-njmk |        0.934 |          0.819 |            0.953 |         1.117 
   ijkl-imnj-nlkm |        0.960 |          0.935 |            0.956 |         1.111 
   ijkl-imnk-njml |        0.927 |          0.920 |            0.961 |         1.117 
   ijkl-minj-nlmk |        0.934 |          0.927 |            0.952 |         1.080 
   ijkl-mink-jnlm |        0.932 |          0.901 |            0.951 |         1.121 
   ijkl-minl-njmk |        0.929 |          0.923 |            0.950 |         1.088 
     aqrs-pa-pqrs |        2.014 |          0.906 |            1.453 |         2.128 
     abrs-qb-aqrs |        1.501 |          1.473 |            1.701 |         2.003 
     abcs-rc-abrs |        1.337 |          1.334 |            1.602 |         2.016 
       abj-bka-kj |        1.162 |          1.172 |            1.313 |         1.171 
       ajb-kba-jk |        1.089 |          1.061 |            1.200 |         1.126 
     abjc-cbka-kj |        1.402 |          1.341 |            2.012 |         1.842 
     ajbc-ckba-jk |        1.260 |          1.247 |            1.670 |         1.655 
     abjc-kbac-jk |        1.359 |          1.348 |            1.696 |         1.734 
   abjcd-dkbac-jk |        1.672 |          1.546 |            1.633 |         2.036 
   adbjc-cbdka-kj |        2.783 |          2.731 |            3.393 |         1.774 
   ajbdc-ckbad-jk |        1.657 |          1.655 |            1.635 |         2.044 
 abcijk-ijma-mkbc |        1.306 |          1.267 |            1.264 |         1.238 
 abcijk-ijmb-mkac |        1.305 |          1.311 |            1.250 |         1.815 
 abcijk-ijmc-mkab |        1.377 |          1.323 |            1.261 |         1.453 
 abcijk-ikma-mjbc |        1.327 |          1.065 |            1.289 |         1.226 
 abcijk-ikmb-mjac |        1.339 |          1.369 |            1.243 |         1.275 
 abcijk-ikmc-mjab |        1.399 |          1.398 |            1.315 |         1.511 
 abcijk-jkma-mibc |        1.291 |          1.253 |            1.324 |         1.273 
 abcijk-jkmb-miac |        1.278 |          1.235 |            1.184 |         1.695 
 abcijk-jkmc-miab |        1.123 |          1.124 |            1.272 |         1.499 
 abcijk-eiab-jkec |        1.376 |          1.282 |            1.243 |         1.473 
 abcijk-eiac-jkeb |        1.271 |          1.233 |            1.270 |         1.716 
 abcijk-eibc-jkea |        1.315 |          1.256 |            1.268 |         1.253 
 abcijk-ejab-ikec |        1.343 |          1.295 |            1.297 |         1.485 
 abcijk-ejac-ikeb |        1.314 |          1.319 |            1.218 |         1.294 
 abcijk-ejbc-ikea |        1.411 |          1.257 |            1.315 |         1.247 
 abcijk-ekab-ijec |        1.412 |          1.375 |            1.294 |         1.459 
 abcijk-ekac-ijeb |        1.313 |          1.278 |            1.249 |         1.897 
 abcijk-ekbc-ijea |        1.279 |          1.318 |            1.338 |         1.242 
       abc-bk-akc |        1.141 |          1.113 |            1.326 |         1.319 
             MEAN |        1.252 |          1.188 |            1.301 |         1.467 

wrote /home/shinaoka/projects/tensor4all/tprims-rs/benchmarks/benchmarks/tcbench/results/scatter-wired/candidate/A-1m-4t.pending.csv
