# threads: requested=1 pool=1 budget=1
host        : shinaoka-EVO-X1Pro
target      : x86_64 / linux
cpu features: avx2 fma avx512f avx512dq 
caches      : L1=48KiB/12-way/2sh L2=1024KiB/16-way/2sh L3=8192KiB/16-way/16sh (via sysfs), blocking=legacy
l3 domains  : t1=1
baselines   : tblis=true blas=false
tblis       : abi 2.x, 1 thread(s)

running 49 cases at 16 MiB nominal tensor size, 5 reps, stress=none


=== f64 ===
             case |      m |     n |     k | regA | regB | plan GF/s | packed GF/s | upstream GF/s | tblis GF/s 
------------------+--------+-------+-------+------+------+-----------+-------------+---------------+------------
         ij-ik-kj |   1464 |  1448 |  1464 | 0.00 | 0.00 |      36.4 |        47.7 |          47.3 |       45.7 
       ij-ikl-ljk |    144 |   128 | 18432 | 1.00 | 1.00 |      36.7 |        36.7 |          36.7 |       27.2 
       ij-kil-lkj |    144 |   128 | 20736 | 1.00 | 1.00 |      35.1 |        35.0 |          35.2 |       25.2 
       ijk-ikl-lj |  18432 |   128 |   144 | 1.00 | 1.00 |      41.6 |        41.8 |          43.5 |       33.5 
       ijk-il-jlk |    144 | 18432 |   128 | 1.00 | 1.00 |      37.7 |        37.4 |          36.7 |       36.6 
       ijk-ilk-jl |  18432 |   144 |   128 | 1.00 | 1.00 |      42.2 |        42.2 |          44.2 |       36.0 
       ijk-ilk-lj |  18432 |   128 |   144 | 1.00 | 1.00 |      41.9 |        42.0 |          43.9 |       33.9 
     ijk-ilmk-mjl |   1920 |    40 |  1920 | 1.00 | 1.00 |      38.4 |        39.2 |          40.0 |       21.8 
   ijkl-imjn-lnkm |   1920 |  1920 |  1600 | 1.00 | 1.00 |      44.9 |        44.9 |          45.4 |       46.6 
   ijkl-imjn-nlmk |   1920 |  1600 |  1920 | 1.00 | 1.00 |      45.4 |        45.4 |          45.8 |       45.8 
   ijkl-imkn-jnlm |   1920 |  1920 |  1600 | 1.00 | 1.00 |      45.1 |        45.1 |          44.8 |       46.0 
   ijkl-imkn-njml |   1920 |  1600 |  1920 | 1.00 | 1.00 |      45.4 |        45.5 |          46.0 |       45.1 
   ijkl-imln-jnkm |   1920 |  1920 |  1600 | 1.00 | 1.00 |      45.3 |        45.2 |          44.8 |       45.8 
   ijkl-imln-njmk |   1920 |  1600 |  1920 | 1.00 | 1.00 |      45.5 |        45.5 |          46.2 |       45.1 
   ijkl-imnj-nlkm |   1920 |  1600 |  1920 | 1.00 | 1.00 |      45.5 |        45.5 |          45.8 |       45.6 
   ijkl-imnk-njml |   1920 |  1600 |  1920 | 1.00 | 1.00 |      45.5 |        45.7 |          46.3 |       46.1 
   ijkl-minj-nlmk |   1920 |  1600 |  2304 | 1.00 | 1.00 |      45.2 |        45.2 |          45.3 |       44.8 
   ijkl-mink-jnlm |   1920 |  1920 |  1920 | 1.00 | 1.00 |      45.1 |        45.0 |          45.3 |       45.5 
   ijkl-minl-njmk |   1920 |  1600 |  2304 | 1.00 | 1.00 |      45.1 |        45.1 |          45.8 |       45.2 
     aqrs-pa-pqrs |     48 | 64000 |    48 | 0.00 | 0.00 |      40.3 |        31.2 |          29.9 |       18.7 
     abrs-qb-aqrs |     40 | 76800 |    48 | 1.00 | 1.00 |      31.8 |        32.0 |          34.7 |       21.3 
     abcs-rc-abrs |     40 | 76800 |    48 | 1.00 | 1.00 |      30.0 |        30.0 |          31.8 |       21.0 
       abj-bka-kj |  20736 |   128 |   144 | 1.00 | 1.00 |      38.3 |        38.5 |          38.6 |       26.9 
       ajb-kba-jk |  18432 |   144 |   144 | 1.00 | 1.00 |      41.9 |        41.9 |          42.9 |       37.9 
     abjc-cbka-kj |  92160 |    40 |    48 | 1.00 | 1.00 |       9.8 |         9.8 |           8.8 |       13.1 
     ajbc-ckba-jk |  92160 |    48 |    40 | 1.00 | 1.00 |      16.1 |        16.0 |          15.4 |       19.9 
     abjc-kbac-jk |  76800 |    48 |    48 | 1.00 | 1.00 |      26.4 |        26.5 |          28.8 |       17.9 
   abjcd-dkbac-jk | 230400 |    24 |    20 | 1.00 | 1.00 |      12.0 |        12.0 |          12.1 |       10.1 
   adbjc-cbdka-kj | 230400 |    20 |    24 | 1.00 | 1.00 |       5.2 |         5.2 |           5.1 |        5.2 
   ajbdc-ckbad-jk | 230400 |    24 |    20 | 1.00 | 1.00 |      11.7 |        11.7 |          11.8 |       10.6 
 abcijk-ijma-mkbc |   6912 |  1728 |    24 | 1.00 | 1.00 |      33.0 |        33.1 |          39.8 |       33.7 
 abcijk-ijmb-mkac |   3456 |  3456 |    24 | 1.00 | 0.67 |      31.1 |        31.1 |          38.2 |       24.3 
 abcijk-ijmc-mkab |   3456 |  3456 |    24 | 1.00 | 0.67 |      31.5 |        31.6 |          37.5 |       31.4 
 abcijk-ikma-mjbc |   6912 |  1728 |    24 | 1.00 | 1.00 |      32.8 |        32.9 |          39.7 |       33.4 
 abcijk-ikmb-mjac |   3456 |  3456 |    24 | 1.00 | 0.67 |      31.0 |        31.1 |          38.2 |       29.6 
 abcijk-ikmc-mjab |   3456 |  3456 |    24 | 1.00 | 0.67 |      31.7 |        31.7 |          37.5 |       26.4 
 abcijk-jkma-mibc |   6912 |  1728 |    24 | 1.00 | 1.00 |      33.1 |        33.3 |          40.2 |       33.2 
 abcijk-jkmb-miac |   3456 |  3456 |    24 | 1.00 | 0.67 |      31.3 |        31.4 |          37.7 |       16.3 
 abcijk-jkmc-miab |   3456 |  3456 |    24 | 1.00 | 0.67 |      31.9 |        32.0 |          37.7 |       21.5 
 abcijk-eiab-jkec |   3456 |  3456 |    24 | 1.00 | 0.67 |      31.9 |        32.0 |          37.7 |       21.2 
 abcijk-eiac-jkeb |   3456 |  3456 |    24 | 1.00 | 0.67 |      31.3 |        31.3 |          38.0 |       16.2 
 abcijk-eibc-jkea |   1728 |  6912 |    24 | 1.00 | 1.00 |      33.2 |        33.1 |          39.8 |       33.5 
 abcijk-ejab-ikec |   3456 |  3456 |    24 | 1.00 | 0.67 |      31.6 |        31.5 |          37.0 |       25.9 
 abcijk-ejac-ikeb |   3456 |  3456 |    24 | 1.00 | 0.67 |      31.0 |        30.9 |          38.0 |       29.6 
 abcijk-ejbc-ikea |   1728 |  6912 |    24 | 1.00 | 1.00 |      32.3 |        32.8 |          39.6 |       33.6 
 abcijk-ekab-ijec |   3456 |  3456 |    24 | 1.00 | 0.67 |      31.7 |        31.6 |          37.3 |       31.7 
 abcijk-ekac-ijeb |   3456 |  3456 |    24 | 1.00 | 0.67 |      31.0 |        31.0 |          38.4 |       24.3 
 abcijk-ekbc-ijea |   1728 |  6912 |    24 | 1.00 | 1.00 |      32.9 |        33.1 |          39.8 |       33.5 
       abc-bk-akc |    144 | 18432 |   128 | 1.00 | 1.00 |      42.7 |        42.7 |          44.7 |       37.1 

=== c64 ===
             case |      m |     n |     k | regA | regB | plan GF/s | packed GF/s | upstream GF/s | tblis GF/s 
------------------+--------+-------+-------+------+------+-----------+-------------+---------------+------------
         ij-ik-kj |   1464 |  1448 |  1464 | 1.00 | 1.00 |      47.9 |        47.9 |          48.1 |       46.9 
       ij-ikl-ljk |    144 |   128 | 18432 | 1.00 | 1.00 |      41.3 |        41.3 |          40.1 |       33.2 
       ij-kil-lkj |    144 |   128 | 20736 | 1.00 | 1.00 |      39.3 |        39.4 |          38.5 |       30.9 
       ijk-ikl-lj |  18432 |   128 |   144 | 1.00 | 1.00 |      45.4 |        45.4 |          46.0 |       36.1 
       ijk-il-jlk |    144 | 18432 |   128 | 1.00 | 1.00 |      44.8 |        44.8 |          43.7 |       42.6 
       ijk-ilk-jl |  18432 |   144 |   128 | 1.00 | 1.00 |      47.7 |        47.6 |          48.3 |       38.9 
       ijk-ilk-lj |  18432 |   128 |   144 | 1.00 | 1.00 |      46.3 |        46.3 |          46.8 |       37.8 
     ijk-ilmk-mjl |   1920 |    40 |  1920 | 1.00 | 1.00 |      41.2 |        41.2 |          40.5 |       28.0 
   ijkl-imjn-lnkm |   1920 |  1920 |  1600 | 1.00 | 0.90 |      47.3 |        47.2 |          47.3 |       45.7 
   ijkl-imjn-nlmk |   1920 |  1600 |  1920 | 1.00 | 0.90 |      47.2 |        47.3 |          47.5 |       44.6 
   ijkl-imkn-jnlm |   1920 |  1920 |  1600 | 1.00 | 1.00 |      47.5 |        47.4 |          47.1 |       45.3 
   ijkl-imkn-njml |   1920 |  1600 |  1920 | 1.00 | 0.90 |      47.5 |        47.5 |          47.7 |       44.5 
   ijkl-imln-jnkm |   1920 |  1920 |  1600 | 1.00 | 1.00 |      47.6 |        47.7 |          47.3 |       45.1 
   ijkl-imln-njmk |   1920 |  1600 |  1920 | 1.00 | 0.90 |      47.7 |        47.7 |          47.8 |       45.5 
   ijkl-imnj-nlkm |   1920 |  1600 |  1920 | 1.00 | 0.90 |      47.4 |        47.4 |          47.6 |       45.2 
   ijkl-imnk-njml |   1920 |  1600 |  1920 | 1.00 | 0.90 |      47.6 |        47.6 |          47.8 |       45.1 
   ijkl-minj-nlmk |   1920 |  1600 |  2304 | 1.00 | 0.90 |      46.6 |        46.6 |          46.6 |       45.1 
   ijkl-mink-jnlm |   1920 |  1920 |  1920 | 1.00 | 1.00 |      47.0 |        47.0 |          47.0 |       44.9 
   ijkl-minl-njmk |   1920 |  1600 |  2304 | 1.00 | 0.90 |      46.9 |        46.9 |          47.0 |       45.9 
     aqrs-pa-pqrs |     48 | 64000 |    48 | 1.00 | 1.00 |      36.9 |        37.0 |          36.8 |       29.0 
     abrs-qb-aqrs |     40 | 76800 |    48 | 1.00 | 1.00 |      37.7 |        37.7 |          39.0 |       29.0 
     abcs-rc-abrs |     40 | 76800 |    48 | 1.00 | 1.00 |      37.6 |        37.6 |          38.1 |       29.1 
       abj-bka-kj |  20736 |   128 |   144 | 1.00 | 1.00 |      40.5 |        40.6 |          40.5 |       31.0 
       ajb-kba-jk |  18432 |   144 |   144 | 1.00 | 1.00 |      47.9 |        47.9 |          48.3 |       40.4 
     abjc-cbka-kj |  92160 |    40 |    48 | 1.00 | 1.00 |      18.7 |        18.7 |          18.8 |       22.2 
     ajbc-ckba-jk |  92160 |    48 |    40 | 1.00 | 1.00 |      24.8 |        24.8 |          25.1 |       32.6 
     abjc-kbac-jk |  76800 |    48 |    48 | 1.00 | 1.00 |      38.4 |        38.4 |          39.2 |       26.7 
   abjcd-dkbac-jk | 230400 |    24 |    20 | 0.67 | 1.00 |      19.0 |        19.0 |          19.9 |       19.2 
   adbjc-cbdka-kj | 230400 |    20 |    24 | 0.67 | 1.00 |      12.0 |        12.0 |          11.4 |       17.0 
   ajbdc-ckbad-jk | 230400 |    24 |    20 | 1.00 | 1.00 |      18.6 |        18.6 |          19.1 |       19.6 
 abcijk-ijma-mkbc |   6912 |  1728 |    24 | 1.00 | 1.00 |      38.7 |        38.6 |          42.6 |       37.5 
 abcijk-ijmb-mkac |   3456 |  3456 |    24 | 1.00 | 1.00 |      39.9 |        39.9 |          44.0 |       33.3 
 abcijk-ijmc-mkab |   3456 |  3456 |    24 | 1.00 | 1.00 |      40.7 |        40.7 |          43.2 |       39.5 
 abcijk-ikma-mjbc |   6912 |  1728 |    24 | 1.00 | 1.00 |      38.6 |        38.5 |          42.4 |       37.6 
 abcijk-ikmb-mjac |   3456 |  3456 |    24 | 1.00 | 1.00 |      39.9 |        39.9 |          43.9 |       35.6 
 abcijk-ikmc-mjab |   3456 |  3456 |    24 | 1.00 | 1.00 |      40.7 |        40.7 |          43.2 |       35.2 
 abcijk-jkma-mibc |   6912 |  1728 |    24 | 1.00 | 1.00 |      38.7 |        38.7 |          42.6 |       37.6 
 abcijk-jkmb-miac |   3456 |  3456 |    24 | 1.00 | 1.00 |      39.3 |        39.3 |          43.4 |       27.6 
 abcijk-jkmc-miab |   3456 |  3456 |    24 | 1.00 | 1.00 |      40.2 |        40.2 |          42.9 |       33.3 
 abcijk-eiab-jkec |   3456 |  3456 |    24 | 1.00 | 1.00 |      40.1 |        40.2 |          42.9 |       33.3 
 abcijk-eiac-jkeb |   3456 |  3456 |    24 | 1.00 | 1.00 |      39.3 |        39.3 |          43.5 |       27.7 
 abcijk-eibc-jkea |   1728 |  6912 |    24 | 1.00 | 1.00 |      38.6 |        38.7 |          42.6 |       37.6 
 abcijk-ejab-ikec |   3456 |  3456 |    24 | 1.00 | 1.00 |      40.7 |        40.7 |          43.2 |       35.3 
 abcijk-ejac-ikeb |   3456 |  3456 |    24 | 1.00 | 1.00 |      39.9 |        39.9 |          43.9 |       34.9 
 abcijk-ejbc-ikea |   1728 |  6912 |    24 | 1.00 | 1.00 |      38.5 |        38.5 |          42.5 |       37.5 
 abcijk-ekab-ijec |   3456 |  3456 |    24 | 1.00 | 1.00 |      40.7 |        40.7 |          43.3 |       39.5 
 abcijk-ekac-ijeb |   3456 |  3456 |    24 | 1.00 | 1.00 |      39.9 |        39.9 |          44.1 |       33.3 
 abcijk-ekbc-ijea |   1728 |  6912 |    24 | 1.00 | 1.00 |      38.6 |        38.6 |          42.5 |       37.5 
       abc-bk-akc |    144 | 18432 |   128 | 1.00 | 1.00 |      47.6 |        47.6 |          48.4 |       39.2 

=== complex efficiency ratio (c64 GF/s over f64 GF/s; 1.0 = no penalty) ===
             case | plan c64/f64 | packed c64/f64 | upstream c64/f64 | tblis c64/f64 
------------------+--------------+----------------+------------------+---------------
         ij-ik-kj |        1.314 |          1.003 |            1.016 |         1.026 
       ij-ikl-ljk |        1.127 |          1.125 |            1.091 |         1.217 
       ij-kil-lkj |        1.121 |          1.125 |            1.094 |         1.223 
       ijk-ikl-lj |        1.091 |          1.086 |            1.057 |         1.078 
       ijk-il-jlk |        1.189 |          1.198 |            1.192 |         1.164 
       ijk-ilk-jl |        1.131 |          1.128 |            1.093 |         1.081 
       ijk-ilk-lj |        1.106 |          1.103 |            1.066 |         1.115 
     ijk-ilmk-mjl |        1.072 |          1.051 |            1.014 |         1.281 
   ijkl-imjn-lnkm |        1.054 |          1.053 |            1.042 |         0.981 
   ijkl-imjn-nlmk |        1.041 |          1.041 |            1.036 |         0.974 
   ijkl-imkn-jnlm |        1.054 |          1.053 |            1.052 |         0.986 
   ijkl-imkn-njml |        1.046 |          1.046 |            1.038 |         0.987 
   ijkl-imln-jnkm |        1.051 |          1.053 |            1.056 |         0.984 
   ijkl-imln-njmk |        1.047 |          1.048 |            1.034 |         1.007 
   ijkl-imnj-nlkm |        1.040 |          1.041 |            1.039 |         0.990 
   ijkl-imnk-njml |        1.047 |          1.043 |            1.033 |         0.978 
   ijkl-minj-nlmk |        1.030 |          1.031 |            1.030 |         1.008 
   ijkl-mink-jnlm |        1.042 |          1.043 |            1.036 |         0.987 
   ijkl-minl-njmk |        1.041 |          1.041 |            1.026 |         1.015 
     aqrs-pa-pqrs |        0.917 |          1.188 |            1.231 |         1.550 
     abrs-qb-aqrs |        1.184 |          1.178 |            1.124 |         1.362 
     abcs-rc-abrs |        1.255 |          1.255 |            1.198 |         1.385 
       abj-bka-kj |        1.058 |          1.056 |            1.050 |         1.154 
       ajb-kba-jk |        1.145 |          1.144 |            1.127 |         1.066 
     abjc-cbka-kj |        1.908 |          1.904 |            2.126 |         1.692 
     ajbc-ckba-jk |        1.546 |          1.546 |            1.636 |         1.635 
     abjc-kbac-jk |        1.452 |          1.453 |            1.360 |         1.492 
   abjcd-dkbac-jk |        1.587 |          1.590 |            1.649 |         1.900 
   adbjc-cbdka-kj |        2.323 |          2.326 |            2.215 |         3.281 
   ajbdc-ckbad-jk |        1.592 |          1.594 |            1.614 |         1.847 
 abcijk-ijma-mkbc |        1.173 |          1.168 |            1.072 |         1.115 
 abcijk-ijmb-mkac |        1.282 |          1.281 |            1.150 |         1.371 
 abcijk-ijmc-mkab |        1.291 |          1.287 |            1.151 |         1.258 
 abcijk-ikma-mjbc |        1.174 |          1.170 |            1.068 |         1.123 
 abcijk-ikmb-mjac |        1.286 |          1.282 |            1.150 |         1.202 
 abcijk-ikmc-mjab |        1.283 |          1.285 |            1.152 |         1.335 
 abcijk-jkma-mibc |        1.171 |          1.162 |            1.060 |         1.131 
 abcijk-jkmb-miac |        1.257 |          1.251 |            1.150 |         1.699 
 abcijk-jkmc-miab |        1.261 |          1.256 |            1.140 |         1.546 
 abcijk-eiab-jkec |        1.258 |          1.258 |            1.139 |         1.568 
 abcijk-eiac-jkeb |        1.256 |          1.257 |            1.143 |         1.704 
 abcijk-eibc-jkea |        1.165 |          1.169 |            1.072 |         1.123 
 abcijk-ejab-ikec |        1.288 |          1.292 |            1.167 |         1.363 
 abcijk-ejac-ikeb |        1.288 |          1.293 |            1.155 |         1.180 
 abcijk-ejbc-ikea |        1.194 |          1.173 |            1.073 |         1.118 
 abcijk-ekab-ijec |        1.284 |          1.287 |            1.162 |         1.247 
 abcijk-ekac-ijeb |        1.286 |          1.285 |            1.148 |         1.372 
 abcijk-ekbc-ijea |        1.174 |          1.167 |            1.068 |         1.120 
       abc-bk-akc |        1.114 |          1.115 |            1.081 |         1.058 
             MEAN |        1.226 |          1.224 |            1.177 |         1.287 

wrote /home/shinaoka/projects/tensor4all/tprims-rs/benchmarks/benchmarks/tcbench/results/scatter-wired/candidate/A2-16m-1t.pending.csv
