# threads: requested=8 pool=8 budget=8
host        : shinaoka-EVO-X1Pro
target      : x86_64 / linux
cpu features: avx2 fma avx512f avx512dq 
caches      : L1=48KiB/12-way/2sh L2=1024KiB/16-way/2sh L3=8192KiB/16-way/16sh (via sysfs), blocking=legacy
l3 domains  : t1=1 t4=1 t8=1 t16=2
baselines   : tblis=true blas=false
tblis       : abi 2.x, 8 thread(s)

running 49 cases at 1 MiB nominal tensor size, 5 reps, stress=none


=== f64 ===
             case |     m |    n |    k | regA | regB | plan GF/s | packed GF/s | upstream GF/s | tblis GF/s 
------------------+-------+------+------+------+------+-----------+-------------+---------------+------------
         ij-ik-kj |   384 |  364 |  384 | 0.00 | 0.00 |     240.0 |       243.5 |         179.0 |      177.4 
       ij-ikl-ljk |    72 |   52 | 3744 | 1.00 | 1.00 |      87.2 |        87.8 |          68.6 |       48.3 
       ij-kil-lkj |    72 |   52 | 5184 | 1.00 | 1.00 |      84.3 |        84.9 |          69.0 |       48.0 
       ijk-ikl-lj |  3744 |   52 |   72 | 1.00 | 1.00 |     183.1 |       189.3 |         109.7 |      120.5 
       ijk-il-jlk |    72 | 3744 |   52 | 1.00 | 1.00 |     187.9 |       199.8 |         124.6 |      129.3 
       ijk-ilk-jl |  3744 |   72 |   52 | 1.00 | 1.00 |     190.5 |       195.9 |          81.1 |      132.3 
       ijk-ilk-lj |  3744 |   52 |   72 | 1.00 | 1.00 |     160.4 |       185.0 |         112.7 |      119.2 
     ijk-ilmk-mjl |   480 |   20 |  480 | 1.00 | 1.00 |     109.5 |       112.3 |          49.2 |       57.8 
   ijkl-imjn-lnkm |   480 |  480 |  400 | 1.00 | 0.80 |     207.4 |       207.6 |         186.2 |      184.6 
   ijkl-imjn-nlmk |   480 |  400 |  480 | 1.00 | 0.80 |     238.8 |       241.3 |         217.5 |      223.7 
   ijkl-imkn-jnlm |   480 |  480 |  400 | 1.00 | 1.00 |     298.1 |       299.7 |         265.3 |      267.2 
   ijkl-imkn-njml |   480 |  400 |  480 | 1.00 | 0.80 |     300.2 |       305.4 |         269.8 |      264.5 
   ijkl-imln-jnkm |   480 |  480 |  400 | 1.00 | 1.00 |     297.2 |       298.4 |         261.3 |      268.0 
   ijkl-imln-njmk |   480 |  400 |  480 | 1.00 | 0.80 |     301.8 |       302.7 |         266.5 |      267.6 
   ijkl-imnj-nlkm |   480 |  400 |  480 | 1.00 | 0.80 |     288.0 |       297.6 |         258.1 |      264.3 
   ijkl-imnk-njml |   480 |  400 |  480 | 1.00 | 0.80 |     298.4 |       300.8 |         271.4 |      266.9 
   ijkl-minj-nlmk |   480 |  400 |  576 | 1.00 | 0.80 |     289.6 |       288.3 |         262.6 |      259.5 
   ijkl-mink-jnlm |   480 |  480 |  480 | 1.00 | 1.00 |     299.7 |       301.2 |         265.3 |      264.1 
   ijkl-minl-njmk |   480 |  400 |  576 | 1.00 | 0.80 |     289.3 |       296.3 |         264.8 |      262.8 
     aqrs-pa-pqrs |    24 | 8000 |   24 | 0.00 | 0.00 |     119.8 |       197.8 |          71.9 |       61.8 
     abrs-qb-aqrs |    20 | 9600 |   24 | 1.00 | 1.00 |     144.2 |       150.0 |          57.3 |       57.7 
     abcs-rc-abrs |    20 | 9600 |   24 | 1.00 | 1.00 |     142.8 |       148.3 |          51.7 |       58.0 
       abj-bka-kj |  5184 |   52 |   72 | 1.00 | 1.00 |     239.6 |       238.8 |         141.9 |      153.5 
       ajb-kba-jk |  3744 |   72 |   72 | 1.00 | 1.00 |     269.2 |       285.5 |         175.6 |      193.8 
     abjc-cbka-kj | 11520 |   20 |   24 | 1.00 | 1.00 |     101.9 |       103.6 |          40.9 |       58.5 
     ajbc-ckba-jk | 11520 |   24 |   20 | 1.00 | 1.00 |     116.2 |       121.2 |          47.7 |       62.9 
     abjc-kbac-jk |  9600 |   24 |   24 | 1.00 | 1.00 |     156.9 |       161.2 |          66.4 |       68.8 
   abjcd-dkbac-jk | 82944 |   24 |   12 | 1.00 | 1.00 |      42.5 |        48.5 |          42.0 |       31.4 
   adbjc-cbdka-kj | 82944 |   12 |   24 | 1.00 | 1.00 |      16.9 |        16.8 |          14.3 |       22.7 
   ajbdc-ckbad-jk | 82944 |   24 |   12 | 1.00 | 1.00 |      44.6 |        43.5 |          41.8 |       32.5 
 abcijk-ijma-mkbc |  4608 |  512 |   24 | 1.00 | 1.00 |     102.7 |       100.3 |          88.4 |        8.7 
 abcijk-ijmb-mkac |  1536 | 1536 |   24 | 1.00 | 1.00 |     185.8 |       204.0 |         167.6 |      102.5 
 abcijk-ijmc-mkab |  1536 | 1536 |   24 | 1.00 | 1.00 |     174.2 |       200.9 |         172.8 |      124.4 
 abcijk-ikma-mjbc |  4608 |  512 |   24 | 1.00 | 1.00 |     175.9 |       183.1 |         140.7 |      163.6 
 abcijk-ikmb-mjac |  1536 | 1536 |   24 | 1.00 | 1.00 |     193.1 |       215.5 |         185.5 |      151.2 
 abcijk-ikmc-mjab |  1536 | 1536 |   24 | 1.00 | 1.00 |     177.4 |       206.3 |         163.1 |      112.5 
 abcijk-jkma-mibc |  4608 |  512 |   24 | 1.00 | 1.00 |     172.7 |       201.4 |         139.1 |      173.1 
 abcijk-jkmb-miac |  1536 | 1536 |   24 | 1.00 | 1.00 |     197.2 |       207.6 |         181.5 |      104.8 
 abcijk-jkmc-miab |  1536 | 1536 |   24 | 1.00 | 1.00 |     144.7 |       199.2 |         177.7 |      126.2 
 abcijk-eiab-jkec |  1536 | 1536 |   24 | 1.00 | 1.00 |     191.7 |       207.7 |         111.3 |      109.2 
 abcijk-eiac-jkeb |  1536 | 1536 |   24 | 1.00 | 1.00 |     176.0 |       207.5 |         178.2 |      101.5 
 abcijk-eibc-jkea |   512 | 4608 |   24 | 1.00 | 1.00 |     178.3 |       187.0 |         135.5 |      178.8 
 abcijk-ejab-ikec |  1536 | 1536 |   24 | 1.00 | 1.00 |     195.0 |       212.2 |         169.9 |      114.8 
 abcijk-ejac-ikeb |  1536 | 1536 |   24 | 1.00 | 1.00 |     185.8 |       210.7 |         167.8 |      140.6 
 abcijk-ejbc-ikea |   512 | 4608 |   24 | 1.00 | 1.00 |     173.6 |       193.6 |         138.8 |      168.8 
 abcijk-ekab-ijec |  1536 | 1536 |   24 | 1.00 | 1.00 |     195.5 |       215.4 |         173.1 |      132.8 
 abcijk-ekac-ijeb |  1536 | 1536 |   24 | 1.00 | 1.00 |     177.8 |       209.2 |         180.8 |      108.7 
 abcijk-ekbc-ijea |   512 | 4608 |   24 | 1.00 | 1.00 |     171.1 |       184.0 |         136.1 |      162.8 
       abc-bk-akc |    72 | 3744 |   52 | 1.00 | 1.00 |     252.3 |       273.2 |         111.1 |      179.4 

=== c64 ===
             case |     m |    n |    k | regA | regB | plan GF/s | packed GF/s | upstream GF/s | tblis GF/s 
------------------+-------+------+------+------+------+-----------+-------------+---------------+------------
         ij-ik-kj |   384 |  364 |  384 | 1.00 | 1.00 |     267.3 |       267.8 |         242.5 |      235.4 
       ij-ikl-ljk |    72 |   52 | 3744 | 1.00 | 1.00 |     116.1 |       116.1 |         103.0 |      116.4 
       ij-kil-lkj |    72 |   52 | 5184 | 1.00 | 1.00 |     101.7 |       102.6 |          92.3 |      112.4 
       ijk-ikl-lj |  3744 |   52 |   72 | 1.00 | 1.00 |     231.1 |       231.6 |         191.3 |      181.3 
       ijk-il-jlk |    72 | 3744 |   52 | 1.00 | 1.00 |     219.5 |       219.3 |         183.0 |      204.6 
       ijk-ilk-jl |  3744 |   72 |   52 | 0.89 | 1.00 |     232.7 |       231.5 |         137.4 |      203.2 
       ijk-ilk-lj |  3744 |   52 |   72 | 0.89 | 1.00 |     220.4 |       226.1 |         190.8 |      190.6 
     ijk-ilmk-mjl |   480 |   20 |  480 | 0.67 | 1.00 |     167.7 |       168.3 |         112.9 |      140.5 
   ijkl-imjn-lnkm |   480 |  480 |  400 | 0.67 | 0.80 |     240.2 |       240.7 |         229.1 |      231.9 
   ijkl-imjn-nlmk |   480 |  400 |  480 | 0.67 | 0.81 |     306.3 |       311.4 |         296.6 |      299.6 
   ijkl-imkn-jnlm |   480 |  480 |  400 | 0.67 | 1.00 |     333.9 |       335.3 |         311.6 |      294.0 
   ijkl-imkn-njml |   480 |  400 |  480 | 0.67 | 0.81 |     336.8 |       338.9 |         321.0 |      309.2 
   ijkl-imln-jnkm |   480 |  480 |  400 | 0.67 | 1.00 |     335.3 |       334.1 |         311.0 |      294.6 
   ijkl-imln-njmk |   480 |  400 |  480 | 0.67 | 0.81 |     337.9 |       337.7 |         322.6 |      311.4 
   ijkl-imnj-nlkm |   480 |  400 |  480 | 0.67 | 0.81 |     337.3 |       337.5 |         316.3 |      311.9 
   ijkl-imnk-njml |   480 |  400 |  480 | 0.67 | 0.81 |     340.5 |       337.5 |         318.0 |      316.6 
   ijkl-minj-nlmk |   480 |  400 |  576 | 0.67 | 0.81 |     325.1 |       323.6 |         304.9 |      296.6 
   ijkl-mink-jnlm |   480 |  480 |  480 | 0.67 | 1.00 |     336.3 |       338.0 |         314.3 |      295.8 
   ijkl-minl-njmk |   480 |  400 |  576 | 0.67 | 0.81 |     329.7 |       327.1 |         313.2 |      307.8 
     aqrs-pa-pqrs |    24 | 8000 |   24 | 1.00 | 1.00 |     171.9 |       174.1 |         116.0 |      151.2 
     abrs-qb-aqrs |    20 | 9600 |   24 | 1.00 | 1.00 |     246.2 |       248.6 |         152.9 |      140.5 
     abcs-rc-abrs |    20 | 9600 |   24 | 1.00 | 1.00 |     225.6 |       225.7 |         132.1 |      140.0 
       abj-bka-kj |  5184 |   52 |   72 | 0.89 | 1.00 |     286.9 |       292.6 |         241.5 |      191.6 
       ajb-kba-jk |  3744 |   72 |   72 | 0.89 | 1.00 |     339.9 |       342.0 |         278.3 |      264.2 
     abjc-cbka-kj | 11520 |   20 |   24 | 0.67 | 1.00 |     161.0 |       165.3 |         110.5 |      130.7 
     ajbc-ckba-jk | 11520 |   24 |   20 | 1.00 | 1.00 |     179.5 |       180.6 |          31.8 |      126.2 
     abjc-kbac-jk |  9600 |   24 |   24 | 0.67 | 1.00 |     254.7 |       254.8 |         160.9 |      158.2 
   abjcd-dkbac-jk | 82944 |   24 |   12 | 0.67 | 1.00 |      81.7 |        82.0 |          78.3 |       64.4 
   adbjc-cbdka-kj | 82944 |   12 |   24 | 0.67 | 1.00 |      48.2 |        49.1 |          48.7 |       42.0 
   ajbdc-ckbad-jk | 82944 |   24 |   12 | 1.00 | 1.00 |      77.7 |        75.5 |          32.1 |       47.8 
 abcijk-ijma-mkbc |  4608 |  512 |   24 | 1.00 | 0.97 |     270.4 |       266.8 |         135.1 |      204.0 
 abcijk-ijmb-mkac |  1536 | 1536 |   24 | 1.00 | 0.75 |     260.8 |       258.5 |         233.5 |      168.0 
 abcijk-ijmc-mkab |  1536 | 1536 |   24 | 1.00 | 0.50 |     260.4 |       238.1 |         248.2 |      213.6 
 abcijk-ikma-mjbc |  4608 |  512 |   24 | 1.00 | 0.97 |     266.4 |       256.7 |         150.9 |      205.0 
 abcijk-ikmb-mjac |  1536 | 1536 |   24 | 1.00 | 0.75 |     262.9 |       256.4 |         235.8 |      183.0 
 abcijk-ikmc-mjab |  1536 | 1536 |   24 | 1.00 | 0.50 |     264.6 |       263.5 |         238.0 |      187.0 
 abcijk-jkma-mibc |  4608 |  512 |   24 | 1.00 | 0.97 |     273.8 |       277.9 |         151.5 |      219.9 
 abcijk-jkmb-miac |  1536 | 1536 |   24 | 1.00 | 0.75 |     262.7 |       268.0 |         234.4 |      154.9 
 abcijk-jkmc-miab |  1536 | 1536 |   24 | 1.00 | 0.50 |     260.0 |       258.3 |         244.0 |      193.4 
 abcijk-eiab-jkec |  1536 | 1536 |   24 | 1.00 | 0.50 |     239.0 |       242.1 |         248.3 |      198.7 
 abcijk-eiac-jkeb |  1536 | 1536 |   24 | 1.00 | 0.75 |     257.6 |       265.6 |         232.9 |      157.3 
 abcijk-eibc-jkea |   512 | 4608 |   24 | 1.00 | 0.97 |     273.6 |       272.7 |         146.5 |      218.9 
 abcijk-ejab-ikec |  1536 | 1536 |   24 | 1.00 | 0.50 |     268.5 |       262.7 |         241.9 |      179.0 
 abcijk-ejac-ikeb |  1536 | 1536 |   24 | 1.00 | 0.75 |     261.1 |       274.7 |         233.8 |      185.8 
 abcijk-ejbc-ikea |   512 | 4608 |   24 | 1.00 | 0.97 |     247.4 |       277.4 |         157.1 |      203.1 
 abcijk-ekab-ijec |  1536 | 1536 |   24 | 1.00 | 0.50 |     260.3 |       266.4 |         247.4 |      219.7 
 abcijk-ekac-ijeb |  1536 | 1536 |   24 | 1.00 | 0.75 |     265.3 |       269.6 |         241.6 |      167.1 
 abcijk-ekbc-ijea |   512 | 4608 |   24 | 1.00 | 0.97 |     263.1 |       273.6 |         154.8 |      205.6 
       abc-bk-akc |    72 | 3744 |   52 | 0.89 | 1.00 |     328.0 |       334.5 |         186.4 |      281.4 

=== complex efficiency ratio (c64 GF/s over f64 GF/s; 1.0 = no penalty) ===
             case | plan c64/f64 | packed c64/f64 | upstream c64/f64 | tblis c64/f64 
------------------+--------------+----------------+------------------+---------------
         ij-ik-kj |        1.114 |          1.100 |            1.355 |         1.327 
       ij-ikl-ljk |        1.331 |          1.322 |            1.502 |         2.411 
       ij-kil-lkj |        1.207 |          1.208 |            1.337 |         2.342 
       ijk-ikl-lj |        1.262 |          1.223 |            1.743 |         1.505 
       ijk-il-jlk |        1.168 |          1.098 |            1.469 |         1.583 
       ijk-ilk-jl |        1.222 |          1.182 |            1.694 |         1.536 
       ijk-ilk-lj |        1.374 |          1.222 |            1.693 |         1.599 
     ijk-ilmk-mjl |        1.531 |          1.498 |            2.294 |         2.428 
   ijkl-imjn-lnkm |        1.158 |          1.159 |            1.231 |         1.256 
   ijkl-imjn-nlmk |        1.283 |          1.290 |            1.364 |         1.339 
   ijkl-imkn-jnlm |        1.120 |          1.119 |            1.174 |         1.100 
   ijkl-imkn-njml |        1.122 |          1.110 |            1.190 |         1.169 
   ijkl-imln-jnkm |        1.128 |          1.120 |            1.190 |         1.099 
   ijkl-imln-njmk |        1.120 |          1.116 |            1.210 |         1.164 
   ijkl-imnj-nlkm |        1.171 |          1.134 |            1.226 |         1.180 
   ijkl-imnk-njml |        1.141 |          1.122 |            1.171 |         1.186 
   ijkl-minj-nlmk |        1.123 |          1.122 |            1.161 |         1.143 
   ijkl-mink-jnlm |        1.122 |          1.122 |            1.185 |         1.120 
   ijkl-minl-njmk |        1.140 |          1.104 |            1.183 |         1.171 
     aqrs-pa-pqrs |        1.435 |          0.880 |            1.614 |         2.445 
     abrs-qb-aqrs |        1.708 |          1.658 |            2.669 |         2.433 
     abcs-rc-abrs |        1.580 |          1.522 |            2.555 |         2.414 
       abj-bka-kj |        1.197 |          1.225 |            1.701 |         1.248 
       ajb-kba-jk |        1.263 |          1.198 |            1.585 |         1.363 
     abjc-cbka-kj |        1.580 |          1.595 |            2.702 |         2.234 
     ajbc-ckba-jk |        1.545 |          1.490 |            0.668 |         2.007 
     abjc-kbac-jk |        1.623 |          1.581 |            2.424 |         2.298 
   abjcd-dkbac-jk |        1.922 |          1.693 |            1.864 |         2.053 
   adbjc-cbdka-kj |        2.851 |          2.923 |            3.400 |         1.853 
   ajbdc-ckbad-jk |        1.742 |          1.736 |            0.769 |         1.468 
 abcijk-ijma-mkbc |        2.632 |          2.660 |            1.529 |        23.383 
 abcijk-ijmb-mkac |        1.403 |          1.267 |            1.393 |         1.639 
 abcijk-ijmc-mkab |        1.495 |          1.185 |            1.436 |         1.717 
 abcijk-ikma-mjbc |        1.514 |          1.402 |            1.072 |         1.253 
 abcijk-ikmb-mjac |        1.361 |          1.190 |            1.271 |         1.210 
 abcijk-ikmc-mjab |        1.492 |          1.277 |            1.459 |         1.663 
 abcijk-jkma-mibc |        1.585 |          1.380 |            1.090 |         1.271 
 abcijk-jkmb-miac |        1.332 |          1.291 |            1.292 |         1.478 
 abcijk-jkmc-miab |        1.797 |          1.297 |            1.373 |         1.533 
 abcijk-eiab-jkec |        1.247 |          1.165 |            2.231 |         1.820 
 abcijk-eiac-jkeb |        1.464 |          1.280 |            1.308 |         1.550 
 abcijk-eibc-jkea |        1.535 |          1.459 |            1.081 |         1.224 
 abcijk-ejab-ikec |        1.377 |          1.238 |            1.424 |         1.559 
 abcijk-ejac-ikeb |        1.405 |          1.304 |            1.394 |         1.321 
 abcijk-ejbc-ikea |        1.425 |          1.433 |            1.132 |         1.203 
 abcijk-ekab-ijec |        1.332 |          1.237 |            1.430 |         1.654 
 abcijk-ekac-ijeb |        1.492 |          1.289 |            1.336 |         1.538 
 abcijk-ekbc-ijea |        1.538 |          1.487 |            1.138 |         1.263 
       abc-bk-akc |        1.300 |          1.224 |            1.677 |         1.569 
             MEAN |        1.429 |          1.346 |            1.518 |         2.027 

wrote /home/shinaoka/projects/tensor4all/tprims-rs/benchmarks/benchmarks/tcbench/results/scatter-wired/candidate/A2-1m-8t.pending.csv
