# threads: requested=1 pool=1 budget=1
host        : shinaoka-EVO-X1Pro
target      : x86_64 / linux
cpu features: avx2 fma avx512f avx512dq 
caches      : L1=48KiB/12-way/2sh L2=1024KiB/16-way/2sh L3=8192KiB/16-way/16sh (via sysfs), blocking=legacy
l3 domains  : t1=1
baselines   : tblis=true blas=false
tblis       : abi 2.x, 1 thread(s)

running 49 cases at 1 MiB nominal tensor size, 5 reps, stress=none


=== f64 ===
             case |     m |    n |    k | regA | regB | plan GF/s | packed GF/s | upstream GF/s | tblis GF/s 
------------------+-------+------+------+------+------+-----------+-------------+---------------+------------
         ij-ik-kj |   384 |  364 |  384 | 0.00 | 0.00 |      37.2 |        34.1 |          34.3 |       29.7 
       ij-ikl-ljk |    72 |   52 | 3744 | 1.00 | 1.00 |      36.7 |        37.0 |          37.1 |       21.8 
       ij-kil-lkj |    72 |   52 | 5184 | 1.00 | 1.00 |      33.9 |        34.2 |          34.5 |       21.3 
       ijk-ikl-lj |  3744 |   52 |   72 | 1.00 | 1.00 |      39.4 |        39.8 |          41.4 |       26.5 
       ijk-il-jlk |    72 | 3744 |   52 | 1.00 | 1.00 |      40.2 |        40.3 |          41.0 |       29.2 
       ijk-ilk-jl |  3744 |   72 |   52 | 1.00 | 1.00 |      41.2 |        41.4 |          44.2 |       31.0 
       ijk-ilk-lj |  3744 |   52 |   72 | 1.00 | 1.00 |      39.4 |        39.4 |          41.3 |       27.0 
     ijk-ilmk-mjl |   480 |   20 |  480 | 1.00 | 1.00 |      34.2 |        34.2 |          34.6 |       16.1 
   ijkl-imjn-lnkm |   480 |  480 |  400 | 1.00 | 0.80 |      46.2 |        46.2 |          47.5 |       41.0 
   ijkl-imjn-nlmk |   480 |  400 |  480 | 1.00 | 0.80 |      47.2 |        47.1 |          48.4 |       40.4 
   ijkl-imkn-jnlm |   480 |  480 |  400 | 1.00 | 1.00 |      47.2 |        47.3 |          48.4 |       42.6 
   ijkl-imkn-njml |   480 |  400 |  480 | 1.00 | 0.80 |      47.3 |        47.5 |          48.6 |       40.6 
   ijkl-imln-jnkm |   480 |  480 |  400 | 1.00 | 1.00 |      47.0 |        47.4 |          48.2 |       42.7 
   ijkl-imln-njmk |   480 |  400 |  480 | 1.00 | 0.80 |      47.4 |        47.5 |          48.7 |       42.1 
   ijkl-imnj-nlkm |   480 |  400 |  480 | 1.00 | 0.80 |      47.5 |        47.5 |          48.5 |       42.3 
   ijkl-imnk-njml |   480 |  400 |  480 | 1.00 | 0.80 |      47.6 |        47.5 |          48.7 |       42.2 
   ijkl-minj-nlmk |   480 |  400 |  576 | 1.00 | 0.80 |      45.9 |        45.9 |          47.2 |       41.1 
   ijkl-mink-jnlm |   480 |  480 |  480 | 1.00 | 1.00 |      46.8 |        47.1 |          47.6 |       41.5 
   ijkl-minl-njmk |   480 |  400 |  576 | 1.00 | 0.80 |      46.0 |        46.0 |          47.4 |       41.6 
     aqrs-pa-pqrs |    24 | 8000 |   24 | 0.00 | 0.00 |      48.5 |        30.3 |          30.7 |       13.9 
     abrs-qb-aqrs |    20 | 9600 |   24 | 1.00 | 1.00 |      26.7 |        26.9 |          29.7 |       13.3 
     abcs-rc-abrs |    20 | 9600 |   24 | 1.00 | 1.00 |      26.4 |        26.4 |          22.4 |       13.3 
       abj-bka-kj |  5184 |   52 |   72 | 1.00 | 1.00 |      33.7 |        33.7 |          33.4 |       22.9 
       ajb-kba-jk |  3744 |   72 |   72 | 1.00 | 1.00 |      41.1 |        41.6 |          43.5 |       29.2 
     abjc-cbka-kj | 11520 |   20 |   24 | 1.00 | 1.00 |      18.9 |        19.0 |          17.1 |       12.9 
     ajbc-ckba-jk | 11520 |   24 |   20 | 1.00 | 1.00 |      23.9 |        22.8 |          22.8 |       14.9 
     abjc-kbac-jk |  9600 |   24 |   24 | 1.00 | 1.00 |      29.4 |        29.5 |          32.0 |       16.0 
   abjcd-dkbac-jk | 82944 |   24 |   12 | 1.00 | 1.00 |      13.2 |        13.4 |          13.8 |        8.3 
   adbjc-cbdka-kj | 82944 |   12 |   24 | 1.00 | 1.00 |       5.7 |         5.7 |           5.2 |        6.3 
   ajbdc-ckbad-jk | 82944 |   24 |   12 | 1.00 | 1.00 |      12.9 |        12.9 |          14.2 |        8.8 
 abcijk-ijma-mkbc |  4608 |  512 |   24 | 1.00 | 1.00 |      32.9 |        33.0 |          38.1 |       28.3 
 abcijk-ijmb-mkac |  1536 | 1536 |   24 | 1.00 | 1.00 |      33.9 |        33.8 |          40.6 |       25.8 
 abcijk-ijmc-mkab |  1536 | 1536 |   24 | 1.00 | 1.00 |      33.6 |        33.6 |          39.3 |       32.6 
 abcijk-ikma-mjbc |  4608 |  512 |   24 | 1.00 | 1.00 |      32.4 |        32.7 |          38.0 |       27.6 
 abcijk-ikmb-mjac |  1536 | 1536 |   24 | 1.00 | 1.00 |      33.5 |        33.9 |          40.5 |       26.8 
 abcijk-ikmc-mjab |  1536 | 1536 |   24 | 1.00 | 1.00 |      33.6 |        33.5 |          39.4 |       28.5 
 abcijk-jkma-mibc |  4608 |  512 |   24 | 1.00 | 1.00 |      32.9 |        32.9 |          38.0 |       31.7 
 abcijk-jkmb-miac |  1536 | 1536 |   24 | 1.00 | 1.00 |      33.8 |        33.9 |          40.0 |       21.3 
 abcijk-jkmc-miab |  1536 | 1536 |   24 | 1.00 | 1.00 |      33.5 |        33.6 |          39.4 |       29.5 
 abcijk-eiab-jkec |  1536 | 1536 |   24 | 1.00 | 1.00 |      33.4 |        33.5 |          39.3 |       29.4 
 abcijk-eiac-jkeb |  1536 | 1536 |   24 | 1.00 | 1.00 |      33.6 |        33.8 |          40.3 |       21.4 
 abcijk-eibc-jkea |   512 | 4608 |   24 | 1.00 | 1.00 |      32.9 |        32.8 |          38.3 |       31.6 
 abcijk-ejab-ikec |  1536 | 1536 |   24 | 1.00 | 1.00 |      33.7 |        33.6 |          39.6 |       29.4 
 abcijk-ejac-ikeb |  1536 | 1536 |   24 | 1.00 | 1.00 |      33.7 |        33.8 |          40.4 |       26.8 
 abcijk-ejbc-ikea |   512 | 4608 |   24 | 1.00 | 1.00 |      32.9 |        32.9 |          38.0 |       28.0 
 abcijk-ekab-ijec |  1536 | 1536 |   24 | 1.00 | 1.00 |      33.6 |        33.7 |          39.5 |       32.6 
 abcijk-ekac-ijeb |  1536 | 1536 |   24 | 1.00 | 1.00 |      33.8 |        33.7 |          40.0 |       25.8 
 abcijk-ekbc-ijea |   512 | 4608 |   24 | 1.00 | 1.00 |      32.9 |        32.8 |          38.1 |       28.2 
       abc-bk-akc |    72 | 3744 |   52 | 1.00 | 1.00 |      41.4 |        41.4 |          44.1 |       30.3 

=== c64 ===
             case |     m |    n |    k | regA | regB | plan GF/s | packed GF/s | upstream GF/s | tblis GF/s 
------------------+-------+------+------+------+------+-----------+-------------+---------------+------------
         ij-ik-kj |   384 |  364 |  384 | 1.00 | 1.00 |      34.7 |        34.7 |          34.7 |       41.9 
       ij-ikl-ljk |    72 |   52 | 3744 | 1.00 | 1.00 |      37.3 |        37.2 |          36.2 |       30.7 
       ij-kil-lkj |    72 |   52 | 5184 | 1.00 | 1.00 |      32.0 |        32.1 |          31.8 |       28.9 
       ijk-ikl-lj |  3744 |   52 |   72 | 1.00 | 1.00 |      42.8 |        42.5 |          42.6 |       30.3 
       ijk-il-jlk |    72 | 3744 |   52 | 1.00 | 1.00 |      39.5 |        38.2 |          38.8 |       37.8 
       ijk-ilk-jl |  3744 |   72 |   52 | 0.89 | 1.00 |      44.5 |        43.7 |          45.0 |       36.0 
       ijk-ilk-lj |  3744 |   52 |   72 | 0.89 | 1.00 |      42.0 |        41.9 |          42.8 |       32.2 
     ijk-ilmk-mjl |   480 |   20 |  480 | 0.67 | 1.00 |      36.4 |        36.5 |          36.2 |       30.1 
   ijkl-imjn-lnkm |   480 |  480 |  400 | 0.67 | 0.80 |      47.4 |        47.6 |          47.4 |       45.3 
   ijkl-imjn-nlmk |   480 |  400 |  480 | 0.67 | 0.81 |      47.3 |        47.3 |          47.5 |       43.3 
   ijkl-imkn-jnlm |   480 |  480 |  400 | 0.67 | 1.00 |      46.9 |        47.0 |          46.8 |       45.1 
   ijkl-imkn-njml |   480 |  400 |  480 | 0.67 | 0.81 |      47.2 |        47.4 |          47.4 |       43.1 
   ijkl-imln-jnkm |   480 |  480 |  400 | 0.67 | 1.00 |      47.1 |        47.2 |          47.0 |       44.8 
   ijkl-imln-njmk |   480 |  400 |  480 | 0.67 | 0.81 |      47.3 |        47.5 |          47.6 |       43.7 
   ijkl-imnj-nlkm |   480 |  400 |  480 | 0.67 | 0.81 |      47.4 |        47.6 |          47.5 |       44.2 
   ijkl-imnk-njml |   480 |  400 |  480 | 0.67 | 0.81 |      47.4 |        47.3 |          47.4 |       43.9 
   ijkl-minj-nlmk |   480 |  400 |  576 | 0.67 | 0.81 |      45.7 |        45.7 |          45.8 |       43.3 
   ijkl-mink-jnlm |   480 |  480 |  480 | 0.67 | 1.00 |      46.9 |        47.0 |          46.7 |       44.2 
   ijkl-minl-njmk |   480 |  400 |  576 | 0.67 | 0.81 |      46.0 |        46.0 |          45.9 |       44.0 
     aqrs-pa-pqrs |    24 | 8000 |   24 | 1.00 | 1.00 |      28.6 |        28.4 |          28.6 |       25.6 
     abrs-qb-aqrs |    20 | 9600 |   24 | 1.00 | 1.00 |      35.3 |        35.3 |          38.1 |       22.1 
     abcs-rc-abrs |    20 | 9600 |   24 | 1.00 | 1.00 |      31.1 |        31.0 |          32.8 |       23.7 
       abj-bka-kj |  5184 |   52 |   72 | 0.89 | 1.00 |      39.8 |        39.9 |          40.2 |       28.0 
       ajb-kba-jk |  3744 |   72 |   72 | 0.89 | 1.00 |      42.9 |        42.3 |          42.3 |       32.9 
     abjc-cbka-kj | 11520 |   20 |   24 | 0.67 | 1.00 |      22.2 |        22.7 |          24.8 |       21.8 
     ajbc-ckba-jk | 11520 |   24 |   20 | 1.00 | 1.00 |      25.7 |        25.2 |          27.5 |       22.0 
     abjc-kbac-jk |  9600 |   24 |   24 | 0.67 | 1.00 |      35.4 |        34.7 |          35.7 |       25.2 
   abjcd-dkbac-jk | 82944 |   24 |   12 | 0.67 | 1.00 |      19.4 |        19.5 |          20.5 |       15.7 
   adbjc-cbdka-kj | 82944 |   12 |   24 | 0.67 | 1.00 |       9.9 |         9.9 |          10.1 |       13.6 
   ajbdc-ckbad-jk | 82944 |   24 |   12 | 1.00 | 1.00 |      21.7 |        21.4 |          23.3 |       15.6 
 abcijk-ijma-mkbc |  4608 |  512 |   24 | 1.00 | 0.97 |      38.2 |        38.2 |          40.7 |       32.9 
 abcijk-ijmb-mkac |  1536 | 1536 |   24 | 1.00 | 0.75 |      40.5 |        40.4 |          43.2 |       32.6 
 abcijk-ijmc-mkab |  1536 | 1536 |   24 | 1.00 | 0.50 |      41.3 |        41.3 |          42.7 |       38.0 
 abcijk-ikma-mjbc |  4608 |  512 |   24 | 1.00 | 0.97 |      38.2 |        38.2 |          40.8 |       33.0 
 abcijk-ikmb-mjac |  1536 | 1536 |   24 | 1.00 | 0.75 |      40.5 |        40.3 |          43.1 |       33.9 
 abcijk-ikmc-mjab |  1536 | 1536 |   24 | 1.00 | 0.50 |      41.5 |        41.2 |          42.7 |       35.4 
 abcijk-jkma-mibc |  4608 |  512 |   24 | 1.00 | 0.97 |      38.2 |        38.2 |          40.9 |       35.8 
 abcijk-jkmb-miac |  1536 | 1536 |   24 | 1.00 | 0.75 |      40.5 |        40.5 |          43.2 |       29.7 
 abcijk-jkmc-miab |  1536 | 1536 |   24 | 1.00 | 0.50 |      41.0 |        41.2 |          42.5 |       37.1 
 abcijk-eiab-jkec |  1536 | 1536 |   24 | 1.00 | 0.50 |      41.0 |        41.1 |          42.5 |       36.3 
 abcijk-eiac-jkeb |  1536 | 1536 |   24 | 1.00 | 0.75 |      40.2 |        39.6 |          43.3 |       29.8 
 abcijk-eibc-jkea |   512 | 4608 |   24 | 1.00 | 0.97 |      38.2 |        38.3 |          40.9 |       35.9 
 abcijk-ejab-ikec |  1536 | 1536 |   24 | 1.00 | 0.50 |      41.3 |        41.3 |          42.6 |       34.7 
 abcijk-ejac-ikeb |  1536 | 1536 |   24 | 1.00 | 0.75 |      40.5 |        40.3 |          42.9 |       34.3 
 abcijk-ejbc-ikea |   512 | 4608 |   24 | 1.00 | 0.97 |      38.2 |        38.2 |          40.8 |       32.8 
 abcijk-ekab-ijec |  1536 | 1536 |   24 | 1.00 | 0.50 |      41.3 |        41.2 |          43.2 |       37.5 
 abcijk-ekac-ijeb |  1536 | 1536 |   24 | 1.00 | 0.75 |      40.0 |        40.3 |          43.1 |       32.8 
 abcijk-ekbc-ijea |   512 | 4608 |   24 | 1.00 | 0.97 |      38.2 |        38.1 |          40.9 |       33.0 
       abc-bk-akc |    72 | 3744 |   52 | 0.89 | 1.00 |      44.6 |        43.8 |          45.3 |       34.8 

=== complex efficiency ratio (c64 GF/s over f64 GF/s; 1.0 = no penalty) ===
             case | plan c64/f64 | packed c64/f64 | upstream c64/f64 | tblis c64/f64 
------------------+--------------+----------------+------------------+---------------
         ij-ik-kj |        0.932 |          1.019 |            1.011 |         1.410 
       ij-ikl-ljk |        1.015 |          1.007 |            0.976 |         1.411 
       ij-kil-lkj |        0.946 |          0.940 |            0.922 |         1.354 
       ijk-ikl-lj |        1.084 |          1.067 |            1.031 |         1.143 
       ijk-il-jlk |        0.982 |          0.948 |            0.948 |         1.295 
       ijk-ilk-jl |        1.080 |          1.055 |            1.017 |         1.160 
       ijk-ilk-lj |        1.066 |          1.063 |            1.037 |         1.193 
     ijk-ilmk-mjl |        1.064 |          1.066 |            1.046 |         1.868 
   ijkl-imjn-lnkm |        1.027 |          1.030 |            0.998 |         1.103 
   ijkl-imjn-nlmk |        1.003 |          1.004 |            0.983 |         1.071 
   ijkl-imkn-jnlm |        0.995 |          0.995 |            0.967 |         1.057 
   ijkl-imkn-njml |        1.000 |          0.998 |            0.977 |         1.062 
   ijkl-imln-jnkm |        1.003 |          0.997 |            0.975 |         1.050 
   ijkl-imln-njmk |        0.998 |          1.000 |            0.978 |         1.038 
   ijkl-imnj-nlkm |        0.999 |          1.002 |            0.978 |         1.046 
   ijkl-imnk-njml |        0.997 |          0.996 |            0.972 |         1.040 
   ijkl-minj-nlmk |        0.997 |          0.996 |            0.970 |         1.055 
   ijkl-mink-jnlm |        1.002 |          0.997 |            0.981 |         1.066 
   ijkl-minl-njmk |        1.000 |          1.000 |            0.970 |         1.057 
     aqrs-pa-pqrs |        0.590 |          0.939 |            0.932 |         1.839 
     abrs-qb-aqrs |        1.320 |          1.315 |            1.280 |         1.664 
     abcs-rc-abrs |        1.179 |          1.174 |            1.464 |         1.791 
       abj-bka-kj |        1.180 |          1.181 |            1.202 |         1.223 
       ajb-kba-jk |        1.044 |          1.018 |            0.974 |         1.126 
     abjc-cbka-kj |        1.177 |          1.191 |            1.452 |         1.687 
     ajbc-ckba-jk |        1.075 |          1.106 |            1.203 |         1.473 
     abjc-kbac-jk |        1.206 |          1.174 |            1.117 |         1.573 
   abjcd-dkbac-jk |        1.475 |          1.458 |            1.493 |         1.896 
   adbjc-cbdka-kj |        1.747 |          1.750 |            1.932 |         2.157 
   ajbdc-ckbad-jk |        1.679 |          1.663 |            1.642 |         1.779 
 abcijk-ijma-mkbc |        1.159 |          1.158 |            1.069 |         1.162 
 abcijk-ijmb-mkac |        1.194 |          1.197 |            1.063 |         1.263 
 abcijk-ijmc-mkab |        1.231 |          1.230 |            1.086 |         1.164 
 abcijk-ikma-mjbc |        1.180 |          1.170 |            1.073 |         1.195 
 abcijk-ikmb-mjac |        1.209 |          1.187 |            1.066 |         1.264 
 abcijk-ikmc-mjab |        1.236 |          1.233 |            1.084 |         1.244 
 abcijk-jkma-mibc |        1.163 |          1.160 |            1.074 |         1.132 
 abcijk-jkmb-miac |        1.200 |          1.193 |            1.080 |         1.394 
 abcijk-jkmc-miab |        1.225 |          1.227 |            1.079 |         1.259 
 abcijk-eiab-jkec |        1.226 |          1.228 |            1.080 |         1.234 
 abcijk-eiac-jkeb |        1.197 |          1.171 |            1.075 |         1.395 
 abcijk-eibc-jkea |        1.160 |          1.167 |            1.069 |         1.137 
 abcijk-ejab-ikec |        1.227 |          1.230 |            1.075 |         1.180 
 abcijk-ejac-ikeb |        1.201 |          1.193 |            1.063 |         1.282 
 abcijk-ejbc-ikea |        1.162 |          1.162 |            1.072 |         1.173 
 abcijk-ekab-ijec |        1.229 |          1.222 |            1.093 |         1.149 
 abcijk-ekac-ijeb |        1.186 |          1.195 |            1.079 |         1.272 
 abcijk-ekbc-ijea |        1.161 |          1.162 |            1.074 |         1.170 
       abc-bk-akc |        1.076 |          1.057 |            1.028 |         1.150 
             MEAN |        1.132 |          1.137 |            1.098 |         1.304 

wrote /home/shinaoka/projects/tensor4all/tprims-rs/benchmarks/benchmarks/tcbench/results/scatter-wired/candidate/A2-1m-1t.pending.csv
