# threads: requested=8 pool=8 budget=8
host        : shinaoka-EVO-X1Pro
target      : x86_64 / linux
cpu features: avx2 fma avx512f avx512dq 
caches      : L1=48KiB/12-way/2sh L2=1024KiB/16-way/2sh L3=8192KiB/16-way/16sh (via sysfs), blocking=legacy
l3 domains  : t1=1 t4=1 t8=1 t16=2
baselines   : tblis=true blas=false
tblis       : abi 2.x, 8 thread(s)

running 49 cases at 16 MiB nominal tensor size, 5 reps, stress=none


=== f64 ===
             case |      m |     n |     k | regA | regB | plan GF/s | packed GF/s | upstream GF/s | tblis GF/s 
------------------+--------+-------+-------+------+------+-----------+-------------+---------------+------------
         ij-ik-kj |   1464 |  1448 |  1464 | 0.00 | 0.00 |     282.3 |       248.4 |         246.5 |      321.8 
       ij-ikl-ljk |    144 |   128 | 18432 | 1.00 | 1.00 |     193.0 |       205.3 |         196.8 |      134.6 
       ij-kil-lkj |    144 |   128 | 20736 | 1.00 | 1.00 |     181.5 |       181.3 |         170.3 |      119.1 
       ijk-ikl-lj |  18432 |   128 |   144 | 1.00 | 1.00 |     263.4 |       274.7 |         271.5 |      166.9 
       ijk-il-jlk |    144 | 18432 |   128 | 1.00 | 1.00 |     274.9 |       279.2 |         261.6 |      262.1 
       ijk-ilk-jl |  18432 |   144 |   128 | 1.00 | 1.00 |     264.3 |       294.9 |         291.3 |      195.9 
       ijk-ilk-lj |  18432 |   128 |   144 | 1.00 | 1.00 |     290.4 |       293.4 |         292.0 |      188.6 
     ijk-ilmk-mjl |   1920 |    40 |  1920 | 1.00 | 1.00 |     168.0 |       212.7 |         192.2 |      152.1 
   ijkl-imjn-lnkm |   1920 |  1920 |  1600 | 1.00 | 1.00 |     319.4 |       319.1 |         321.0 |      331.7 
   ijkl-imjn-nlmk |   1920 |  1600 |  1920 | 1.00 | 1.00 |     316.6 |       316.8 |         319.3 |      326.9 
   ijkl-imkn-jnlm |   1920 |  1920 |  1600 | 1.00 | 1.00 |     333.8 |       333.2 |         338.7 |      327.0 
   ijkl-imkn-njml |   1920 |  1600 |  1920 | 1.00 | 1.00 |     326.5 |       324.6 |         332.6 |      326.6 
   ijkl-imln-jnkm |   1920 |  1920 |  1600 | 1.00 | 1.00 |     334.9 |       335.3 |         341.7 |      324.5 
   ijkl-imln-njmk |   1920 |  1600 |  1920 | 1.00 | 1.00 |     326.8 |       326.4 |         338.5 |      328.7 
   ijkl-imnj-nlkm |   1920 |  1600 |  1920 | 1.00 | 1.00 |     314.4 |       314.2 |         316.0 |      332.0 
   ijkl-imnk-njml |   1920 |  1600 |  1920 | 1.00 | 1.00 |     324.2 |       325.7 |         337.3 |      330.0 
   ijkl-minj-nlmk |   1920 |  1600 |  2304 | 1.00 | 1.00 |     314.4 |       314.3 |         314.8 |      314.3 
   ijkl-mink-jnlm |   1920 |  1920 |  1920 | 1.00 | 1.00 |     336.3 |       335.3 |         344.6 |      329.0 
   ijkl-minl-njmk |   1920 |  1600 |  2304 | 1.00 | 1.00 |     323.5 |       324.6 |         326.9 |      313.9 
     aqrs-pa-pqrs |     48 | 64000 |    48 | 0.00 | 0.00 |     198.6 |       177.3 |         155.0 |      106.0 
     abrs-qb-aqrs |     40 | 76800 |    48 | 1.00 | 1.00 |     185.4 |       187.3 |         178.5 |      107.8 
     abcs-rc-abrs |     40 | 76800 |    48 | 1.00 | 1.00 |     139.3 |       146.5 |         141.9 |       70.6 
       abj-bka-kj |  20736 |   128 |   144 | 1.00 | 1.00 |     174.6 |       179.3 |         165.6 |      115.2 
       ajb-kba-jk |  18432 |   144 |   144 | 1.00 | 1.00 |     281.8 |       272.9 |         267.1 |      201.3 
     abjc-cbka-kj |  92160 |    40 |    48 | 1.00 | 1.00 |      41.6 |        41.2 |          41.0 |       58.8 
     ajbc-ckba-jk |  92160 |    48 |    40 | 1.00 | 1.00 |      69.0 |        69.0 |          66.5 |       86.8 
     abjc-kbac-jk |  76800 |    48 |    48 | 1.00 | 1.00 |     137.6 |       146.4 |         138.2 |       75.4 
   abjcd-dkbac-jk | 230400 |    24 |    20 | 1.00 | 1.00 |      49.8 |        49.8 |          46.3 |       42.7 
   adbjc-cbdka-kj | 230400 |    20 |    24 | 1.00 | 1.00 |      26.7 |        26.3 |          27.1 |       24.8 
   ajbdc-ckbad-jk | 230400 |    24 |    20 | 1.00 | 1.00 |      49.3 |        49.3 |          46.9 |       47.0 
 abcijk-ijma-mkbc |   6912 |  1728 |    24 | 1.00 | 1.00 |     155.1 |       154.5 |         155.3 |      147.7 
 abcijk-ijmb-mkac |   3456 |  3456 |    24 | 1.00 | 0.67 |     148.5 |       148.3 |         152.1 |       84.4 
 abcijk-ijmc-mkab |   3456 |  3456 |    24 | 1.00 | 0.67 |     155.1 |       155.5 |         151.5 |      106.3 
 abcijk-ikma-mjbc |   6912 |  1728 |    24 | 1.00 | 1.00 |     155.4 |       154.1 |         154.6 |      147.8 
 abcijk-ikmb-mjac |   3456 |  3456 |    24 | 1.00 | 0.67 |     146.7 |       147.5 |         151.0 |      121.0 
 abcijk-ikmc-mjab |   3456 |  3456 |    24 | 1.00 | 0.67 |     155.8 |       155.2 |         153.7 |      107.2 
 abcijk-jkma-mibc |   6912 |  1728 |    24 | 1.00 | 1.00 |     155.1 |       155.9 |         155.7 |      150.8 
 abcijk-jkmb-miac |   3456 |  3456 |    24 | 1.00 | 0.67 |     149.7 |       147.6 |         152.0 |       78.0 
 abcijk-jkmc-miab |   3456 |  3456 |    24 | 1.00 | 0.67 |     155.6 |       157.0 |         148.1 |       85.4 
 abcijk-eiab-jkec |   3456 |  3456 |    24 | 1.00 | 0.67 |     157.7 |       156.8 |         152.2 |       86.9 
 abcijk-eiac-jkeb |   3456 |  3456 |    24 | 1.00 | 0.67 |     147.9 |       148.5 |         150.1 |       78.6 
 abcijk-eibc-jkea |   1728 |  6912 |    24 | 1.00 | 1.00 |     155.6 |       155.2 |         152.4 |      149.7 
 abcijk-ejab-ikec |   3456 |  3456 |    24 | 1.00 | 0.67 |     153.9 |       157.5 |         153.8 |      106.3 
 abcijk-ejac-ikeb |   3456 |  3456 |    24 | 1.00 | 0.67 |     147.3 |       148.5 |         151.5 |      119.0 
 abcijk-ejbc-ikea |   1728 |  6912 |    24 | 1.00 | 1.00 |     153.8 |       154.8 |         152.2 |      146.4 
 abcijk-ekab-ijec |   3456 |  3456 |    24 | 1.00 | 0.67 |     155.6 |       157.1 |         151.4 |      106.7 
 abcijk-ekac-ijeb |   3456 |  3456 |    24 | 1.00 | 0.67 |     150.0 |       149.1 |         152.0 |       86.7 
 abcijk-ekbc-ijea |   1728 |  6912 |    24 | 1.00 | 1.00 |     155.4 |       154.0 |         151.4 |      147.0 
       abc-bk-akc |    144 | 18432 |   128 | 1.00 | 1.00 |     289.5 |       296.8 |         290.4 |      195.6 

=== c64 ===
             case |      m |     n |     k | regA | regB | plan GF/s | packed GF/s | upstream GF/s | tblis GF/s 
------------------+--------+-------+-------+------+------+-----------+-------------+---------------+------------
         ij-ik-kj |   1464 |  1448 |  1464 | 1.00 | 1.00 |     347.2 |       347.9 |         333.6 |      359.3 
       ij-ikl-ljk |    144 |   128 | 18432 | 1.00 | 1.00 |     170.7 |       166.5 |         161.7 |      193.4 
       ij-kil-lkj |    144 |   128 | 20736 | 1.00 | 1.00 |     165.1 |       162.5 |         157.0 |      171.8 
       ijk-ikl-lj |  18432 |   128 |   144 | 1.00 | 1.00 |     341.1 |       339.7 |         339.1 |      231.1 
       ijk-il-jlk |    144 | 18432 |   128 | 1.00 | 1.00 |     200.3 |       202.3 |         201.0 |      329.5 
       ijk-ilk-jl |  18432 |   144 |   128 | 1.00 | 1.00 |     359.3 |       364.4 |         361.0 |      258.2 
       ijk-ilk-lj |  18432 |   128 |   144 | 1.00 | 1.00 |     353.6 |       336.3 |         351.6 |      251.0 
     ijk-ilmk-mjl |   1920 |    40 |  1920 | 1.00 | 1.00 |     246.0 |       268.5 |         263.1 |      201.4 
   ijkl-imjn-lnkm |   1920 |  1920 |  1600 | 1.00 | 0.90 |     341.9 |       342.8 |         336.9 |      351.4 
   ijkl-imjn-nlmk |   1920 |  1600 |  1920 | 1.00 | 0.90 |     347.9 |       346.5 |         342.9 |      350.9 
   ijkl-imkn-jnlm |   1920 |  1920 |  1600 | 1.00 | 1.00 |     358.2 |       358.0 |         353.2 |      345.6 
   ijkl-imkn-njml |   1920 |  1600 |  1920 | 1.00 | 0.90 |     352.1 |       352.0 |         348.5 |      349.1 
   ijkl-imln-jnkm |   1920 |  1920 |  1600 | 1.00 | 1.00 |     359.4 |       358.9 |         353.7 |      346.5 
   ijkl-imln-njmk |   1920 |  1600 |  1920 | 1.00 | 0.90 |     353.1 |       352.7 |         348.0 |      350.8 
   ijkl-imnj-nlkm |   1920 |  1600 |  1920 | 1.00 | 0.90 |     347.7 |       348.8 |         343.8 |      350.7 
   ijkl-imnk-njml |   1920 |  1600 |  1920 | 1.00 | 0.90 |     353.8 |       353.9 |         350.4 |      349.9 
   ijkl-minj-nlmk |   1920 |  1600 |  2304 | 1.00 | 0.90 |     349.9 |       349.5 |         347.4 |      347.4 
   ijkl-mink-jnlm |   1920 |  1920 |  1920 | 1.00 | 1.00 |     360.2 |       360.5 |         354.1 |      347.5 
   ijkl-minl-njmk |   1920 |  1600 |  2304 | 1.00 | 0.90 |     355.6 |       355.4 |         352.8 |      347.1 
     aqrs-pa-pqrs |     48 | 64000 |    48 | 1.00 | 1.00 |     266.9 |       264.4 |         262.4 |      199.8 
     abrs-qb-aqrs |     40 | 76800 |    48 | 1.00 | 1.00 |     275.8 |       277.4 |         278.7 |      144.8 
     abcs-rc-abrs |     40 | 76800 |    48 | 1.00 | 1.00 |     244.2 |       246.9 |         245.0 |      130.8 
       abj-bka-kj |  20736 |   128 |   144 | 1.00 | 1.00 |     282.4 |       280.9 |         274.1 |      194.3 
       ajb-kba-jk |  18432 |   144 |   144 | 1.00 | 1.00 |     351.0 |       363.3 |         348.1 |      267.6 
     abjc-cbka-kj |  92160 |    40 |    48 | 1.00 | 1.00 |     118.3 |       118.0 |         114.5 |      108.5 
     ajbc-ckba-jk |  92160 |    48 |    40 | 1.00 | 1.00 |     160.2 |       156.3 |          34.5 |      146.5 
     abjc-kbac-jk |  76800 |    48 |    48 | 1.00 | 1.00 |     279.9 |       279.4 |         203.0 |      130.4 
   abjcd-dkbac-jk | 230400 |    24 |    20 | 0.67 | 1.00 |     100.3 |        97.9 |          96.4 |       81.6 
   adbjc-cbdka-kj | 230400 |    20 |    24 | 0.67 | 1.00 |      63.8 |        65.2 |          64.6 |       62.3 
   ajbdc-ckbad-jk | 230400 |    24 |    20 | 1.00 | 1.00 |      90.4 |        89.8 |          27.5 |       91.2 
 abcijk-ijma-mkbc |   6912 |  1728 |    24 | 1.00 | 1.00 |     261.0 |       259.8 |         218.0 |      231.4 
 abcijk-ijmb-mkac |   3456 |  3456 |    24 | 1.00 | 1.00 |     261.9 |       260.4 |         273.7 |      169.1 
 abcijk-ijmc-mkab |   3456 |  3456 |    24 | 1.00 | 1.00 |     250.4 |       250.0 |         254.8 |      222.5 
 abcijk-ikma-mjbc |   6912 |  1728 |    24 | 1.00 | 1.00 |     260.5 |       259.5 |         213.6 |      232.5 
 abcijk-ikmb-mjac |   3456 |  3456 |    24 | 1.00 | 1.00 |     261.9 |       261.0 |         278.7 |      209.4 
 abcijk-ikmc-mjab |   3456 |  3456 |    24 | 1.00 | 1.00 |     252.1 |       251.2 |         256.1 |      197.7 
 abcijk-jkma-mibc |   6912 |  1728 |    24 | 1.00 | 1.00 |     259.1 |       263.3 |         219.4 |      235.4 
 abcijk-jkmb-miac |   3456 |  3456 |    24 | 1.00 | 1.00 |     261.5 |       260.1 |         273.7 |      136.5 
 abcijk-jkmc-miab |   3456 |  3456 |    24 | 1.00 | 1.00 |     252.0 |       250.7 |         257.2 |      158.8 
 abcijk-eiab-jkec |   3456 |  3456 |    24 | 1.00 | 1.00 |     250.2 |       250.2 |         254.3 |      179.5 
 abcijk-eiac-jkeb |   3456 |  3456 |    24 | 1.00 | 1.00 |     261.6 |       260.2 |         281.1 |      136.3 
 abcijk-eibc-jkea |   1728 |  6912 |    24 | 1.00 | 1.00 |     263.8 |       262.5 |         218.5 |      234.2 
 abcijk-ejab-ikec |   3456 |  3456 |    24 | 1.00 | 1.00 |     249.8 |       249.9 |         251.9 |      196.3 
 abcijk-ejac-ikeb |   3456 |  3456 |    24 | 1.00 | 1.00 |     262.5 |       262.0 |         274.5 |      209.9 
 abcijk-ejbc-ikea |   1728 |  6912 |    24 | 1.00 | 1.00 |     261.4 |       255.6 |         213.7 |      232.9 
 abcijk-ekab-ijec |   3456 |  3456 |    24 | 1.00 | 1.00 |     247.7 |       248.9 |         256.4 |      219.8 
 abcijk-ekac-ijeb |   3456 |  3456 |    24 | 1.00 | 1.00 |     262.9 |       262.5 |         277.8 |      171.1 
 abcijk-ekbc-ijea |   1728 |  6912 |    24 | 1.00 | 1.00 |     260.5 |       257.4 |         217.9 |      234.1 
       abc-bk-akc |    144 | 18432 |   128 | 1.00 | 1.00 |     350.1 |       365.4 |         345.5 |      257.6 

=== complex efficiency ratio (c64 GF/s over f64 GF/s; 1.0 = no penalty) ===
             case | plan c64/f64 | packed c64/f64 | upstream c64/f64 | tblis c64/f64 
------------------+--------------+----------------+------------------+---------------
         ij-ik-kj |        1.230 |          1.401 |            1.354 |         1.116 
       ij-ikl-ljk |        0.884 |          0.811 |            0.822 |         1.437 
       ij-kil-lkj |        0.910 |          0.896 |            0.922 |         1.443 
       ijk-ikl-lj |        1.295 |          1.237 |            1.249 |         1.385 
       ijk-il-jlk |        0.729 |          0.724 |            0.768 |         1.257 
       ijk-ilk-jl |        1.360 |          1.236 |            1.239 |         1.317 
       ijk-ilk-lj |        1.218 |          1.146 |            1.204 |         1.331 
     ijk-ilmk-mjl |        1.464 |          1.263 |            1.369 |         1.324 
   ijkl-imjn-lnkm |        1.071 |          1.075 |            1.049 |         1.059 
   ijkl-imjn-nlmk |        1.099 |          1.094 |            1.074 |         1.073 
   ijkl-imkn-jnlm |        1.073 |          1.074 |            1.043 |         1.057 
   ijkl-imkn-njml |        1.078 |          1.085 |            1.048 |         1.069 
   ijkl-imln-jnkm |        1.073 |          1.070 |            1.035 |         1.068 
   ijkl-imln-njmk |        1.081 |          1.081 |            1.028 |         1.067 
   ijkl-imnj-nlkm |        1.106 |          1.110 |            1.088 |         1.056 
   ijkl-imnk-njml |        1.092 |          1.087 |            1.039 |         1.060 
   ijkl-minj-nlmk |        1.113 |          1.112 |            1.104 |         1.105 
   ijkl-mink-jnlm |        1.071 |          1.075 |            1.028 |         1.056 
   ijkl-minl-njmk |        1.099 |          1.095 |            1.079 |         1.106 
     aqrs-pa-pqrs |        1.344 |          1.492 |            1.692 |         1.884 
     abrs-qb-aqrs |        1.488 |          1.481 |            1.561 |         1.342 
     abcs-rc-abrs |        1.753 |          1.685 |            1.727 |         1.851 
       abj-bka-kj |        1.617 |          1.566 |            1.655 |         1.686 
       ajb-kba-jk |        1.246 |          1.331 |            1.303 |         1.330 
     abjc-cbka-kj |        2.841 |          2.866 |            2.790 |         1.845 
     ajbc-ckba-jk |        2.322 |          2.267 |            0.519 |         1.688 
     abjc-kbac-jk |        2.034 |          1.909 |            1.468 |         1.731 
   abjcd-dkbac-jk |        2.013 |          1.966 |            2.082 |         1.911 
   adbjc-cbdka-kj |        2.390 |          2.478 |            2.387 |         2.514 
   ajbdc-ckbad-jk |        1.835 |          1.820 |            0.586 |         1.941 
 abcijk-ijma-mkbc |        1.683 |          1.682 |            1.404 |         1.566 
 abcijk-ijmb-mkac |        1.764 |          1.756 |            1.799 |         2.005 
 abcijk-ijmc-mkab |        1.614 |          1.608 |            1.682 |         2.092 
 abcijk-ikma-mjbc |        1.676 |          1.684 |            1.381 |         1.574 
 abcijk-ikmb-mjac |        1.786 |          1.770 |            1.846 |         1.731 
 abcijk-ikmc-mjab |        1.618 |          1.618 |            1.666 |         1.844 
 abcijk-jkma-mibc |        1.671 |          1.689 |            1.409 |         1.562 
 abcijk-jkmb-miac |        1.747 |          1.762 |            1.801 |         1.750 
 abcijk-jkmc-miab |        1.619 |          1.597 |            1.737 |         1.859 
 abcijk-eiab-jkec |        1.587 |          1.596 |            1.671 |         2.065 
 abcijk-eiac-jkeb |        1.769 |          1.753 |            1.872 |         1.735 
 abcijk-eibc-jkea |        1.695 |          1.691 |            1.434 |         1.565 
 abcijk-ejab-ikec |        1.623 |          1.587 |            1.638 |         1.847 
 abcijk-ejac-ikeb |        1.782 |          1.765 |            1.812 |         1.764 
 abcijk-ejbc-ikea |        1.699 |          1.651 |            1.404 |         1.591 
 abcijk-ekab-ijec |        1.591 |          1.584 |            1.693 |         2.059 
 abcijk-ekac-ijeb |        1.753 |          1.760 |            1.827 |         1.973 
 abcijk-ekbc-ijea |        1.677 |          1.671 |            1.439 |         1.592 
       abc-bk-akc |        1.209 |          1.231 |            1.190 |         1.317 
             MEAN |        1.500 |          1.490 |            1.409 |         1.543 

wrote /home/shinaoka/projects/tensor4all/tprims-rs/benchmarks/benchmarks/tcbench/results/scatter-wired/candidate/A2-16m-8t.pending.csv
