# threads: requested=4 pool=4 budget=4
host        : shinaoka-EVO-X1Pro
target      : x86_64 / linux
cpu features: avx2 fma avx512f avx512dq 
caches      : L1=48KiB/12-way/2sh L2=1024KiB/16-way/2sh L3=8192KiB/16-way/16sh (via sysfs), blocking=legacy
l3 domains  : t1=1 t4=1 t8=1
baselines   : tblis=true blas=false
tblis       : abi 2.x, 4 thread(s)

running 49 cases at 16 MiB nominal tensor size, 5 reps, stress=none


=== f64 ===
             case |      m |     n |     k | regA | regB | plan GF/s | packed GF/s | upstream GF/s | tblis GF/s 
------------------+--------+-------+-------+------+------+-----------+-------------+---------------+------------
         ij-ik-kj |   1464 |  1448 |  1464 | 0.00 | 0.00 |     144.8 |       127.3 |         127.0 |      173.1 
       ij-ikl-ljk |    144 |   128 | 18432 | 1.00 | 1.00 |     101.0 |       102.1 |          98.2 |       88.7 
       ij-kil-lkj |    144 |   128 | 20736 | 1.00 | 1.00 |      98.6 |        94.9 |          98.8 |       79.9 
       ijk-ikl-lj |  18432 |   128 |   144 | 1.00 | 1.00 |     154.2 |       144.5 |         150.8 |      109.6 
       ijk-il-jlk |    144 | 18432 |   128 | 1.00 | 1.00 |     120.9 |       122.1 |         123.1 |      142.2 
       ijk-ilk-jl |  18432 |   144 |   128 | 1.00 | 1.00 |     160.8 |       164.9 |         167.2 |      125.4 
       ijk-ilk-lj |  18432 |   128 |   144 | 1.00 | 1.00 |     164.0 |       162.7 |         165.0 |      118.7 
     ijk-ilmk-mjl |   1920 |    40 |  1920 | 1.00 | 1.00 |     125.1 |       135.0 |         120.2 |       82.9 
   ijkl-imjn-lnkm |   1920 |  1920 |  1600 | 1.00 | 1.00 |     172.1 |       172.1 |         176.5 |      177.6 
   ijkl-imjn-nlmk |   1920 |  1600 |  1920 | 1.00 | 1.00 |     172.1 |       172.1 |         177.1 |      173.1 
   ijkl-imkn-jnlm |   1920 |  1920 |  1600 | 1.00 | 1.00 |     173.7 |       171.8 |         176.4 |      176.7 
   ijkl-imkn-njml |   1920 |  1600 |  1920 | 1.00 | 1.00 |     173.1 |       173.2 |         177.9 |      172.0 
   ijkl-imln-jnkm |   1920 |  1920 |  1600 | 1.00 | 1.00 |     174.0 |       173.7 |         176.8 |      174.9 
   ijkl-imln-njmk |   1920 |  1600 |  1920 | 1.00 | 1.00 |     173.7 |       173.5 |         180.1 |      172.3 
   ijkl-imnj-nlkm |   1920 |  1600 |  1920 | 1.00 | 1.00 |     172.0 |       171.9 |         177.4 |      176.3 
   ijkl-imnk-njml |   1920 |  1600 |  1920 | 1.00 | 1.00 |     172.9 |       173.2 |         179.4 |      175.0 
   ijkl-minj-nlmk |   1920 |  1600 |  2304 | 1.00 | 1.00 |     171.2 |       171.1 |         175.7 |      172.9 
   ijkl-mink-jnlm |   1920 |  1920 |  1920 | 1.00 | 1.00 |     172.5 |       172.2 |         176.0 |      175.5 
   ijkl-minl-njmk |   1920 |  1600 |  2304 | 1.00 | 1.00 |     172.7 |       172.7 |         177.3 |      171.8 
     aqrs-pa-pqrs |     48 | 64000 |    48 | 0.00 | 0.00 |     137.9 |       107.9 |         102.2 |       62.3 
     abrs-qb-aqrs |     40 | 76800 |    48 | 1.00 | 1.00 |     121.9 |       122.0 |         127.0 |       67.8 
     abcs-rc-abrs |     40 | 76800 |    48 | 1.00 | 1.00 |     109.2 |       105.5 |         115.6 |       60.0 
       abj-bka-kj |  20736 |   128 |   144 | 1.00 | 1.00 |     135.9 |       137.6 |         134.2 |       79.1 
       ajb-kba-jk |  18432 |   144 |   144 | 1.00 | 1.00 |     158.3 |       160.5 |         157.0 |      124.3 
     abjc-cbka-kj |  92160 |    40 |    48 | 1.00 | 1.00 |      28.0 |        28.3 |          27.3 |       42.9 
     ajbc-ckba-jk |  92160 |    48 |    40 | 1.00 | 1.00 |      44.9 |        44.6 |          45.3 |       60.7 
     abjc-kbac-jk |  76800 |    48 |    48 | 1.00 | 1.00 |      98.6 |        95.6 |          96.8 |       55.2 
   abjcd-dkbac-jk | 230400 |    24 |    20 | 1.00 | 1.00 |      31.1 |        30.9 |          29.9 |       29.8 
   adbjc-cbdka-kj | 230400 |    20 |    24 | 1.00 | 1.00 |      15.9 |        16.1 |          16.0 |       19.2 
   ajbdc-ckbad-jk | 230400 |    24 |    20 | 1.00 | 1.00 |      30.1 |        30.1 |          29.3 |       32.5 
 abcijk-ijma-mkbc |   6912 |  1728 |    24 | 1.00 | 1.00 |     111.2 |       109.9 |         121.8 |      109.1 
 abcijk-ijmb-mkac |   3456 |  3456 |    24 | 1.00 | 0.67 |     104.3 |       106.2 |         117.1 |       64.5 
 abcijk-ijmc-mkab |   3456 |  3456 |    24 | 1.00 | 0.67 |     109.5 |       107.4 |         114.5 |       84.3 
 abcijk-ikma-mjbc |   6912 |  1728 |    24 | 1.00 | 1.00 |     102.6 |       109.6 |         122.2 |      110.1 
 abcijk-ikmb-mjac |   3456 |  3456 |    24 | 1.00 | 0.67 |     106.1 |       106.9 |         116.4 |       88.9 
 abcijk-ikmc-mjab |   3456 |  3456 |    24 | 1.00 | 0.67 |     107.7 |       109.0 |         114.4 |       75.8 
 abcijk-jkma-mibc |   6912 |  1728 |    24 | 1.00 | 1.00 |     111.3 |       111.1 |         124.2 |      111.9 
 abcijk-jkmb-miac |   3456 |  3456 |    24 | 1.00 | 0.67 |      97.7 |       105.2 |         115.2 |       48.6 
 abcijk-jkmc-miab |   3456 |  3456 |    24 | 1.00 | 0.67 |     109.3 |       109.4 |         115.0 |       63.9 
 abcijk-eiab-jkec |   3456 |  3456 |    24 | 1.00 | 0.67 |     109.0 |       108.9 |         114.3 |       61.2 
 abcijk-eiac-jkeb |   3456 |  3456 |    24 | 1.00 | 0.67 |     106.1 |       108.1 |         115.6 |       49.4 
 abcijk-eibc-jkea |   1728 |  6912 |    24 | 1.00 | 1.00 |     106.6 |       111.4 |         124.8 |      111.6 
 abcijk-ejab-ikec |   3456 |  3456 |    24 | 1.00 | 0.67 |     108.9 |       107.8 |         114.2 |       76.4 
 abcijk-ejac-ikeb |   3456 |  3456 |    24 | 1.00 | 0.67 |     106.4 |       107.6 |         115.8 |       87.3 
 abcijk-ejbc-ikea |   1728 |  6912 |    24 | 1.00 | 1.00 |     108.6 |       107.1 |         121.4 |      110.5 
 abcijk-ekab-ijec |   3456 |  3456 |    24 | 1.00 | 0.67 |     107.6 |       108.9 |         113.5 |       83.5 
 abcijk-ekac-ijeb |   3456 |  3456 |    24 | 1.00 | 0.67 |     106.4 |       106.6 |         117.1 |       65.3 
 abcijk-ekbc-ijea |   1728 |  6912 |    24 | 1.00 | 1.00 |     111.4 |       111.0 |         121.8 |      109.6 
       abc-bk-akc |    144 | 18432 |   128 | 1.00 | 1.00 |     162.9 |       165.4 |         169.0 |      124.8 

=== c64 ===
             case |      m |     n |     k | regA | regB | plan GF/s | packed GF/s | upstream GF/s | tblis GF/s 
------------------+--------+-------+-------+------+------+-----------+-------------+---------------+------------
         ij-ik-kj |   1464 |  1448 |  1464 | 1.00 | 1.00 |     189.5 |       189.3 |         189.1 |      184.8 
       ij-ikl-ljk |    144 |   128 | 18432 | 1.00 | 1.00 |     118.2 |       117.5 |         116.7 |      117.1 
       ij-kil-lkj |    144 |   128 | 20736 | 1.00 | 1.00 |     114.9 |       114.0 |         112.2 |      109.3 
       ijk-ikl-lj |  18432 |   128 |   144 | 1.00 | 1.00 |     178.0 |       177.5 |         179.6 |      135.9 
       ijk-il-jlk |    144 | 18432 |   128 | 1.00 | 1.00 |     136.8 |       133.0 |         136.9 |      165.2 
       ijk-ilk-jl |  18432 |   144 |   128 | 1.00 | 1.00 |     186.9 |       182.3 |         188.6 |      146.5 
       ijk-ilk-lj |  18432 |   128 |   144 | 1.00 | 1.00 |     181.5 |       182.1 |         182.6 |      143.9 
     ijk-ilmk-mjl |   1920 |    40 |  1920 | 1.00 | 1.00 |     146.8 |       147.0 |         145.1 |      107.8 
   ijkl-imjn-lnkm |   1920 |  1920 |  1600 | 1.00 | 0.90 |     184.5 |       184.8 |         183.5 |      180.4 
   ijkl-imjn-nlmk |   1920 |  1600 |  1920 | 1.00 | 0.90 |     185.6 |       185.6 |         185.8 |      180.3 
   ijkl-imkn-jnlm |   1920 |  1920 |  1600 | 1.00 | 1.00 |     187.4 |       187.5 |         187.0 |      179.0 
   ijkl-imkn-njml |   1920 |  1600 |  1920 | 1.00 | 0.90 |     187.1 |       186.9 |         187.3 |      179.3 
   ijkl-imln-jnkm |   1920 |  1920 |  1600 | 1.00 | 1.00 |     188.2 |       188.2 |         187.7 |      178.8 
   ijkl-imln-njmk |   1920 |  1600 |  1920 | 1.00 | 0.90 |     187.8 |       187.8 |         187.5 |      179.5 
   ijkl-imnj-nlkm |   1920 |  1600 |  1920 | 1.00 | 0.90 |     186.0 |       186.0 |         186.3 |      180.5 
   ijkl-imnk-njml |   1920 |  1600 |  1920 | 1.00 | 0.90 |     187.4 |       187.4 |         187.7 |      179.1 
   ijkl-minj-nlmk |   1920 |  1600 |  2304 | 1.00 | 0.90 |     183.7 |       183.4 |         184.2 |      178.4 
   ijkl-mink-jnlm |   1920 |  1920 |  1920 | 1.00 | 1.00 |     186.2 |       186.1 |         185.5 |      179.8 
   ijkl-minl-njmk |   1920 |  1600 |  2304 | 1.00 | 0.90 |     185.7 |       185.6 |         185.5 |      178.5 
     aqrs-pa-pqrs |     48 | 64000 |    48 | 1.00 | 1.00 |     144.2 |       142.9 |         142.8 |      113.1 
     abrs-qb-aqrs |     40 | 76800 |    48 | 1.00 | 1.00 |     142.0 |       149.3 |         151.8 |      100.6 
     abcs-rc-abrs |     40 | 76800 |    48 | 1.00 | 1.00 |     143.5 |       143.6 |         142.2 |       95.9 
       abj-bka-kj |  20736 |   128 |   144 | 1.00 | 1.00 |     153.0 |       154.7 |         154.0 |      114.7 
       ajb-kba-jk |  18432 |   144 |   144 | 1.00 | 1.00 |     187.8 |       186.9 |         189.0 |      153.6 
     abjc-cbka-kj |  92160 |    40 |    48 | 1.00 | 1.00 |      69.4 |        68.5 |          68.2 |       73.0 
     ajbc-ckba-jk |  92160 |    48 |    40 | 1.00 | 1.00 |      94.3 |        95.0 |          94.7 |      105.9 
     abjc-kbac-jk |  76800 |    48 |    48 | 1.00 | 1.00 |     155.7 |       150.6 |         152.9 |       77.6 
   abjcd-dkbac-jk | 230400 |    24 |    20 | 0.67 | 1.00 |      63.9 |        64.0 |          65.0 |       62.6 
   adbjc-cbdka-kj | 230400 |    20 |    24 | 0.67 | 1.00 |      41.7 |        41.9 |          35.6 |       45.2 
   ajbdc-ckbad-jk | 230400 |    24 |    20 | 1.00 | 1.00 |      55.8 |        55.4 |          55.2 |       67.4 
 abcijk-ijma-mkbc |   6912 |  1728 |    24 | 1.00 | 1.00 |     149.4 |       148.5 |         160.3 |      142.3 
 abcijk-ijmb-mkac |   3456 |  3456 |    24 | 1.00 | 1.00 |     154.6 |       154.3 |         166.9 |      108.3 
 abcijk-ijmc-mkab |   3456 |  3456 |    24 | 1.00 | 1.00 |     159.3 |       159.0 |         166.6 |      139.8 
 abcijk-ikma-mjbc |   6912 |  1728 |    24 | 1.00 | 1.00 |     135.0 |       148.0 |         158.1 |      141.8 
 abcijk-ikmb-mjac |   3456 |  3456 |    24 | 1.00 | 1.00 |     154.5 |       154.5 |         165.9 |      128.2 
 abcijk-ikmc-mjab |   3456 |  3456 |    24 | 1.00 | 1.00 |     159.0 |       158.6 |         166.2 |      124.0 
 abcijk-jkma-mibc |   6912 |  1728 |    24 | 1.00 | 1.00 |     148.7 |       149.6 |         162.0 |      142.7 
 abcijk-jkmb-miac |   3456 |  3456 |    24 | 1.00 | 1.00 |     153.5 |       153.8 |         165.7 |       83.2 
 abcijk-jkmc-miab |   3456 |  3456 |    24 | 1.00 | 1.00 |     154.6 |       154.0 |         163.5 |       99.1 
 abcijk-eiab-jkec |   3456 |  3456 |    24 | 1.00 | 1.00 |     153.4 |       154.0 |         164.5 |      100.0 
 abcijk-eiac-jkeb |   3456 |  3456 |    24 | 1.00 | 1.00 |     156.2 |       153.1 |         166.2 |       84.4 
 abcijk-eibc-jkea |   1728 |  6912 |    24 | 1.00 | 1.00 |     150.0 |       149.0 |         160.4 |      142.8 
 abcijk-ejab-ikec |   3456 |  3456 |    24 | 1.00 | 1.00 |     158.8 |       159.2 |         166.4 |      124.7 
 abcijk-ejac-ikeb |   3456 |  3456 |    24 | 1.00 | 1.00 |     154.3 |       154.4 |         166.7 |      127.0 
 abcijk-ejbc-ikea |   1728 |  6912 |    24 | 1.00 | 1.00 |     148.1 |       148.2 |         159.9 |      142.0 
 abcijk-ekab-ijec |   3456 |  3456 |    24 | 1.00 | 1.00 |     159.1 |       159.6 |         166.6 |      138.8 
 abcijk-ekac-ijeb |   3456 |  3456 |    24 | 1.00 | 1.00 |     154.7 |       157.4 |         166.1 |      109.1 
 abcijk-ekbc-ijea |   1728 |  6912 |    24 | 1.00 | 1.00 |     148.5 |       149.1 |         161.0 |      142.1 
       abc-bk-akc |    144 | 18432 |   128 | 1.00 | 1.00 |     182.6 |       183.0 |         189.1 |      146.5 

=== complex efficiency ratio (c64 GF/s over f64 GF/s; 1.0 = no penalty) ===
             case | plan c64/f64 | packed c64/f64 | upstream c64/f64 | tblis c64/f64 
------------------+--------------+----------------+------------------+---------------
         ij-ik-kj |        1.309 |          1.487 |            1.488 |         1.068 
       ij-ikl-ljk |        1.170 |          1.151 |            1.188 |         1.319 
       ij-kil-lkj |        1.165 |          1.202 |            1.136 |         1.367 
       ijk-ikl-lj |        1.154 |          1.228 |            1.191 |         1.239 
       ijk-il-jlk |        1.131 |          1.089 |            1.112 |         1.162 
       ijk-ilk-jl |        1.162 |          1.106 |            1.128 |         1.168 
       ijk-ilk-lj |        1.107 |          1.119 |            1.107 |         1.213 
     ijk-ilmk-mjl |        1.173 |          1.089 |            1.207 |         1.300 
   ijkl-imjn-lnkm |        1.072 |          1.074 |            1.040 |         1.016 
   ijkl-imjn-nlmk |        1.079 |          1.079 |            1.049 |         1.041 
   ijkl-imkn-jnlm |        1.079 |          1.092 |            1.060 |         1.013 
   ijkl-imkn-njml |        1.081 |          1.079 |            1.053 |         1.042 
   ijkl-imln-jnkm |        1.081 |          1.084 |            1.062 |         1.022 
   ijkl-imln-njmk |        1.082 |          1.082 |            1.041 |         1.042 
   ijkl-imnj-nlkm |        1.081 |          1.082 |            1.050 |         1.024 
   ijkl-imnk-njml |        1.084 |          1.082 |            1.046 |         1.024 
   ijkl-minj-nlmk |        1.073 |          1.072 |            1.048 |         1.032 
   ijkl-mink-jnlm |        1.079 |          1.080 |            1.054 |         1.024 
   ijkl-minl-njmk |        1.075 |          1.075 |            1.046 |         1.039 
     aqrs-pa-pqrs |        1.046 |          1.324 |            1.398 |         1.817 
     abrs-qb-aqrs |        1.165 |          1.224 |            1.196 |         1.485 
     abcs-rc-abrs |        1.314 |          1.361 |            1.230 |         1.598 
       abj-bka-kj |        1.126 |          1.125 |            1.147 |         1.450 
       ajb-kba-jk |        1.187 |          1.165 |            1.204 |         1.236 
     abjc-cbka-kj |        2.476 |          2.420 |            2.501 |         1.701 
     ajbc-ckba-jk |        2.101 |          2.128 |            2.090 |         1.744 
     abjc-kbac-jk |        1.579 |          1.575 |            1.579 |         1.406 
   abjcd-dkbac-jk |        2.055 |          2.068 |            2.174 |         2.100 
   adbjc-cbdka-kj |        2.615 |          2.602 |            2.232 |         2.350 
   ajbdc-ckbad-jk |        1.852 |          1.841 |            1.884 |         2.073 
 abcijk-ijma-mkbc |        1.344 |          1.351 |            1.317 |         1.305 
 abcijk-ijmb-mkac |        1.483 |          1.453 |            1.425 |         1.680 
 abcijk-ijmc-mkab |        1.454 |          1.480 |            1.454 |         1.657 
 abcijk-ikma-mjbc |        1.316 |          1.350 |            1.294 |         1.288 
 abcijk-ikmb-mjac |        1.456 |          1.445 |            1.425 |         1.443 
 abcijk-ikmc-mjab |        1.476 |          1.455 |            1.452 |         1.637 
 abcijk-jkma-mibc |        1.335 |          1.346 |            1.304 |         1.275 
 abcijk-jkmb-miac |        1.572 |          1.462 |            1.438 |         1.710 
 abcijk-jkmc-miab |        1.415 |          1.407 |            1.422 |         1.551 
 abcijk-eiab-jkec |        1.408 |          1.415 |            1.439 |         1.634 
 abcijk-eiac-jkeb |        1.471 |          1.416 |            1.438 |         1.707 
 abcijk-eibc-jkea |        1.407 |          1.338 |            1.286 |         1.280 
 abcijk-ejab-ikec |        1.458 |          1.478 |            1.457 |         1.633 
 abcijk-ejac-ikeb |        1.451 |          1.434 |            1.439 |         1.455 
 abcijk-ejbc-ikea |        1.363 |          1.384 |            1.317 |         1.285 
 abcijk-ekab-ijec |        1.479 |          1.466 |            1.468 |         1.663 
 abcijk-ekac-ijeb |        1.454 |          1.476 |            1.419 |         1.670 
 abcijk-ekbc-ijea |        1.333 |          1.343 |            1.322 |         1.296 
       abc-bk-akc |        1.121 |          1.106 |            1.119 |         1.173 
             MEAN |        1.358 |          1.363 |            1.346 |         1.397 

wrote /home/shinaoka/projects/tensor4all/tprims-rs/benchmarks/benchmarks/tcbench/results/scatter-wired/candidate/A2-16m-4t.pending.csv
