# threads: requested=4 pool=4 budget=4
host        : shinaoka-EVO-X1Pro
target      : x86_64 / linux
cpu features: avx2 fma avx512f avx512dq 
caches      : L1=48KiB/12-way/2sh L2=1024KiB/16-way/2sh L3=8192KiB/16-way/16sh (via sysfs), blocking=legacy
l3 domains  : t1=1 t4=1 t8=1
baselines   : tblis=true blas=false
tblis       : abi 2.x, 4 thread(s)

running 49 cases at 1 MiB nominal tensor size, 5 reps, stress=none


=== f64 ===
             case |     m |    n |    k | regA | regB | plan GF/s | packed GF/s | upstream GF/s | tblis GF/s 
------------------+-------+------+------+------+------+-----------+-------------+---------------+------------
         ij-ik-kj |   384 |  364 |  384 | 0.00 | 0.00 |     144.4 |       131.2 |         119.5 |      105.1 
       ij-ikl-ljk |    72 |   52 | 3744 | 1.00 | 1.00 |      61.7 |        61.0 |          53.1 |       38.2 
       ij-kil-lkj |    72 |   52 | 5184 | 1.00 | 1.00 |      58.4 |        58.5 |          52.4 |       38.0 
       ijk-ikl-lj |  3744 |   52 |   72 | 1.00 | 1.00 |     100.9 |       105.3 |          87.1 |       69.4 
       ijk-il-jlk |    72 | 3744 |   52 | 1.00 | 1.00 |     108.6 |       106.0 |          93.9 |       76.7 
       ijk-ilk-jl |  3744 |   72 |   52 | 1.00 | 1.00 |     117.4 |       119.4 |          98.8 |       84.4 
       ijk-ilk-lj |  3744 |   52 |   72 | 1.00 | 1.00 |     127.0 |       130.8 |         105.3 |       89.1 
     ijk-ilmk-mjl |   480 |   20 |  480 | 1.00 | 1.00 |     115.4 |       118.1 |          67.5 |       53.6 
   ijkl-imjn-lnkm |   480 |  480 |  400 | 1.00 | 0.80 |     176.7 |       179.3 |         169.5 |      144.1 
   ijkl-imjn-nlmk |   480 |  400 |  480 | 1.00 | 0.80 |     183.6 |       184.3 |         177.0 |      149.7 
   ijkl-imkn-jnlm |   480 |  480 |  400 | 1.00 | 1.00 |     181.0 |       184.9 |         174.2 |      153.0 
   ijkl-imkn-njml |   480 |  400 |  480 | 1.00 | 0.80 |     180.3 |       186.3 |         177.0 |      148.4 
   ijkl-imln-jnkm |   480 |  480 |  400 | 1.00 | 1.00 |     184.9 |       185.6 |         174.5 |      151.5 
   ijkl-imln-njmk |   480 |  400 |  480 | 1.00 | 0.80 |     187.2 |       187.2 |         177.5 |      153.0 
   ijkl-imnj-nlkm |   480 |  400 |  480 | 1.00 | 0.80 |     185.3 |       185.7 |         172.2 |      153.7 
   ijkl-imnk-njml |   480 |  400 |  480 | 1.00 | 0.80 |     179.8 |       184.7 |         176.0 |      152.0 
   ijkl-minj-nlmk |   480 |  400 |  576 | 1.00 | 0.80 |     179.9 |       179.4 |         173.5 |      149.1 
   ijkl-mink-jnlm |   480 |  480 |  480 | 1.00 | 1.00 |     183.4 |       186.8 |         174.2 |      150.2 
   ijkl-minl-njmk |   480 |  400 |  576 | 1.00 | 0.80 |     182.7 |       182.6 |         176.2 |      151.0 
     aqrs-pa-pqrs |    24 | 8000 |   24 | 0.00 | 0.00 |      81.8 |        29.2 |          75.8 |       43.0 
     abrs-qb-aqrs |    20 | 9600 |   24 | 1.00 | 1.00 |      90.9 |        91.6 |          63.3 |       40.4 
     abcs-rc-abrs |    20 | 9600 |   24 | 1.00 | 1.00 |      88.9 |        91.6 |          62.7 |       40.3 
       abj-bka-kj |  5184 |   52 |   72 | 1.00 | 1.00 |     127.3 |       128.4 |         108.5 |       82.1 
       ajb-kba-jk |  3744 |   72 |   72 | 1.00 | 1.00 |     155.4 |       157.8 |         132.7 |      114.5 
     abjc-cbka-kj | 11520 |   20 |   24 | 1.00 | 1.00 |      64.7 |        66.5 |          38.3 |       39.4 
     ajbc-ckba-jk | 11520 |   24 |   20 | 1.00 | 1.00 |      75.9 |        77.2 |          54.3 |       43.8 
     abjc-kbac-jk |  9600 |   24 |   24 | 1.00 | 1.00 |     100.0 |       100.9 |          71.7 |       48.0 
   abjcd-dkbac-jk | 82944 |   24 |   12 | 1.00 | 1.00 |      33.8 |        35.9 |          34.7 |       22.8 
   adbjc-cbdka-kj | 82944 |   12 |   24 | 1.00 | 1.00 |      11.0 |        11.1 |          10.2 |       17.9 
   ajbdc-ckbad-jk | 82944 |   24 |   12 | 1.00 | 1.00 |      32.7 |        33.2 |          34.9 |       24.5 
 abcijk-ijma-mkbc |  4608 |  512 |   24 | 1.00 | 1.00 |     110.7 |       116.8 |         113.2 |       98.5 
 abcijk-ijmb-mkac |  1536 | 1536 |   24 | 1.00 | 1.00 |     115.9 |       114.7 |         128.3 |       64.1 
 abcijk-ijmc-mkab |  1536 | 1536 |   24 | 1.00 | 1.00 |     120.0 |       116.4 |         120.3 |       98.0 
 abcijk-ikma-mjbc |  4608 |  512 |   24 | 1.00 | 1.00 |     106.7 |        91.4 |         118.1 |      100.4 
 abcijk-ikmb-mjac |  1536 | 1536 |   24 | 1.00 | 1.00 |     112.6 |       122.7 |         128.2 |       94.8 
 abcijk-ikmc-mjab |  1536 | 1536 |   24 | 1.00 | 1.00 |     113.6 |       114.2 |         120.4 |       85.9 
 abcijk-jkma-mibc |  4608 |  512 |   24 | 1.00 | 1.00 |      81.1 |       119.0 |         126.9 |      112.0 
 abcijk-jkmb-miac |  1536 | 1536 |   24 | 1.00 | 1.00 |     116.5 |       123.8 |         130.5 |       62.2 
 abcijk-jkmc-miab |  1536 | 1536 |   24 | 1.00 | 1.00 |     117.8 |       118.8 |         117.3 |       82.6 
 abcijk-eiab-jkec |  1536 | 1536 |   24 | 1.00 | 1.00 |     112.2 |       118.1 |         120.0 |       78.5 
 abcijk-eiac-jkeb |  1536 | 1536 |   24 | 1.00 | 1.00 |     115.0 |       120.3 |         123.1 |       59.3 
 abcijk-eibc-jkea |   512 | 4608 |   24 | 1.00 | 1.00 |     112.4 |       120.2 |         120.8 |      110.0 
 abcijk-ejab-ikec |  1536 | 1536 |   24 | 1.00 | 1.00 |     116.4 |       119.8 |         123.7 |       78.4 
 abcijk-ejac-ikeb |  1536 | 1536 |   24 | 1.00 | 1.00 |     119.3 |       124.3 |         131.7 |       98.6 
 abcijk-ejbc-ikea |   512 | 4608 |   24 | 1.00 | 1.00 |     114.5 |       117.9 |         117.7 |       98.8 
 abcijk-ekab-ijec |  1536 | 1536 |   24 | 1.00 | 1.00 |     116.1 |       119.1 |         122.4 |       97.3 
 abcijk-ekac-ijeb |  1536 | 1536 |   24 | 1.00 | 1.00 |     113.7 |       124.4 |         129.0 |       62.9 
 abcijk-ekbc-ijea |   512 | 4608 |   24 | 1.00 | 1.00 |     119.4 |       118.5 |         113.4 |       97.1 
       abc-bk-akc |    72 | 3744 |   52 | 1.00 | 1.00 |     152.4 |       155.3 |         125.9 |      108.9 

=== c64 ===
             case |     m |    n |    k | regA | regB | plan GF/s | packed GF/s | upstream GF/s | tblis GF/s 
------------------+-------+------+------+------+------+-----------+-------------+---------------+------------
         ij-ik-kj |   384 |  364 |  384 | 1.00 | 1.00 |     137.0 |       135.6 |         132.8 |      125.1 
       ij-ikl-ljk |    72 |   52 | 3744 | 1.00 | 1.00 |      64.0 |        64.3 |          60.2 |       77.0 
       ij-kil-lkj |    72 |   52 | 5184 | 1.00 | 1.00 |      59.6 |        59.3 |          56.4 |       75.0 
       ijk-ikl-lj |  3744 |   52 |   72 | 1.00 | 1.00 |     120.8 |       120.7 |         114.4 |       91.5 
       ijk-il-jlk |    72 | 3744 |   52 | 1.00 | 1.00 |      63.0 |        67.5 |          68.1 |      110.3 
       ijk-ilk-jl |  3744 |   72 |   52 | 0.89 | 1.00 |     137.4 |       139.7 |         132.0 |      123.9 
       ijk-ilk-lj |  3744 |   52 |   72 | 0.89 | 1.00 |     153.9 |       156.9 |         148.5 |      124.7 
     ijk-ilmk-mjl |   480 |   20 |  480 | 0.67 | 1.00 |     128.6 |       129.4 |         107.5 |      111.9 
   ijkl-imjn-lnkm |   480 |  480 |  400 | 0.67 | 0.80 |     171.4 |       171.4 |         168.5 |      165.0 
   ijkl-imjn-nlmk |   480 |  400 |  480 | 0.67 | 0.81 |     173.2 |       172.3 |         170.6 |      164.7 
   ijkl-imkn-jnlm |   480 |  480 |  400 | 0.67 | 1.00 |     171.5 |       173.4 |         170.5 |      167.8 
   ijkl-imkn-njml |   480 |  400 |  480 | 0.67 | 0.81 |     119.9 |       173.2 |         171.2 |      166.3 
   ijkl-imln-jnkm |   480 |  480 |  400 | 0.67 | 1.00 |     172.2 |       172.7 |         170.2 |      166.5 
   ijkl-imln-njmk |   480 |  400 |  480 | 0.67 | 0.81 |     174.0 |       175.3 |         173.0 |      169.7 
   ijkl-imnj-nlkm |   480 |  400 |  480 | 0.67 | 0.81 |     175.2 |       176.1 |         172.1 |      170.1 
   ijkl-imnk-njml |   480 |  400 |  480 | 0.67 | 0.81 |     174.8 |       174.4 |         171.4 |      170.4 
   ijkl-minj-nlmk |   480 |  400 |  576 | 0.67 | 0.81 |     167.8 |       167.5 |         161.1 |      161.4 
   ijkl-mink-jnlm |   480 |  480 |  480 | 0.67 | 1.00 |     164.1 |       167.8 |         168.5 |      167.2 
   ijkl-minl-njmk |   480 |  400 |  576 | 0.67 | 0.81 |     168.3 |       169.0 |         166.1 |      166.2 
     aqrs-pa-pqrs |    24 | 8000 |   24 | 1.00 | 1.00 |     100.3 |       100.8 |          87.6 |       90.7 
     abrs-qb-aqrs |    20 | 9600 |   24 | 1.00 | 1.00 |     136.1 |       135.5 |         116.8 |       78.8 
     abcs-rc-abrs |    20 | 9600 |   24 | 1.00 | 1.00 |     121.8 |       122.6 |         108.9 |       78.7 
       abj-bka-kj |  5184 |   52 |   72 | 0.89 | 1.00 |     152.4 |       150.8 |         142.9 |      102.1 
       ajb-kba-jk |  3744 |   72 |   72 | 0.89 | 1.00 |     172.6 |       168.2 |         162.7 |      128.2 
     abjc-cbka-kj | 11520 |   20 |   24 | 0.67 | 1.00 |      88.7 |        91.0 |          81.2 |       73.1 
     ajbc-ckba-jk | 11520 |   24 |   20 | 1.00 | 1.00 |      95.3 |        94.4 |          84.2 |       74.9 
     abjc-kbac-jk |  9600 |   24 |   24 | 0.67 | 1.00 |     136.0 |       136.0 |         118.9 |       84.0 
   abjcd-dkbac-jk | 82944 |   24 |   12 | 0.67 | 1.00 |      56.9 |        56.4 |          57.3 |       46.4 
   adbjc-cbdka-kj | 82944 |   12 |   24 | 0.67 | 1.00 |      28.8 |        29.0 |          28.6 |       33.7 
   ajbdc-ckbad-jk | 82944 |   24 |   12 | 1.00 | 1.00 |      56.2 |        55.6 |          54.9 |       48.0 
 abcijk-ijma-mkbc |  4608 |  512 |   24 | 1.00 | 0.97 |     142.3 |       141.7 |         150.5 |      122.4 
 abcijk-ijmb-mkac |  1536 | 1536 |   24 | 1.00 | 0.75 |     150.9 |       152.1 |         160.5 |      113.5 
 abcijk-ijmc-mkab |  1536 | 1536 |   24 | 1.00 | 0.50 |     157.3 |       157.4 |         159.7 |      134.3 
 abcijk-ikma-mjbc |  4608 |  512 |   24 | 1.00 | 0.97 |     141.5 |       142.0 |         150.6 |      122.4 
 abcijk-ikmb-mjac |  1536 | 1536 |   24 | 1.00 | 0.75 |     152.0 |       152.0 |         160.8 |      120.7 
 abcijk-ikmc-mjab |  1536 | 1536 |   24 | 1.00 | 0.50 |     155.7 |       157.6 |         158.4 |      127.3 
 abcijk-jkma-mibc |  4608 |  512 |   24 | 1.00 | 0.97 |     143.8 |       141.3 |         150.0 |      133.9 
 abcijk-jkmb-miac |  1536 | 1536 |   24 | 1.00 | 0.75 |     151.0 |       148.8 |         160.5 |      100.5 
 abcijk-jkmc-miab |  1536 | 1536 |   24 | 1.00 | 0.50 |     152.0 |       150.1 |         154.7 |      119.7 
 abcijk-eiab-jkec |  1536 | 1536 |   24 | 1.00 | 0.50 |     150.6 |       152.2 |         153.9 |      121.9 
 abcijk-eiac-jkeb |  1536 | 1536 |   24 | 1.00 | 0.75 |     152.7 |       153.2 |         160.1 |      101.9 
 abcijk-eibc-jkea |   512 | 4608 |   24 | 1.00 | 0.97 |     141.7 |       142.3 |         150.5 |      134.6 
 abcijk-ejab-ikec |  1536 | 1536 |   24 | 1.00 | 0.50 |     154.4 |       154.5 |         159.2 |      122.3 
 abcijk-ejac-ikeb |  1536 | 1536 |   24 | 1.00 | 0.75 |     154.2 |       153.8 |         159.3 |      121.5 
 abcijk-ejbc-ikea |   512 | 4608 |   24 | 1.00 | 0.97 |     143.9 |       143.3 |         148.5 |      123.4 
 abcijk-ekab-ijec |  1536 | 1536 |   24 | 1.00 | 0.50 |     157.0 |       156.0 |         159.6 |      134.5 
 abcijk-ekac-ijeb |  1536 | 1536 |   24 | 1.00 | 0.75 |     151.1 |       151.6 |         158.2 |      112.3 
 abcijk-ekbc-ijea |   512 | 4608 |   24 | 1.00 | 0.97 |     124.6 |       125.9 |         148.9 |      121.6 
       abc-bk-akc |    72 | 3744 |   52 | 0.89 | 1.00 |     169.7 |       170.6 |         162.0 |      141.3 

=== complex efficiency ratio (c64 GF/s over f64 GF/s; 1.0 = no penalty) ===
             case | plan c64/f64 | packed c64/f64 | upstream c64/f64 | tblis c64/f64 
------------------+--------------+----------------+------------------+---------------
         ij-ik-kj |        0.949 |          1.034 |            1.111 |         1.190 
       ij-ikl-ljk |        1.038 |          1.054 |            1.134 |         2.013 
       ij-kil-lkj |        1.020 |          1.013 |            1.077 |         1.974 
       ijk-ikl-lj |        1.198 |          1.147 |            1.313 |         1.318 
       ijk-il-jlk |        0.580 |          0.637 |            0.726 |         1.439 
       ijk-ilk-jl |        1.171 |          1.170 |            1.337 |         1.467 
       ijk-ilk-lj |        1.211 |          1.199 |            1.411 |         1.399 
     ijk-ilmk-mjl |        1.115 |          1.096 |            1.591 |         2.090 
   ijkl-imjn-lnkm |        0.970 |          0.956 |            0.994 |         1.145 
   ijkl-imjn-nlmk |        0.943 |          0.935 |            0.964 |         1.100 
   ijkl-imkn-jnlm |        0.948 |          0.937 |            0.978 |         1.097 
   ijkl-imkn-njml |        0.665 |          0.930 |            0.967 |         1.120 
   ijkl-imln-jnkm |        0.931 |          0.931 |            0.975 |         1.099 
   ijkl-imln-njmk |        0.930 |          0.936 |            0.975 |         1.109 
   ijkl-imnj-nlkm |        0.945 |          0.948 |            1.000 |         1.107 
   ijkl-imnk-njml |        0.972 |          0.944 |            0.974 |         1.121 
   ijkl-minj-nlmk |        0.933 |          0.934 |            0.928 |         1.083 
   ijkl-mink-jnlm |        0.895 |          0.898 |            0.967 |         1.114 
   ijkl-minl-njmk |        0.921 |          0.925 |            0.943 |         1.100 
     aqrs-pa-pqrs |        1.226 |          3.455 |            1.156 |         2.110 
     abrs-qb-aqrs |        1.497 |          1.479 |            1.844 |         1.951 
     abcs-rc-abrs |        1.369 |          1.338 |            1.736 |         1.953 
       abj-bka-kj |        1.198 |          1.175 |            1.317 |         1.244 
       ajb-kba-jk |        1.110 |          1.066 |            1.227 |         1.120 
     abjc-cbka-kj |        1.372 |          1.369 |            2.121 |         1.854 
     ajbc-ckba-jk |        1.255 |          1.222 |            1.549 |         1.711 
     abjc-kbac-jk |        1.360 |          1.348 |            1.657 |         1.750 
   abjcd-dkbac-jk |        1.681 |          1.572 |            1.649 |         2.033 
   adbjc-cbdka-kj |        2.615 |          2.603 |            2.799 |         1.886 
   ajbdc-ckbad-jk |        1.718 |          1.672 |            1.573 |         1.959 
 abcijk-ijma-mkbc |        1.285 |          1.214 |            1.330 |         1.242 
 abcijk-ijmb-mkac |        1.303 |          1.327 |            1.251 |         1.770 
 abcijk-ijmc-mkab |        1.311 |          1.352 |            1.327 |         1.371 
 abcijk-ikma-mjbc |        1.325 |          1.553 |            1.275 |         1.220 
 abcijk-ikmb-mjac |        1.350 |          1.239 |            1.255 |         1.273 
 abcijk-ikmc-mjab |        1.370 |          1.380 |            1.316 |         1.483 
 abcijk-jkma-mibc |        1.773 |          1.188 |            1.182 |         1.195 
 abcijk-jkmb-miac |        1.296 |          1.202 |            1.229 |         1.616 
 abcijk-jkmc-miab |        1.291 |          1.264 |            1.319 |         1.449 
 abcijk-eiab-jkec |        1.342 |          1.288 |            1.282 |         1.554 
 abcijk-eiac-jkeb |        1.328 |          1.273 |            1.301 |         1.717 
 abcijk-eibc-jkea |        1.261 |          1.184 |            1.246 |         1.223 
 abcijk-ejab-ikec |        1.327 |          1.290 |            1.287 |         1.558 
 abcijk-ejac-ikeb |        1.293 |          1.237 |            1.209 |         1.232 
 abcijk-ejbc-ikea |        1.257 |          1.215 |            1.261 |         1.248 
 abcijk-ekab-ijec |        1.353 |          1.310 |            1.303 |         1.383 
 abcijk-ekac-ijeb |        1.329 |          1.219 |            1.227 |         1.787 
 abcijk-ekbc-ijea |        1.043 |          1.062 |            1.314 |         1.252 
       abc-bk-akc |        1.113 |          1.099 |            1.286 |         1.298 
             MEAN |        1.218 |          1.241 |            1.290 |         1.460 

wrote /home/shinaoka/projects/tensor4all/tprims-rs/benchmarks/benchmarks/tcbench/results/scatter-wired/candidate/A2-1m-4t.pending.csv
