# threads: requested=1 pool=1 budget=1
host        : shinaoka-EVO-X1Pro
target      : x86_64 / linux
cpu features: avx2 fma avx512f avx512dq 
caches      : L1=48KiB/12-way/2sh L2=1024KiB/16-way/2sh L3=16384KiB/16-way/8sh (via sysfs), blocking=legacy
l3 domains  : t1=1
baselines   : tblis=true blas=false
tblis       : abi 2.x, 1 thread(s)

running 49 cases at 16 MiB nominal tensor size, 5 reps, stress=none


=== f64 ===
             case |      m |     n |     k | regA | regB | plan GF/s | packed GF/s | upstream GF/s | tblis GF/s 
------------------+--------+-------+-------+------+------+-----------+-------------+---------------+------------
         ij-ik-kj |   1464 |  1448 |  1464 | 0.00 | 0.00 |      36.6 |        48.7 |          47.8 |       46.6 
       ij-ikl-ljk |    144 |   128 | 18432 | 1.00 | 1.00 |      37.7 |        38.0 |          36.9 |       27.7 
       ij-kil-lkj |    144 |   128 | 20736 | 1.00 | 1.00 |      36.1 |        36.1 |          35.2 |       25.4 
       ijk-ikl-lj |  18432 |   128 |   144 | 1.00 | 1.00 |      42.5 |        42.5 |          41.5 |       35.2 
       ijk-il-jlk |    144 | 18432 |   128 | 1.00 | 1.00 |      37.8 |        38.2 |          35.1 |       36.6 
       ijk-ilk-jl |  18432 |   144 |   128 | 1.00 | 1.00 |      44.3 |        44.4 |          44.6 |       36.3 
       ijk-ilk-lj |  18432 |   128 |   144 | 1.00 | 1.00 |      44.0 |        44.0 |          44.3 |       34.1 
     ijk-ilmk-mjl |   1920 |    40 |  1920 | 1.00 | 1.00 |      40.6 |        40.8 |          40.1 |       21.9 
   ijkl-imjn-lnkm |   1920 |  1920 |  1600 | 1.00 | 1.00 |      47.2 |        47.2 |          46.3 |       46.8 
   ijkl-imjn-nlmk |   1920 |  1600 |  1920 | 1.00 | 1.00 |      47.3 |        47.1 |          46.2 |       46.1 
   ijkl-imkn-jnlm |   1920 |  1920 |  1600 | 1.00 | 1.00 |      47.2 |        47.2 |          46.1 |       46.8 
   ijkl-imkn-njml |   1920 |  1600 |  1920 | 1.00 | 1.00 |      47.4 |        47.5 |          46.5 |       45.4 
   ijkl-imln-jnkm |   1920 |  1920 |  1600 | 1.00 | 1.00 |      47.3 |        47.3 |          46.0 |       46.4 
   ijkl-imln-njmk |   1920 |  1600 |  1920 | 1.00 | 1.00 |      47.6 |        47.6 |          46.6 |       45.3 
   ijkl-imnj-nlkm |   1920 |  1600 |  1920 | 1.00 | 1.00 |      47.2 |        47.2 |          46.3 |       46.6 
   ijkl-imnk-njml |   1920 |  1600 |  1920 | 1.00 | 1.00 |      47.6 |        47.7 |          46.7 |       46.2 
   ijkl-minj-nlmk |   1920 |  1600 |  2304 | 1.00 | 1.00 |      46.3 |        46.3 |          45.7 |       45.1 
   ijkl-mink-jnlm |   1920 |  1920 |  1920 | 1.00 | 1.00 |      46.8 |        46.8 |          46.2 |       46.7 
   ijkl-minl-njmk |   1920 |  1600 |  2304 | 1.00 | 1.00 |      46.4 |        46.4 |          45.6 |       45.6 
     aqrs-pa-pqrs |     48 | 64000 |    48 | 0.00 | 0.00 |      39.8 |        32.9 |          30.0 |       19.0 
     abrs-qb-aqrs |     40 | 76800 |    48 | 1.00 | 1.00 |      33.7 |        34.1 |          34.7 |       19.7 
     abcs-rc-abrs |     40 | 76800 |    48 | 1.00 | 1.00 |      30.5 |        30.7 |          28.6 |       21.2 
       abj-bka-kj |  20736 |   128 |   144 | 1.00 | 1.00 |      38.6 |        38.7 |          38.7 |       26.5 
       ajb-kba-jk |  18432 |   144 |   144 | 1.00 | 1.00 |      42.4 |        42.4 |          42.7 |       37.4 
     abjc-cbka-kj |  92160 |    40 |    48 | 1.00 | 1.00 |       9.7 |         9.7 |           9.4 |       13.6 
     ajbc-ckba-jk |  92160 |    48 |    40 | 1.00 | 1.00 |      17.3 |        17.3 |          16.4 |       19.5 
     abjc-kbac-jk |  76800 |    48 |    48 | 1.00 | 1.00 |      28.7 |        28.8 |          29.6 |       18.8 
   abjcd-dkbac-jk | 230400 |    24 |    20 | 1.00 | 1.00 |      13.1 |        13.1 |          12.2 |       10.1 
   adbjc-cbdka-kj | 230400 |    20 |    24 | 1.00 | 1.00 |       5.4 |         5.3 |           5.2 |        7.6 
   ajbdc-ckbad-jk | 230400 |    24 |    20 | 1.00 | 1.00 |      13.1 |        13.0 |          12.1 |       10.7 
 abcijk-ijma-mkbc |   6912 |  1728 |    24 | 1.00 | 1.00 |      41.0 |        40.9 |          39.6 |       33.6 
 abcijk-ijmb-mkac |   3456 |  3456 |    24 | 1.00 | 0.67 |      40.7 |        40.3 |          39.0 |       24.2 
 abcijk-ijmc-mkab |   3456 |  3456 |    24 | 1.00 | 0.67 |      38.9 |        38.8 |          37.4 |       31.4 
 abcijk-ikma-mjbc |   6912 |  1728 |    24 | 1.00 | 1.00 |      40.2 |        40.7 |          39.4 |       33.5 
 abcijk-ikmb-mjac |   3456 |  3456 |    24 | 1.00 | 0.67 |      40.8 |        40.3 |          38.3 |       29.4 
 abcijk-ikmc-mjab |   3456 |  3456 |    24 | 1.00 | 0.67 |      38.9 |        38.9 |          37.4 |       26.1 
 abcijk-jkma-mibc |   6912 |  1728 |    24 | 1.00 | 1.00 |      41.5 |        41.4 |          39.8 |       33.5 
 abcijk-jkmb-miac |   3456 |  3456 |    24 | 1.00 | 0.67 |      39.9 |        39.8 |          38.0 |       16.2 
 abcijk-jkmc-miab |   3456 |  3456 |    24 | 1.00 | 0.67 |      39.2 |        39.2 |          37.9 |       22.2 
 abcijk-eiab-jkec |   3456 |  3456 |    24 | 1.00 | 0.67 |      39.2 |        39.0 |          37.9 |       21.8 
 abcijk-eiac-jkeb |   3456 |  3456 |    24 | 1.00 | 0.67 |      40.0 |        40.6 |          38.7 |       16.3 
 abcijk-eibc-jkea |   1728 |  6912 |    24 | 1.00 | 1.00 |      41.5 |        40.9 |          39.4 |       33.4 
 abcijk-ejab-ikec |   3456 |  3456 |    24 | 1.00 | 0.67 |      38.7 |        38.8 |          37.6 |       26.4 
 abcijk-ejac-ikeb |   3456 |  3456 |    24 | 1.00 | 0.67 |      40.7 |        40.2 |          39.0 |       29.7 
 abcijk-ejbc-ikea |   1728 |  6912 |    24 | 1.00 | 1.00 |      40.4 |        40.3 |          38.9 |       33.7 
 abcijk-ekab-ijec |   3456 |  3456 |    24 | 1.00 | 0.67 |      38.8 |        38.8 |          37.5 |       31.4 
 abcijk-ekac-ijeb |   3456 |  3456 |    24 | 1.00 | 0.67 |      40.7 |        40.3 |          38.9 |       24.3 
 abcijk-ekbc-ijea |   1728 |  6912 |    24 | 1.00 | 1.00 |      41.1 |        40.0 |          39.1 |       33.6 
       abc-bk-akc |    144 | 18432 |   128 | 1.00 | 1.00 |      43.9 |        43.8 |          43.1 |       36.2 

=== c64 ===
             case |      m |     n |     k | regA | regB | plan GF/s | packed GF/s | upstream GF/s | tblis GF/s 
------------------+--------+-------+-------+------+------+-----------+-------------+---------------+------------
         ij-ik-kj |   1464 |  1448 |  1464 | 1.00 | 1.00 |      48.4 |        48.4 |          48.2 |       47.0 
       ij-ikl-ljk |    144 |   128 | 18432 | 1.00 | 1.00 |      42.1 |        42.1 |          40.3 |       33.8 
       ij-kil-lkj |    144 |   128 | 20736 | 1.00 | 1.00 |      40.3 |        40.3 |          38.4 |       31.0 
       ijk-ikl-lj |  18432 |   128 |   144 | 1.00 | 1.00 |      46.6 |        46.4 |          45.8 |       36.4 
       ijk-il-jlk |    144 | 18432 |   128 | 1.00 | 1.00 |      44.8 |        44.9 |          43.6 |       42.7 
       ijk-ilk-jl |  18432 |   144 |   128 | 1.00 | 1.00 |      48.7 |        48.7 |          48.2 |       39.3 
       ijk-ilk-lj |  18432 |   128 |   144 | 1.00 | 1.00 |      47.5 |        47.5 |          46.8 |       38.2 
     ijk-ilmk-mjl |   1920 |    40 |  1920 | 1.00 | 1.00 |      41.7 |        41.8 |          40.8 |       28.3 
   ijkl-imjn-lnkm |   1920 |  1920 |  1600 | 1.00 | 0.90 |      48.0 |        48.1 |          47.8 |       45.7 
   ijkl-imjn-nlmk |   1920 |  1600 |  1920 | 1.00 | 0.90 |      48.0 |        48.0 |          47.6 |       45.1 
   ijkl-imkn-jnlm |   1920 |  1920 |  1600 | 1.00 | 1.00 |      48.3 |        48.3 |          47.8 |       45.3 
   ijkl-imkn-njml |   1920 |  1600 |  1920 | 1.00 | 0.90 |      48.3 |        48.4 |          47.9 |       44.8 
   ijkl-imln-jnkm |   1920 |  1920 |  1600 | 1.00 | 1.00 |      48.4 |        48.4 |          47.9 |       45.4 
   ijkl-imln-njmk |   1920 |  1600 |  1920 | 1.00 | 0.90 |      48.4 |        48.5 |          47.9 |       45.4 
   ijkl-imnj-nlkm |   1920 |  1600 |  1920 | 1.00 | 0.90 |      48.0 |        48.1 |          47.7 |       45.6 
   ijkl-imnk-njml |   1920 |  1600 |  1920 | 1.00 | 0.90 |      48.3 |        48.4 |          47.9 |       45.9 
   ijkl-minj-nlmk |   1920 |  1600 |  2304 | 1.00 | 0.90 |      47.3 |        47.3 |          46.8 |       45.3 
   ijkl-mink-jnlm |   1920 |  1920 |  1920 | 1.00 | 1.00 |      47.7 |        47.7 |          47.0 |       45.1 
   ijkl-minl-njmk |   1920 |  1600 |  2304 | 1.00 | 0.90 |      47.7 |        47.7 |          47.1 |       45.0 
     aqrs-pa-pqrs |     48 | 64000 |    48 | 1.00 | 1.00 |      38.7 |        38.7 |          37.4 |       29.4 
     abrs-qb-aqrs |     40 | 76800 |    48 | 1.00 | 1.00 |      39.7 |        39.6 |          39.0 |       29.5 
     abcs-rc-abrs |     40 | 76800 |    48 | 1.00 | 1.00 |      39.2 |        39.2 |          38.1 |       29.6 
       abj-bka-kj |  20736 |   128 |   144 | 1.00 | 1.00 |      41.2 |        41.2 |          40.6 |       30.8 
       ajb-kba-jk |  18432 |   144 |   144 | 1.00 | 1.00 |      48.7 |        48.7 |          48.1 |       40.6 
     abjc-cbka-kj |  92160 |    40 |    48 | 1.00 | 1.00 |      19.1 |        19.1 |          18.8 |       22.3 
     ajbc-ckba-jk |  92160 |    48 |    40 | 1.00 | 1.00 |      25.8 |        25.8 |          25.0 |       33.0 
     abjc-kbac-jk |  76800 |    48 |    48 | 1.00 | 1.00 |      40.2 |        40.2 |          39.3 |       26.4 
   abjcd-dkbac-jk | 230400 |    24 |    20 | 0.67 | 1.00 |      21.1 |        21.1 |          19.8 |       19.2 
   adbjc-cbdka-kj | 230400 |    20 |    24 | 0.67 | 1.00 |      11.7 |        11.7 |          11.5 |       17.9 
   ajbdc-ckbad-jk | 230400 |    24 |    20 | 1.00 | 1.00 |      20.2 |        20.1 |          19.0 |       19.7 
 abcijk-ijma-mkbc |   6912 |  1728 |    24 | 1.00 | 1.00 |      43.8 |        43.8 |          42.6 |       37.4 
 abcijk-ijmb-mkac |   3456 |  3456 |    24 | 1.00 | 1.00 |      45.4 |        45.2 |          44.0 |       33.2 
 abcijk-ijmc-mkab |   3456 |  3456 |    24 | 1.00 | 1.00 |      44.4 |        44.3 |          43.3 |       39.5 
 abcijk-ikma-mjbc |   6912 |  1728 |    24 | 1.00 | 1.00 |      43.8 |        43.8 |          42.5 |       37.4 
 abcijk-ikmb-mjac |   3456 |  3456 |    24 | 1.00 | 1.00 |      45.2 |        45.2 |          44.0 |       35.7 
 abcijk-ikmc-mjab |   3456 |  3456 |    24 | 1.00 | 1.00 |      44.4 |        44.3 |          43.2 |       35.6 
 abcijk-jkma-mibc |   6912 |  1728 |    24 | 1.00 | 1.00 |      43.9 |        43.9 |          42.6 |       37.5 
 abcijk-jkmb-miac |   3456 |  3456 |    24 | 1.00 | 1.00 |      45.0 |        45.0 |          43.5 |       28.1 
 abcijk-jkmc-miab |   3456 |  3456 |    24 | 1.00 | 1.00 |      44.3 |        44.3 |          43.0 |       34.9 
 abcijk-eiab-jkec |   3456 |  3456 |    24 | 1.00 | 1.00 |      44.4 |        44.3 |          43.0 |       35.0 
 abcijk-eiac-jkeb |   3456 |  3456 |    24 | 1.00 | 1.00 |      45.0 |        45.0 |          43.5 |       28.1 
 abcijk-eibc-jkea |   1728 |  6912 |    24 | 1.00 | 1.00 |      43.9 |        43.9 |          42.7 |       37.4 
 abcijk-ejab-ikec |   3456 |  3456 |    24 | 1.00 | 1.00 |      44.3 |        44.4 |          43.4 |       35.4 
 abcijk-ejac-ikeb |   3456 |  3456 |    24 | 1.00 | 1.00 |      45.2 |        45.1 |          43.9 |       35.6 
 abcijk-ejbc-ikea |   1728 |  6912 |    24 | 1.00 | 1.00 |      43.7 |        43.8 |          42.3 |       37.3 
 abcijk-ekab-ijec |   3456 |  3456 |    24 | 1.00 | 1.00 |      44.4 |        44.3 |          43.3 |       39.4 
 abcijk-ekac-ijeb |   3456 |  3456 |    24 | 1.00 | 1.00 |      45.1 |        45.2 |          44.0 |       33.3 
 abcijk-ekbc-ijea |   1728 |  6912 |    24 | 1.00 | 1.00 |      43.9 |        43.8 |          42.7 |       37.4 
       abc-bk-akc |    144 | 18432 |   128 | 1.00 | 1.00 |      48.6 |        48.6 |          48.1 |       39.3 

=== complex efficiency ratio (c64 GF/s over f64 GF/s; 1.0 = no penalty) ===
             case | plan c64/f64 | packed c64/f64 | upstream c64/f64 | tblis c64/f64 
------------------+--------------+----------------+------------------+---------------
         ij-ik-kj |        1.323 |          0.993 |            1.008 |         1.009 
       ij-ikl-ljk |        1.117 |          1.107 |            1.092 |         1.220 
       ij-kil-lkj |        1.118 |          1.118 |            1.093 |         1.223 
       ijk-ikl-lj |        1.095 |          1.092 |            1.104 |         1.033 
       ijk-il-jlk |        1.186 |          1.177 |            1.244 |         1.165 
       ijk-ilk-jl |        1.098 |          1.097 |            1.081 |         1.083 
       ijk-ilk-lj |        1.079 |          1.079 |            1.057 |         1.119 
     ijk-ilmk-mjl |        1.028 |          1.024 |            1.019 |         1.291 
   ijkl-imjn-lnkm |        1.017 |          1.017 |            1.033 |         0.978 
   ijkl-imjn-nlmk |        1.014 |          1.019 |            1.030 |         0.977 
   ijkl-imkn-jnlm |        1.022 |          1.023 |            1.038 |         0.967 
   ijkl-imkn-njml |        1.020 |          1.019 |            1.028 |         0.988 
   ijkl-imln-jnkm |        1.023 |          1.023 |            1.041 |         0.977 
   ijkl-imln-njmk |        1.018 |          1.018 |            1.030 |         1.001 
   ijkl-imnj-nlkm |        1.017 |          1.019 |            1.029 |         0.977 
   ijkl-imnk-njml |        1.014 |          1.015 |            1.026 |         0.992 
   ijkl-minj-nlmk |        1.023 |          1.024 |            1.025 |         1.006 
   ijkl-mink-jnlm |        1.018 |          1.019 |            1.018 |         0.966 
   ijkl-minl-njmk |        1.028 |          1.028 |            1.034 |         0.986 
     aqrs-pa-pqrs |        0.973 |          1.176 |            1.248 |         1.547 
     abrs-qb-aqrs |        1.175 |          1.163 |            1.126 |         1.497 
     abcs-rc-abrs |        1.286 |          1.278 |            1.331 |         1.393 
       abj-bka-kj |        1.066 |          1.066 |            1.049 |         1.162 
       ajb-kba-jk |        1.148 |          1.147 |            1.124 |         1.087 
     abjc-cbka-kj |        1.975 |          1.969 |            2.000 |         1.644 
     ajbc-ckba-jk |        1.493 |          1.492 |            1.529 |         1.691 
     abjc-kbac-jk |        1.401 |          1.394 |            1.329 |         1.402 
   abjcd-dkbac-jk |        1.607 |          1.608 |            1.630 |         1.887 
   adbjc-cbdka-kj |        2.193 |          2.193 |            2.228 |         2.366 
   ajbdc-ckbad-jk |        1.547 |          1.545 |            1.569 |         1.843 
 abcijk-ijma-mkbc |        1.067 |          1.071 |            1.075 |         1.112 
 abcijk-ijmb-mkac |        1.114 |          1.122 |            1.128 |         1.374 
 abcijk-ijmc-mkab |        1.141 |          1.143 |            1.157 |         1.258 
 abcijk-ikma-mjbc |        1.090 |          1.076 |            1.079 |         1.117 
 abcijk-ikmb-mjac |        1.108 |          1.123 |            1.148 |         1.212 
 abcijk-ikmc-mjab |        1.141 |          1.141 |            1.156 |         1.363 
 abcijk-jkma-mibc |        1.059 |          1.062 |            1.069 |         1.118 
 abcijk-jkmb-miac |        1.127 |          1.130 |            1.145 |         1.736 
 abcijk-jkmc-miab |        1.130 |          1.131 |            1.134 |         1.568 
 abcijk-eiab-jkec |        1.131 |          1.136 |            1.134 |         1.604 
 abcijk-eiac-jkeb |        1.125 |          1.109 |            1.125 |         1.729 
 abcijk-eibc-jkea |        1.058 |          1.074 |            1.083 |         1.120 
 abcijk-ejab-ikec |        1.144 |          1.145 |            1.156 |         1.340 
 abcijk-ejac-ikeb |        1.108 |          1.124 |            1.127 |         1.196 
 abcijk-ejbc-ikea |        1.084 |          1.085 |            1.085 |         1.109 
 abcijk-ekab-ijec |        1.144 |          1.142 |            1.154 |         1.253 
 abcijk-ekac-ijeb |        1.109 |          1.120 |            1.131 |         1.370 
 abcijk-ekbc-ijea |        1.069 |          1.096 |            1.092 |         1.112 
       abc-bk-akc |        1.107 |          1.108 |            1.116 |         1.084 
             MEAN |        1.167 |          1.165 |            1.173 |         1.270 

wrote /home/shinaoka/projects/tensor4all/tprims-rs/benchmarks/benchmarks/tcbench/results/scaling-layout/baseline/A-16m-1t.pending.csv
