# threads: requested=4 pool=4 budget=4
host        : shinaoka-EVO-X1Pro
target      : x86_64 / linux
cpu features: avx2 fma avx512f avx512dq 
caches      : L1=48KiB/12-way/2sh L2=1024KiB/16-way/2sh L3=16384KiB/16-way/8sh (via sysfs), blocking=legacy
l3 domains  : t1=1 t4=1 t8=2
baselines   : tblis=true blas=false
tblis       : abi 2.x, 4 thread(s)

running 49 cases at 16 MiB nominal tensor size, 5 reps, stress=none


=== f64 ===
             case |      m |     n |     k | regA | regB | plan GF/s | packed GF/s | upstream GF/s | tblis GF/s 
------------------+--------+-------+-------+------+------+-----------+-------------+---------------+------------
         ij-ik-kj |   1464 |  1448 |  1464 | 0.00 | 0.00 |     143.6 |       129.8 |         126.8 |      175.3 
       ij-ikl-ljk |    144 |   128 | 18432 | 1.00 | 1.00 |     102.4 |       101.0 |          96.4 |       89.0 
       ij-kil-lkj |    144 |   128 | 20736 | 1.00 | 1.00 |      98.3 |        98.3 |          95.7 |       80.3 
       ijk-ikl-lj |  18432 |   128 |   144 | 1.00 | 1.00 |     161.6 |       161.7 |         157.5 |      107.8 
       ijk-il-jlk |    144 | 18432 |   128 | 1.00 | 1.00 |     126.0 |       125.9 |         120.6 |      142.1 
       ijk-ilk-jl |  18432 |   144 |   128 | 1.00 | 1.00 |     171.9 |       172.3 |         165.4 |      124.6 
       ijk-ilk-lj |  18432 |   128 |   144 | 1.00 | 1.00 |     166.9 |       172.0 |         164.5 |      119.3 
     ijk-ilmk-mjl |   1920 |    40 |  1920 | 1.00 | 1.00 |     121.7 |       127.2 |         132.3 |       83.3 
   ijkl-imjn-lnkm |   1920 |  1920 |  1600 | 1.00 | 1.00 |     180.2 |       180.1 |         174.7 |      178.7 
   ijkl-imjn-nlmk |   1920 |  1600 |  1920 | 1.00 | 1.00 |     180.2 |       180.3 |         177.7 |      174.1 
   ijkl-imkn-jnlm |   1920 |  1920 |  1600 | 1.00 | 1.00 |     183.9 |       181.9 |         177.8 |      179.6 
   ijkl-imkn-njml |   1920 |  1600 |  1920 | 1.00 | 1.00 |     183.0 |       182.9 |         174.9 |      174.7 
   ijkl-imln-jnkm |   1920 |  1920 |  1600 | 1.00 | 1.00 |     184.0 |       184.0 |         179.1 |      180.7 
   ijkl-imln-njmk |   1920 |  1600 |  1920 | 1.00 | 1.00 |     180.0 |       180.1 |         175.4 |      172.8 
   ijkl-imnj-nlkm |   1920 |  1600 |  1920 | 1.00 | 1.00 |     179.1 |       179.3 |         172.8 |      174.8 
   ijkl-imnk-njml |   1920 |  1600 |  1920 | 1.00 | 1.00 |     179.5 |       179.4 |         174.9 |      175.0 
   ijkl-minj-nlmk |   1920 |  1600 |  2304 | 1.00 | 1.00 |     177.4 |       177.3 |         173.1 |      170.8 
   ijkl-mink-jnlm |   1920 |  1920 |  1920 | 1.00 | 1.00 |     181.2 |       181.0 |         177.0 |      176.3 
   ijkl-minl-njmk |   1920 |  1600 |  2304 | 1.00 | 1.00 |     180.7 |       180.8 |         174.2 |      170.9 
     aqrs-pa-pqrs |     48 | 64000 |    48 | 0.00 | 0.00 |     132.4 |       108.4 |         104.4 |       62.8 
     abrs-qb-aqrs |     40 | 76800 |    48 | 1.00 | 1.00 |     128.6 |       130.8 |         125.3 |       75.6 
     abcs-rc-abrs |     40 | 76800 |    48 | 1.00 | 1.00 |     114.8 |       116.9 |         109.3 |       62.9 
       abj-bka-kj |  20736 |   128 |   144 | 1.00 | 1.00 |     136.8 |       134.7 |         131.8 |       84.3 
       ajb-kba-jk |  18432 |   144 |   144 | 1.00 | 1.00 |     161.0 |       146.2 |         154.6 |      127.1 
     abjc-cbka-kj |  92160 |    40 |    48 | 1.00 | 1.00 |      28.4 |        28.4 |          26.0 |       41.3 
     ajbc-ckba-jk |  92160 |    48 |    40 | 1.00 | 1.00 |      47.4 |        47.3 |          45.1 |       63.4 
     abjc-kbac-jk |  76800 |    48 |    48 | 1.00 | 1.00 |     102.4 |        99.2 |          91.6 |       53.8 
   abjcd-dkbac-jk | 230400 |    24 |    20 | 1.00 | 1.00 |      31.7 |        31.8 |          29.7 |       30.0 
   adbjc-cbdka-kj | 230400 |    20 |    24 | 1.00 | 1.00 |      16.6 |        16.4 |          15.9 |       17.3 
   ajbdc-ckbad-jk | 230400 |    24 |    20 | 1.00 | 1.00 |      31.4 |        31.5 |          29.4 |       32.6 
 abcijk-ijma-mkbc |   6912 |  1728 |    24 | 1.00 | 1.00 |     130.9 |       130.8 |         121.6 |      109.7 
 abcijk-ijmb-mkac |   3456 |  3456 |    24 | 1.00 | 0.67 |     124.0 |       124.0 |         116.7 |       65.0 
 abcijk-ijmc-mkab |   3456 |  3456 |    24 | 1.00 | 0.67 |     119.6 |       119.4 |         112.4 |       82.8 
 abcijk-ikma-mjbc |   6912 |  1728 |    24 | 1.00 | 1.00 |     130.8 |       130.3 |         120.5 |      109.8 
 abcijk-ikmb-mjac |   3456 |  3456 |    24 | 1.00 | 0.67 |     123.9 |       123.2 |         116.5 |       89.3 
 abcijk-ikmc-mjab |   3456 |  3456 |    24 | 1.00 | 0.67 |     119.8 |       119.0 |         112.4 |       80.2 
 abcijk-jkma-mibc |   6912 |  1728 |    24 | 1.00 | 1.00 |     134.0 |       133.7 |         123.1 |      111.2 
 abcijk-jkmb-miac |   3456 |  3456 |    24 | 1.00 | 0.67 |     123.0 |       122.9 |         115.4 |       49.4 
 abcijk-jkmc-miab |   3456 |  3456 |    24 | 1.00 | 0.67 |     119.1 |       117.9 |         113.8 |       61.9 
 abcijk-eiab-jkec |   3456 |  3456 |    24 | 1.00 | 0.67 |     119.2 |       118.4 |         114.3 |       62.6 
 abcijk-eiac-jkeb |   3456 |  3456 |    24 | 1.00 | 0.67 |     121.6 |       124.0 |         115.0 |       49.6 
 abcijk-eibc-jkea |   1728 |  6912 |    24 | 1.00 | 1.00 |     133.4 |       132.3 |         124.0 |      111.4 
 abcijk-ejab-ikec |   3456 |  3456 |    24 | 1.00 | 0.67 |     119.1 |       119.2 |         112.4 |       80.3 
 abcijk-ejac-ikeb |   3456 |  3456 |    24 | 1.00 | 0.67 |     123.8 |       123.1 |         117.3 |       89.3 
 abcijk-ejbc-ikea |   1728 |  6912 |    24 | 1.00 | 1.00 |     129.9 |       130.3 |         121.8 |      109.4 
 abcijk-ekab-ijec |   3456 |  3456 |    24 | 1.00 | 0.67 |     120.0 |       120.5 |         112.6 |       83.0 
 abcijk-ekac-ijeb |   3456 |  3456 |    24 | 1.00 | 0.67 |     124.0 |       124.1 |         117.4 |       65.8 
 abcijk-ekbc-ijea |   1728 |  6912 |    24 | 1.00 | 1.00 |     130.0 |       131.2 |         122.2 |      109.7 
       abc-bk-akc |    144 | 18432 |   128 | 1.00 | 1.00 |     151.6 |       171.7 |         165.6 |      126.1 

=== c64 ===
             case |      m |     n |     k | regA | regB | plan GF/s | packed GF/s | upstream GF/s | tblis GF/s 
------------------+--------+-------+-------+------+------+-----------+-------------+---------------+------------
         ij-ik-kj |   1464 |  1448 |  1464 | 1.00 | 1.00 |     190.7 |       190.7 |         189.4 |      184.5 
       ij-ikl-ljk |    144 |   128 | 18432 | 1.00 | 1.00 |     120.5 |       120.4 |         116.1 |      117.8 
       ij-kil-lkj |    144 |   128 | 20736 | 1.00 | 1.00 |     116.9 |       117.1 |         111.2 |      107.8 
       ijk-ikl-lj |  18432 |   128 |   144 | 1.00 | 1.00 |     170.8 |       179.1 |         178.5 |      135.8 
       ijk-il-jlk |    144 | 18432 |   128 | 1.00 | 1.00 |     137.9 |       134.4 |         136.6 |      168.8 
       ijk-ilk-jl |  18432 |   144 |   128 | 1.00 | 1.00 |     188.0 |       190.4 |         188.2 |      147.0 
       ijk-ilk-lj |  18432 |   128 |   144 | 1.00 | 1.00 |     185.4 |       185.3 |         182.6 |      143.7 
     ijk-ilmk-mjl |   1920 |    40 |  1920 | 1.00 | 1.00 |     147.5 |       146.9 |         144.4 |      107.8 
   ijkl-imjn-lnkm |   1920 |  1920 |  1600 | 1.00 | 0.90 |     187.3 |       187.3 |         184.5 |      180.9 
   ijkl-imjn-nlmk |   1920 |  1600 |  1920 | 1.00 | 0.90 |     188.0 |       188.0 |         186.3 |      179.6 
   ijkl-imkn-jnlm |   1920 |  1920 |  1600 | 1.00 | 1.00 |     190.1 |       190.0 |         188.0 |      178.8 
   ijkl-imkn-njml |   1920 |  1600 |  1920 | 1.00 | 0.90 |     189.8 |       189.7 |         187.7 |      178.7 
   ijkl-imln-jnkm |   1920 |  1920 |  1600 | 1.00 | 1.00 |     190.8 |       190.8 |         188.6 |      179.0 
   ijkl-imln-njmk |   1920 |  1600 |  1920 | 1.00 | 0.90 |     190.3 |       190.3 |         188.1 |      179.5 
   ijkl-imnj-nlkm |   1920 |  1600 |  1920 | 1.00 | 0.90 |     188.1 |       188.2 |         186.6 |      179.6 
   ijkl-imnk-njml |   1920 |  1600 |  1920 | 1.00 | 0.90 |     190.0 |       189.9 |         188.1 |      179.7 
   ijkl-minj-nlmk |   1920 |  1600 |  2304 | 1.00 | 0.90 |     185.7 |       185.5 |         184.0 |      178.2 
   ijkl-mink-jnlm |   1920 |  1920 |  1920 | 1.00 | 1.00 |     188.4 |       188.4 |         185.8 |      179.0 
   ijkl-minl-njmk |   1920 |  1600 |  2304 | 1.00 | 0.90 |     188.0 |       188.1 |         185.7 |      178.7 
     aqrs-pa-pqrs |     48 | 64000 |    48 | 1.00 | 1.00 |     148.4 |       147.6 |         143.6 |      114.3 
     abrs-qb-aqrs |     40 | 76800 |    48 | 1.00 | 1.00 |     154.3 |       153.4 |         151.2 |      100.6 
     abcs-rc-abrs |     40 | 76800 |    48 | 1.00 | 1.00 |     150.1 |       151.6 |         144.0 |       96.0 
       abj-bka-kj |  20736 |   128 |   144 | 1.00 | 1.00 |     156.4 |       156.8 |         153.8 |      114.8 
       ajb-kba-jk |  18432 |   144 |   144 | 1.00 | 1.00 |     190.2 |       190.0 |         187.0 |      153.0 
     abjc-cbka-kj |  92160 |    40 |    48 | 1.00 | 1.00 |      70.8 |        70.3 |          70.0 |       76.8 
     ajbc-ckba-jk |  92160 |    48 |    40 | 1.00 | 1.00 |      96.2 |        97.1 |          95.0 |      104.9 
     abjc-kbac-jk |  76800 |    48 |    48 | 1.00 | 1.00 |     161.3 |       156.2 |         152.5 |       78.8 
   abjcd-dkbac-jk | 230400 |    24 |    20 | 0.67 | 1.00 |      68.5 |        67.8 |          63.9 |       62.1 
   adbjc-cbdka-kj | 230400 |    20 |    24 | 0.67 | 1.00 |      38.6 |        40.2 |          38.8 |       45.7 
   ajbdc-ckbad-jk | 230400 |    24 |    20 | 1.00 | 1.00 |      58.7 |        57.8 |          55.6 |       67.4 
 abcijk-ijma-mkbc |   6912 |  1728 |    24 | 1.00 | 1.00 |     166.3 |       165.2 |         160.6 |      142.2 
 abcijk-ijmb-mkac |   3456 |  3456 |    24 | 1.00 | 1.00 |     170.4 |       171.2 |         169.9 |      108.5 
 abcijk-ijmc-mkab |   3456 |  3456 |    24 | 1.00 | 1.00 |     169.1 |       168.7 |         165.9 |      140.1 
 abcijk-ikma-mjbc |   6912 |  1728 |    24 | 1.00 | 1.00 |     166.0 |       165.5 |         160.9 |      142.1 
 abcijk-ikmb-mjac |   3456 |  3456 |    24 | 1.00 | 1.00 |     170.1 |       171.4 |         166.3 |      128.2 
 abcijk-ikmc-mjab |   3456 |  3456 |    24 | 1.00 | 1.00 |     168.7 |       170.4 |         165.1 |      124.7 
 abcijk-jkma-mibc |   6912 |  1728 |    24 | 1.00 | 1.00 |     166.3 |       166.9 |         161.5 |      142.7 
 abcijk-jkmb-miac |   3456 |  3456 |    24 | 1.00 | 1.00 |     170.6 |       170.8 |         165.6 |       85.0 
 abcijk-jkmc-miab |   3456 |  3456 |    24 | 1.00 | 1.00 |     167.2 |       168.7 |         164.0 |      100.5 
 abcijk-eiab-jkec |   3456 |  3456 |    24 | 1.00 | 1.00 |     167.5 |       133.6 |         162.1 |      100.6 
 abcijk-eiac-jkeb |   3456 |  3456 |    24 | 1.00 | 1.00 |     170.7 |       170.9 |         165.4 |       84.7 
 abcijk-eibc-jkea |   1728 |  6912 |    24 | 1.00 | 1.00 |     167.1 |       167.7 |         162.7 |      143.0 
 abcijk-ejab-ikec |   3456 |  3456 |    24 | 1.00 | 1.00 |     167.9 |       168.5 |         164.8 |      124.9 
 abcijk-ejac-ikeb |   3456 |  3456 |    24 | 1.00 | 1.00 |     170.6 |       170.8 |         170.1 |      127.7 
 abcijk-ejbc-ikea |   1728 |  6912 |    24 | 1.00 | 1.00 |     166.2 |       163.7 |         161.1 |      142.7 
 abcijk-ekab-ijec |   3456 |  3456 |    24 | 1.00 | 1.00 |     168.5 |       168.2 |         164.3 |      140.2 
 abcijk-ekac-ijeb |   3456 |  3456 |    24 | 1.00 | 1.00 |     171.0 |       171.1 |         166.3 |      107.5 
 abcijk-ekbc-ijea |   1728 |  6912 |    24 | 1.00 | 1.00 |     164.6 |       166.5 |         160.4 |      142.6 
       abc-bk-akc |    144 | 18432 |   128 | 1.00 | 1.00 |     190.6 |       190.0 |         187.8 |      147.0 

=== complex efficiency ratio (c64 GF/s over f64 GF/s; 1.0 = no penalty) ===
             case | plan c64/f64 | packed c64/f64 | upstream c64/f64 | tblis c64/f64 
------------------+--------------+----------------+------------------+---------------
         ij-ik-kj |        1.328 |          1.470 |            1.494 |         1.052 
       ij-ikl-ljk |        1.177 |          1.192 |            1.204 |         1.324 
       ij-kil-lkj |        1.190 |          1.191 |            1.162 |         1.342 
       ijk-ikl-lj |        1.057 |          1.108 |            1.133 |         1.259 
       ijk-il-jlk |        1.094 |          1.068 |            1.133 |         1.188 
       ijk-ilk-jl |        1.094 |          1.105 |            1.138 |         1.179 
       ijk-ilk-lj |        1.111 |          1.077 |            1.110 |         1.204 
     ijk-ilmk-mjl |        1.212 |          1.155 |            1.092 |         1.295 
   ijkl-imjn-lnkm |        1.039 |          1.040 |            1.057 |         1.013 
   ijkl-imjn-nlmk |        1.043 |          1.043 |            1.048 |         1.032 
   ijkl-imkn-jnlm |        1.034 |          1.044 |            1.057 |         0.996 
   ijkl-imkn-njml |        1.037 |          1.037 |            1.073 |         1.023 
   ijkl-imln-jnkm |        1.037 |          1.037 |            1.053 |         0.991 
   ijkl-imln-njmk |        1.057 |          1.057 |            1.073 |         1.039 
   ijkl-imnj-nlkm |        1.050 |          1.049 |            1.080 |         1.028 
   ijkl-imnk-njml |        1.059 |          1.059 |            1.075 |         1.026 
   ijkl-minj-nlmk |        1.047 |          1.047 |            1.063 |         1.043 
   ijkl-mink-jnlm |        1.040 |          1.041 |            1.050 |         1.015 
   ijkl-minl-njmk |        1.040 |          1.040 |            1.066 |         1.046 
     aqrs-pa-pqrs |        1.121 |          1.361 |            1.376 |         1.820 
     abrs-qb-aqrs |        1.200 |          1.173 |            1.206 |         1.330 
     abcs-rc-abrs |        1.307 |          1.298 |            1.317 |         1.527 
       abj-bka-kj |        1.143 |          1.164 |            1.167 |         1.361 
       ajb-kba-jk |        1.182 |          1.300 |            1.210 |         1.204 
     abjc-cbka-kj |        2.493 |          2.476 |            2.687 |         1.862 
     ajbc-ckba-jk |        2.032 |          2.055 |            2.107 |         1.655 
     abjc-kbac-jk |        1.575 |          1.574 |            1.664 |         1.465 
   abjcd-dkbac-jk |        2.163 |          2.129 |            2.150 |         2.072 
   adbjc-cbdka-kj |        2.329 |          2.456 |            2.438 |         2.642 
   ajbdc-ckbad-jk |        1.871 |          1.831 |            1.891 |         2.071 
 abcijk-ijma-mkbc |        1.271 |          1.264 |            1.320 |         1.296 
 abcijk-ijmb-mkac |        1.375 |          1.380 |            1.456 |         1.669 
 abcijk-ijmc-mkab |        1.413 |          1.413 |            1.476 |         1.691 
 abcijk-ikma-mjbc |        1.268 |          1.270 |            1.335 |         1.294 
 abcijk-ikmb-mjac |        1.373 |          1.391 |            1.428 |         1.435 
 abcijk-ikmc-mjab |        1.408 |          1.432 |            1.469 |         1.555 
 abcijk-jkma-mibc |        1.241 |          1.248 |            1.312 |         1.283 
 abcijk-jkmb-miac |        1.387 |          1.390 |            1.435 |         1.720 
 abcijk-jkmc-miab |        1.405 |          1.430 |            1.441 |         1.623 
 abcijk-eiab-jkec |        1.405 |          1.128 |            1.418 |         1.607 
 abcijk-eiac-jkeb |        1.404 |          1.378 |            1.438 |         1.707 
 abcijk-eibc-jkea |        1.252 |          1.267 |            1.312 |         1.284 
 abcijk-ejab-ikec |        1.409 |          1.413 |            1.466 |         1.556 
 abcijk-ejac-ikeb |        1.378 |          1.387 |            1.451 |         1.430 
 abcijk-ejbc-ikea |        1.279 |          1.257 |            1.322 |         1.304 
 abcijk-ekab-ijec |        1.405 |          1.396 |            1.459 |         1.689 
 abcijk-ekac-ijeb |        1.378 |          1.378 |            1.416 |         1.634 
 abcijk-ekbc-ijea |        1.266 |          1.269 |            1.313 |         1.299 
       abc-bk-akc |        1.257 |          1.107 |            1.134 |         1.166 
             MEAN |        1.321 |          1.324 |            1.363 |         1.395 

wrote /home/shinaoka/projects/tensor4all/tprims-rs/benchmarks/benchmarks/tcbench/results/scaling-layout/baseline/A-16m-4t.pending.csv
