# threads: requested=8 pool=8 budget=8
host        : shinaoka-EVO-X1Pro
target      : x86_64 / linux
cpu features: avx2 fma avx512f avx512dq 
caches      : L1=48KiB/12-way/2sh L2=1024KiB/16-way/2sh L3=16384KiB/16-way/8sh (via sysfs), blocking=legacy
l3 domains  : t1=1 t4=1 t8=2 t16=4
baselines   : tblis=true blas=false
tblis       : abi 2.x, 8 thread(s)

running 49 cases at 16 MiB nominal tensor size, 5 reps, stress=none


=== f64 ===
             case |      m |     n |     k | regA | regB | plan GF/s | packed GF/s | upstream GF/s | tblis GF/s 
------------------+--------+-------+-------+------+------+-----------+-------------+---------------+------------
         ij-ik-kj |   1464 |  1448 |  1464 | 0.00 | 0.00 |     266.7 |       247.4 |         240.6 |      284.4 
       ij-ikl-ljk |    144 |   128 | 18432 | 1.00 | 1.00 |     192.8 |       194.9 |         177.6 |      133.4 
       ij-kil-lkj |    144 |   128 | 20736 | 1.00 | 1.00 |     165.5 |       165.7 |         153.7 |       59.0 
       ijk-ikl-lj |  18432 |   128 |   144 | 1.00 | 1.00 |     260.8 |       266.1 |         254.8 |      167.5 
       ijk-il-jlk |    144 | 18432 |   128 | 1.00 | 1.00 |     259.2 |       259.5 |         235.5 |      258.4 
       ijk-ilk-jl |  18432 |   144 |   128 | 1.00 | 1.00 |     285.7 |       297.0 |         279.1 |      191.9 
       ijk-ilk-lj |  18432 |   128 |   144 | 1.00 | 1.00 |     290.0 |       289.3 |         274.6 |      185.1 
     ijk-ilmk-mjl |   1920 |    40 |  1920 | 1.00 | 1.00 |     151.6 |       155.8 |         141.8 |      107.0 
   ijkl-imjn-lnkm |   1920 |  1920 |  1600 | 1.00 | 1.00 |     280.8 |       278.7 |         292.7 |      295.5 
   ijkl-imjn-nlmk |   1920 |  1600 |  1920 | 1.00 | 1.00 |     283.8 |       286.7 |         304.6 |      288.9 
   ijkl-imkn-jnlm |   1920 |  1920 |  1600 | 1.00 | 1.00 |     296.2 |       294.4 |         321.7 |      293.2 
   ijkl-imkn-njml |   1920 |  1600 |  1920 | 1.00 | 1.00 |     294.3 |       296.5 |         317.8 |      291.8 
   ijkl-imln-jnkm |   1920 |  1920 |  1600 | 1.00 | 1.00 |     295.1 |       297.5 |         321.5 |      293.8 
   ijkl-imln-njmk |   1920 |  1600 |  1920 | 1.00 | 1.00 |     294.1 |       295.0 |         319.5 |      291.6 
   ijkl-imnj-nlkm |   1920 |  1600 |  1920 | 1.00 | 1.00 |     286.8 |       287.8 |         302.5 |      289.9 
   ijkl-imnk-njml |   1920 |  1600 |  1920 | 1.00 | 1.00 |     294.2 |       293.0 |         318.3 |      295.3 
   ijkl-minj-nlmk |   1920 |  1600 |  2304 | 1.00 | 1.00 |     282.4 |       284.0 |         300.0 |      283.5 
   ijkl-mink-jnlm |   1920 |  1920 |  1920 | 1.00 | 1.00 |     297.4 |       296.3 |         311.3 |      294.6 
   ijkl-minl-njmk |   1920 |  1600 |  2304 | 1.00 | 1.00 |     288.6 |       292.2 |         315.9 |      289.8 
     aqrs-pa-pqrs |     48 | 64000 |    48 | 0.00 | 0.00 |     197.4 |       175.6 |         164.3 |      105.2 
     abrs-qb-aqrs |     40 | 76800 |    48 | 1.00 | 1.00 |     180.0 |       191.5 |         178.8 |       87.1 
     abcs-rc-abrs |     40 | 76800 |    48 | 1.00 | 1.00 |     133.6 |       148.2 |         140.1 |       67.1 
       abj-bka-kj |  20736 |   128 |   144 | 1.00 | 1.00 |     110.5 |       111.5 |         108.0 |       92.6 
       ajb-kba-jk |  18432 |   144 |   144 | 1.00 | 1.00 |     256.6 |       254.4 |         241.3 |      195.1 
     abjc-cbka-kj |  92160 |    40 |    48 | 1.00 | 1.00 |      35.3 |        36.9 |          35.7 |       28.9 
     ajbc-ckba-jk |  92160 |    48 |    40 | 1.00 | 1.00 |      63.1 |        63.6 |          61.5 |       74.1 
     abjc-kbac-jk |  76800 |    48 |    48 | 1.00 | 1.00 |     139.1 |       136.9 |         129.8 |       68.2 
   abjcd-dkbac-jk | 230400 |    24 |    20 | 1.00 | 1.00 |      47.5 |        47.5 |          43.2 |       32.6 
   adbjc-cbdka-kj | 230400 |    20 |    24 | 1.00 | 1.00 |      25.4 |        25.7 |          24.6 |       14.2 
   ajbdc-ckbad-jk | 230400 |    24 |    20 | 1.00 | 1.00 |      47.8 |        48.3 |          43.8 |       35.6 
 abcijk-ijma-mkbc |   6912 |  1728 |    24 | 1.00 | 1.00 |     155.0 |       156.8 |         153.1 |      141.3 
 abcijk-ijmb-mkac |   3456 |  3456 |    24 | 1.00 | 0.67 |     159.3 |       158.6 |         152.0 |       82.6 
 abcijk-ijmc-mkab |   3456 |  3456 |    24 | 1.00 | 0.67 |     151.6 |       151.8 |         147.0 |      101.7 
 abcijk-ikma-mjbc |   6912 |  1728 |    24 | 1.00 | 1.00 |     156.4 |       157.2 |         153.5 |      141.6 
 abcijk-ikmb-mjac |   3456 |  3456 |    24 | 1.00 | 0.67 |     158.5 |       158.5 |         151.2 |      100.0 
 abcijk-ikmc-mjab |   3456 |  3456 |    24 | 1.00 | 0.67 |     152.2 |       152.4 |         149.2 |       95.0 
 abcijk-jkma-mibc |   6912 |  1728 |    24 | 1.00 | 1.00 |     154.0 |       154.7 |         151.6 |      143.3 
 abcijk-jkmb-miac |   3456 |  3456 |    24 | 1.00 | 0.67 |     158.2 |       140.5 |         149.8 |       75.5 
 abcijk-jkmc-miab |   3456 |  3456 |    24 | 1.00 | 0.67 |     151.2 |       152.2 |         146.4 |       81.4 
 abcijk-eiab-jkec |   3456 |  3456 |    24 | 1.00 | 0.67 |     152.0 |       151.9 |         146.9 |       80.9 
 abcijk-eiac-jkeb |   3456 |  3456 |    24 | 1.00 | 0.67 |     157.6 |       158.5 |         150.8 |       74.6 
 abcijk-eibc-jkea |   1728 |  6912 |    24 | 1.00 | 1.00 |     153.8 |       153.8 |         151.7 |      141.8 
 abcijk-ejab-ikec |   3456 |  3456 |    24 | 1.00 | 0.67 |     152.8 |       151.9 |         146.1 |       95.0 
 abcijk-ejac-ikeb |   3456 |  3456 |    24 | 1.00 | 0.67 |     155.5 |       158.3 |         150.5 |      100.8 
 abcijk-ejbc-ikea |   1728 |  6912 |    24 | 1.00 | 1.00 |     156.1 |       156.9 |         153.5 |      140.9 
 abcijk-ekab-ijec |   3456 |  3456 |    24 | 1.00 | 0.67 |     152.1 |       152.1 |         145.8 |       98.7 
 abcijk-ekac-ijeb |   3456 |  3456 |    24 | 1.00 | 0.67 |     158.5 |       158.8 |         151.2 |       83.0 
 abcijk-ekbc-ijea |   1728 |  6912 |    24 | 1.00 | 1.00 |     154.8 |       154.6 |         153.5 |      141.3 
       abc-bk-akc |    144 | 18432 |   128 | 1.00 | 1.00 |     278.2 |       299.0 |         273.3 |      193.2 

=== c64 ===
             case |      m |     n |     k | regA | regB | plan GF/s | packed GF/s | upstream GF/s | tblis GF/s 
------------------+--------+-------+-------+------+------+-----------+-------------+---------------+------------
         ij-ik-kj |   1464 |  1448 |  1464 | 1.00 | 1.00 |     310.4 |       311.3 |         326.8 |      331.5 
       ij-ikl-ljk |    144 |   128 | 18432 | 1.00 | 1.00 |     154.7 |       155.5 |         143.6 |      189.5 
       ij-kil-lkj |    144 |   128 | 20736 | 1.00 | 1.00 |     147.8 |       147.7 |         139.5 |      116.3 
       ijk-ikl-lj |  18432 |   128 |   144 | 1.00 | 1.00 |     326.5 |       328.5 |         323.9 |      226.6 
       ijk-il-jlk |    144 | 18432 |   128 | 1.00 | 1.00 |     197.6 |       196.6 |         196.6 |      321.1 
       ijk-ilk-jl |  18432 |   144 |   128 | 1.00 | 1.00 |     360.5 |       359.1 |         346.3 |      251.0 
       ijk-ilk-lj |  18432 |   128 |   144 | 1.00 | 1.00 |     344.8 |       348.9 |         335.4 |      245.4 
     ijk-ilmk-mjl |   1920 |    40 |  1920 | 1.00 | 1.00 |     218.6 |       218.7 |         215.3 |      142.9 
   ijkl-imjn-lnkm |   1920 |  1920 |  1600 | 1.00 | 0.90 |     314.2 |       314.7 |         323.0 |      337.3 
   ijkl-imjn-nlmk |   1920 |  1600 |  1920 | 1.00 | 0.90 |     323.7 |       319.3 |         328.2 |      336.6 
   ijkl-imkn-jnlm |   1920 |  1920 |  1600 | 1.00 | 1.00 |     324.7 |       324.6 |         334.7 |      330.9 
   ijkl-imkn-njml |   1920 |  1600 |  1920 | 1.00 | 0.90 |     323.9 |       324.3 |         331.3 |      333.5 
   ijkl-imln-jnkm |   1920 |  1920 |  1600 | 1.00 | 1.00 |     327.3 |       325.8 |         334.5 |      330.8 
   ijkl-imln-njmk |   1920 |  1600 |  1920 | 1.00 | 0.90 |     323.6 |       327.0 |         332.3 |      334.6 
   ijkl-imnj-nlkm |   1920 |  1600 |  1920 | 1.00 | 0.90 |     326.3 |       324.7 |         327.5 |      336.0 
   ijkl-imnk-njml |   1920 |  1600 |  1920 | 1.00 | 0.90 |     324.7 |       326.0 |         329.2 |      334.1 
   ijkl-minj-nlmk |   1920 |  1600 |  2304 | 1.00 | 0.90 |     320.7 |       323.1 |         327.0 |      335.4 
   ijkl-mink-jnlm |   1920 |  1920 |  1920 | 1.00 | 1.00 |     325.7 |       328.6 |         330.9 |      332.1 
   ijkl-minl-njmk |   1920 |  1600 |  2304 | 1.00 | 0.90 |     324.8 |       324.9 |         335.4 |      334.8 
     aqrs-pa-pqrs |     48 | 64000 |    48 | 1.00 | 1.00 |     240.2 |       241.6 |         257.6 |      197.3 
     abrs-qb-aqrs |     40 | 76800 |    48 | 1.00 | 1.00 |     284.1 |       284.1 |         275.7 |      132.8 
     abcs-rc-abrs |     40 | 76800 |    48 | 1.00 | 1.00 |     252.1 |       249.6 |         237.1 |      118.3 
       abj-bka-kj |  20736 |   128 |   144 | 1.00 | 1.00 |     243.7 |       243.9 |         247.7 |      170.0 
       ajb-kba-jk |  18432 |   144 |   144 | 1.00 | 1.00 |     334.6 |       343.4 |         335.9 |      261.3 
     abjc-cbka-kj |  92160 |    40 |    48 | 1.00 | 1.00 |     109.4 |       107.1 |         107.9 |       77.3 
     ajbc-ckba-jk |  92160 |    48 |    40 | 1.00 | 1.00 |      34.3 |        34.2 |          32.4 |      129.7 
     abjc-kbac-jk |  76800 |    48 |    48 | 1.00 | 1.00 |     200.9 |       201.2 |         196.9 |      124.7 
   abjcd-dkbac-jk | 230400 |    24 |    20 | 0.67 | 1.00 |      91.4 |        90.5 |          88.8 |       70.1 
   adbjc-cbdka-kj | 230400 |    20 |    24 | 0.67 | 1.00 |      60.5 |        61.0 |          60.3 |       56.5 
   ajbdc-ckbad-jk | 230400 |    24 |    20 | 1.00 | 1.00 |      15.2 |        13.5 |          12.6 |       71.8 
 abcijk-ijma-mkbc |   6912 |  1728 |    24 | 1.00 | 1.00 |     220.7 |       222.8 |         212.8 |      207.9 
 abcijk-ijmb-mkac |   3456 |  3456 |    24 | 1.00 | 1.00 |     251.7 |       251.1 |         248.0 |      156.3 
 abcijk-ijmc-mkab |   3456 |  3456 |    24 | 1.00 | 1.00 |     255.0 |       255.8 |         246.9 |      178.4 
 abcijk-ikma-mjbc |   6912 |  1728 |    24 | 1.00 | 1.00 |     216.8 |       216.5 |         212.7 |      207.4 
 abcijk-ikmb-mjac |   3456 |  3456 |    24 | 1.00 | 1.00 |     252.8 |       251.8 |         247.8 |      170.9 
 abcijk-ikmc-mjab |   3456 |  3456 |    24 | 1.00 | 1.00 |     256.5 |       255.8 |         246.7 |      165.1 
 abcijk-jkma-mibc |   6912 |  1728 |    24 | 1.00 | 1.00 |     221.5 |       221.6 |         215.3 |      208.6 
 abcijk-jkmb-miac |   3456 |  3456 |    24 | 1.00 | 1.00 |     266.1 |       266.0 |         256.6 |      123.5 
 abcijk-jkmc-miab |   3456 |  3456 |    24 | 1.00 | 1.00 |     254.3 |       254.6 |         245.3 |      136.0 
 abcijk-eiab-jkec |   3456 |  3456 |    24 | 1.00 | 1.00 |     252.4 |       251.8 |         242.0 |      137.5 
 abcijk-eiac-jkeb |   3456 |  3456 |    24 | 1.00 | 1.00 |     262.7 |       263.2 |         252.1 |      124.4 
 abcijk-eibc-jkea |   1728 |  6912 |    24 | 1.00 | 1.00 |     221.6 |       220.6 |         214.9 |      207.7 
 abcijk-ejab-ikec |   3456 |  3456 |    24 | 1.00 | 1.00 |     252.3 |       253.2 |         242.7 |      166.9 
 abcijk-ejac-ikeb |   3456 |  3456 |    24 | 1.00 | 1.00 |     248.5 |       250.9 |         244.2 |      171.4 
 abcijk-ejbc-ikea |   1728 |  6912 |    24 | 1.00 | 1.00 |     214.2 |       216.3 |         212.2 |      206.6 
 abcijk-ekab-ijec |   3456 |  3456 |    24 | 1.00 | 1.00 |     252.2 |       252.3 |         244.0 |      179.8 
 abcijk-ekac-ijeb |   3456 |  3456 |    24 | 1.00 | 1.00 |     247.9 |       246.9 |         242.8 |      156.6 
 abcijk-ekbc-ijea |   1728 |  6912 |    24 | 1.00 | 1.00 |     222.2 |       221.8 |         214.9 |      208.5 
       abc-bk-akc |    144 | 18432 |   128 | 1.00 | 1.00 |     350.0 |       358.3 |         349.2 |      251.4 

=== complex efficiency ratio (c64 GF/s over f64 GF/s; 1.0 = no penalty) ===
             case | plan c64/f64 | packed c64/f64 | upstream c64/f64 | tblis c64/f64 
------------------+--------------+----------------+------------------+---------------
         ij-ik-kj |        1.164 |          1.258 |            1.358 |         1.165 
       ij-ikl-ljk |        0.802 |          0.798 |            0.808 |         1.421 
       ij-kil-lkj |        0.893 |          0.891 |            0.907 |         1.971 
       ijk-ikl-lj |        1.252 |          1.234 |            1.271 |         1.353 
       ijk-il-jlk |        0.762 |          0.757 |            0.835 |         1.243 
       ijk-ilk-jl |        1.262 |          1.209 |            1.241 |         1.308 
       ijk-ilk-lj |        1.189 |          1.206 |            1.221 |         1.326 
     ijk-ilmk-mjl |        1.442 |          1.404 |            1.518 |         1.336 
   ijkl-imjn-lnkm |        1.119 |          1.129 |            1.104 |         1.141 
   ijkl-imjn-nlmk |        1.141 |          1.113 |            1.078 |         1.165 
   ijkl-imkn-jnlm |        1.096 |          1.103 |            1.040 |         1.128 
   ijkl-imkn-njml |        1.101 |          1.094 |            1.043 |         1.143 
   ijkl-imln-jnkm |        1.109 |          1.095 |            1.040 |         1.126 
   ijkl-imln-njmk |        1.100 |          1.108 |            1.040 |         1.148 
   ijkl-imnj-nlkm |        1.138 |          1.128 |            1.082 |         1.159 
   ijkl-imnk-njml |        1.104 |          1.113 |            1.034 |         1.131 
   ijkl-minj-nlmk |        1.136 |          1.138 |            1.090 |         1.183 
   ijkl-mink-jnlm |        1.095 |          1.109 |            1.063 |         1.128 
   ijkl-minl-njmk |        1.125 |          1.112 |            1.062 |         1.155 
     aqrs-pa-pqrs |        1.217 |          1.376 |            1.568 |         1.875 
     abrs-qb-aqrs |        1.579 |          1.484 |            1.543 |         1.525 
     abcs-rc-abrs |        1.887 |          1.685 |            1.692 |         1.763 
       abj-bka-kj |        2.205 |          2.186 |            2.294 |         1.836 
       ajb-kba-jk |        1.304 |          1.350 |            1.392 |         1.339 
     abjc-cbka-kj |        3.102 |          2.904 |            3.019 |         2.680 
     ajbc-ckba-jk |        0.543 |          0.538 |            0.526 |         1.749 
     abjc-kbac-jk |        1.444 |          1.469 |            1.518 |         1.829 
   abjcd-dkbac-jk |        1.923 |          1.904 |            2.055 |         2.150 
   adbjc-cbdka-kj |        2.382 |          2.376 |            2.448 |         3.993 
   ajbdc-ckbad-jk |        0.317 |          0.280 |            0.287 |         2.015 
 abcijk-ijma-mkbc |        1.424 |          1.420 |            1.389 |         1.471 
 abcijk-ijmb-mkac |        1.580 |          1.583 |            1.632 |         1.892 
 abcijk-ijmc-mkab |        1.682 |          1.684 |            1.679 |         1.754 
 abcijk-ikma-mjbc |        1.386 |          1.377 |            1.386 |         1.464 
 abcijk-ikmb-mjac |        1.595 |          1.589 |            1.639 |         1.710 
 abcijk-ikmc-mjab |        1.685 |          1.678 |            1.653 |         1.738 
 abcijk-jkma-mibc |        1.439 |          1.432 |            1.420 |         1.456 
 abcijk-jkmb-miac |        1.682 |          1.893 |            1.713 |         1.636 
 abcijk-jkmc-miab |        1.682 |          1.673 |            1.675 |         1.672 
 abcijk-eiab-jkec |        1.661 |          1.658 |            1.647 |         1.700 
 abcijk-eiac-jkeb |        1.666 |          1.660 |            1.672 |         1.669 
 abcijk-eibc-jkea |        1.441 |          1.435 |            1.416 |         1.464 
 abcijk-ejab-ikec |        1.651 |          1.667 |            1.662 |         1.757 
 abcijk-ejac-ikeb |        1.598 |          1.585 |            1.623 |         1.700 
 abcijk-ejbc-ikea |        1.372 |          1.379 |            1.382 |         1.466 
 abcijk-ekab-ijec |        1.658 |          1.658 |            1.673 |         1.821 
 abcijk-ekac-ijeb |        1.564 |          1.555 |            1.606 |         1.887 
 abcijk-ekbc-ijea |        1.436 |          1.434 |            1.400 |         1.476 
       abc-bk-akc |        1.258 |          1.198 |            1.278 |         1.301 
             MEAN |        1.396 |          1.390 |            1.402 |         1.582 

wrote /home/shinaoka/projects/tensor4all/tprims-rs/benchmarks/benchmarks/tcbench/results/scaling-layout/baseline/A-16m-8t.pending.csv
