# threads: requested=4 pool=4 budget=4
host        : shinaoka-EVO-X1Pro
target      : x86_64 / linux
cpu features: avx2 fma avx512f avx512dq 
caches      : L1=48KiB/12-way/2sh L2=1024KiB/16-way/2sh L3=16384KiB/16-way/8sh (via sysfs), blocking=legacy
l3 domains  : t1=1 t4=1 t8=2
baselines   : tblis=true blas=false
tblis       : abi 2.x, 4 thread(s)

running 49 cases at 1 MiB nominal tensor size, 5 reps, stress=none


=== f64 ===
             case |     m |    n |    k | regA | regB | plan GF/s | packed GF/s | upstream GF/s | tblis GF/s 
------------------+-------+------+------+------+------+-----------+-------------+---------------+------------
         ij-ik-kj |   384 |  364 |  384 | 0.00 | 0.00 |     143.6 |       134.2 |         120.9 |      104.8 
       ij-ikl-ljk |    72 |   52 | 3744 | 1.00 | 1.00 |      64.7 |        61.4 |          53.5 |       38.1 
       ij-kil-lkj |    72 |   52 | 5184 | 1.00 | 1.00 |      61.4 |        62.3 |          52.5 |       38.1 
       ijk-ikl-lj |  3744 |   52 |   72 | 1.00 | 1.00 |     112.1 |       114.2 |          85.8 |       69.3 
       ijk-il-jlk |    72 | 3744 |   52 | 1.00 | 1.00 |      66.0 |       117.1 |          93.6 |       75.7 
       ijk-ilk-jl |  3744 |   72 |   52 | 1.00 | 1.00 |     111.9 |       123.8 |          92.2 |       80.7 
       ijk-ilk-lj |  3744 |   52 |   72 | 1.00 | 1.00 |     129.5 |       130.9 |          98.3 |       83.6 
     ijk-ilmk-mjl |   480 |   20 |  480 | 1.00 | 1.00 |     112.2 |       112.2 |          69.1 |       50.4 
   ijkl-imjn-lnkm |   480 |  480 |  400 | 1.00 | 0.80 |     186.3 |       185.1 |         109.3 |      143.2 
   ijkl-imjn-nlmk |   480 |  400 |  480 | 1.00 | 0.80 |     192.2 |       187.9 |         176.6 |      150.2 
   ijkl-imkn-jnlm |   480 |  480 |  400 | 1.00 | 1.00 |     190.1 |       191.0 |         173.5 |      150.4 
   ijkl-imkn-njml |   480 |  400 |  480 | 1.00 | 0.80 |     192.2 |       190.6 |         180.4 |      150.3 
   ijkl-imln-jnkm |   480 |  480 |  400 | 1.00 | 1.00 |     191.4 |       191.4 |         175.3 |      151.9 
   ijkl-imln-njmk |   480 |  400 |  480 | 1.00 | 0.80 |     192.8 |       192.7 |         179.3 |      151.2 
   ijkl-imnj-nlkm |   480 |  400 |  480 | 1.00 | 0.80 |     192.2 |       192.3 |         175.9 |      152.9 
   ijkl-imnk-njml |   480 |  400 |  480 | 1.00 | 0.80 |     193.7 |       193.5 |         181.4 |      151.9 
   ijkl-minj-nlmk |   480 |  400 |  576 | 1.00 | 0.80 |     187.6 |       187.9 |         173.7 |      149.1 
   ijkl-mink-jnlm |   480 |  480 |  480 | 1.00 | 1.00 |     190.9 |       190.9 |         179.6 |      147.8 
   ijkl-minl-njmk |   480 |  400 |  576 | 1.00 | 0.80 |     186.6 |       188.8 |         178.0 |      151.6 
     aqrs-pa-pqrs |    24 | 8000 |   24 | 0.00 | 0.00 |      46.0 |        59.0 |          67.8 |       43.0 
     abrs-qb-aqrs |    20 | 9600 |   24 | 1.00 | 1.00 |     105.0 |       108.0 |          63.2 |       40.0 
     abcs-rc-abrs |    20 | 9600 |   24 | 1.00 | 1.00 |     104.7 |       107.1 |          68.6 |       40.5 
       abj-bka-kj |  5184 |   52 |   72 | 1.00 | 1.00 |     129.2 |       128.9 |         104.0 |       82.3 
       ajb-kba-jk |  3744 |   72 |   72 | 1.00 | 1.00 |     168.4 |       168.8 |         132.8 |      112.2 
     abjc-cbka-kj | 11520 |   20 |   24 | 1.00 | 1.00 |      53.5 |        55.5 |          40.4 |       38.5 
     ajbc-ckba-jk | 11520 |   24 |   20 | 1.00 | 1.00 |      85.7 |        86.0 |          56.3 |       43.2 
     abjc-kbac-jk |  9600 |   24 |   24 | 1.00 | 1.00 |      30.3 |       109.4 |          71.0 |       47.1 
   abjcd-dkbac-jk | 82944 |   24 |   12 | 1.00 | 1.00 |      36.4 |        40.0 |          34.2 |       22.8 
   adbjc-cbdka-kj | 82944 |   12 |   24 | 1.00 | 1.00 |       9.5 |         8.9 |           8.5 |       18.2 
   ajbdc-ckbad-jk | 82944 |   24 |   12 | 1.00 | 1.00 |      39.1 |        38.9 |          33.8 |       24.5 
 abcijk-ijma-mkbc |  4608 |  512 |   24 | 1.00 | 1.00 |     123.2 |       129.4 |         117.0 |      100.5 
 abcijk-ijmb-mkac |  1536 | 1536 |   24 | 1.00 | 1.00 |     136.9 |       147.4 |         126.9 |       61.8 
 abcijk-ijmc-mkab |  1536 | 1536 |   24 | 1.00 | 1.00 |     134.9 |       138.2 |         120.8 |       94.1 
 abcijk-ikma-mjbc |  4608 |  512 |   24 | 1.00 | 1.00 |     131.2 |       135.5 |         120.9 |       99.4 
 abcijk-ikmb-mjac |  1536 | 1536 |   24 | 1.00 | 1.00 |     126.0 |       141.6 |         125.3 |       97.2 
 abcijk-ikmc-mjab |  1536 | 1536 |   24 | 1.00 | 1.00 |     144.3 |       143.4 |         120.3 |       82.5 
 abcijk-jkma-mibc |  4608 |  512 |   24 | 1.00 | 1.00 |     126.2 |       131.7 |         120.5 |      111.8 
 abcijk-jkmb-miac |  1536 | 1536 |   24 | 1.00 | 1.00 |      82.8 |       145.7 |         131.7 |       62.0 
 abcijk-jkmc-miab |  1536 | 1536 |   24 | 1.00 | 1.00 |     131.4 |       142.3 |         123.6 |       83.1 
 abcijk-eiab-jkec |  1536 | 1536 |   24 | 1.00 | 1.00 |     134.1 |       143.8 |         118.9 |       79.9 
 abcijk-eiac-jkeb |  1536 | 1536 |   24 | 1.00 | 1.00 |     142.1 |       138.9 |         130.3 |       59.4 
 abcijk-eibc-jkea |   512 | 4608 |   24 | 1.00 | 1.00 |     130.9 |       142.2 |         113.1 |      111.0 
 abcijk-ejab-ikec |  1536 | 1536 |   24 | 1.00 | 1.00 |     140.1 |       136.7 |         124.5 |       82.1 
 abcijk-ejac-ikeb |  1536 | 1536 |   24 | 1.00 | 1.00 |     132.5 |       141.6 |         132.5 |       97.3 
 abcijk-ejbc-ikea |   512 | 4608 |   24 | 1.00 | 1.00 |     130.9 |       135.6 |         114.3 |      101.8 
 abcijk-ekab-ijec |  1536 | 1536 |   24 | 1.00 | 1.00 |     133.3 |       138.6 |         124.3 |       96.9 
 abcijk-ekac-ijeb |  1536 | 1536 |   24 | 1.00 | 1.00 |     103.8 |       140.9 |         127.5 |       61.0 
 abcijk-ekbc-ijea |   512 | 4608 |   24 | 1.00 | 1.00 |     134.4 |       103.7 |         114.5 |       98.6 
       abc-bk-akc |    72 | 3744 |   52 | 1.00 | 1.00 |     153.3 |       169.4 |         119.0 |      108.3 

=== c64 ===
             case |     m |    n |    k | regA | regB | plan GF/s | packed GF/s | upstream GF/s | tblis GF/s 
------------------+-------+------+------+------+------+-----------+-------------+---------------+------------
         ij-ik-kj |   384 |  364 |  384 | 1.00 | 1.00 |     137.5 |       137.2 |         131.7 |      125.3 
       ij-ikl-ljk |    72 |   52 | 3744 | 1.00 | 1.00 |      64.9 |        64.8 |          60.6 |       76.6 
       ij-kil-lkj |    72 |   52 | 5184 | 1.00 | 1.00 |      60.0 |        60.2 |          56.5 |       73.8 
       ijk-ikl-lj |  3744 |   52 |   72 | 1.00 | 1.00 |     122.0 |       121.6 |         114.4 |       90.6 
       ijk-il-jlk |    72 | 3744 |   52 | 1.00 | 1.00 |      69.5 |        70.2 |          67.4 |      108.1 
       ijk-ilk-jl |  3744 |   72 |   52 | 0.89 | 1.00 |     133.8 |       137.1 |         124.1 |      116.8 
       ijk-ilk-lj |  3744 |   52 |   72 | 0.89 | 1.00 |     149.8 |       148.2 |         137.9 |      119.1 
     ijk-ilmk-mjl |   480 |   20 |  480 | 0.67 | 1.00 |     125.3 |       125.2 |         106.2 |      111.4 
   ijkl-imjn-lnkm |   480 |  480 |  400 | 0.67 | 0.80 |     173.8 |       173.7 |         168.5 |      168.9 
   ijkl-imjn-nlmk |   480 |  400 |  480 | 0.67 | 0.81 |     174.0 |       175.3 |         170.6 |      164.6 
   ijkl-imkn-jnlm |   480 |  480 |  400 | 0.67 | 1.00 |     156.7 |       166.9 |         169.3 |      167.4 
   ijkl-imkn-njml |   480 |  400 |  480 | 0.67 | 0.81 |     175.5 |       174.7 |         170.5 |      166.0 
   ijkl-imln-jnkm |   480 |  480 |  400 | 0.67 | 1.00 |     176.3 |       174.7 |         170.2 |      166.6 
   ijkl-imln-njmk |   480 |  400 |  480 | 0.67 | 0.81 |     176.7 |       176.1 |         171.8 |      168.5 
   ijkl-imnj-nlkm |   480 |  400 |  480 | 0.67 | 0.81 |     175.5 |       175.8 |         171.9 |      170.6 
   ijkl-imnk-njml |   480 |  400 |  480 | 0.67 | 0.81 |     176.0 |       175.8 |         172.0 |      172.1 
   ijkl-minj-nlmk |   480 |  400 |  576 | 0.67 | 0.81 |     170.0 |       169.6 |         164.0 |      161.4 
   ijkl-mink-jnlm |   480 |  480 |  480 | 0.67 | 1.00 |     167.0 |       172.5 |         169.1 |      168.3 
   ijkl-minl-njmk |   480 |  400 |  576 | 0.67 | 0.81 |     125.9 |       171.4 |         165.8 |      166.1 
     aqrs-pa-pqrs |    24 | 8000 |   24 | 1.00 | 1.00 |     103.1 |       103.4 |          88.6 |       90.4 
     abrs-qb-aqrs |    20 | 9600 |   24 | 1.00 | 1.00 |     150.1 |       150.1 |         116.3 |       78.5 
     abcs-rc-abrs |    20 | 9600 |   24 | 1.00 | 1.00 |     129.8 |       131.2 |         105.5 |       80.9 
       abj-bka-kj |  5184 |   52 |   72 | 0.89 | 1.00 |     155.9 |       155.5 |         143.4 |      100.2 
       ajb-kba-jk |  3744 |   72 |   72 | 0.89 | 1.00 |     176.2 |       176.7 |         159.9 |      124.3 
     abjc-cbka-kj | 11520 |   20 |   24 | 0.67 | 1.00 |      96.6 |        97.5 |          81.2 |       71.9 
     ajbc-ckba-jk | 11520 |   24 |   20 | 1.00 | 1.00 |     109.0 |       109.1 |          91.9 |       71.3 
     abjc-kbac-jk |  9600 |   24 |   24 | 0.67 | 1.00 |     148.5 |       148.2 |         118.9 |       85.0 
   abjcd-dkbac-jk | 82944 |   24 |   12 | 0.67 | 1.00 |      61.4 |        61.7 |          57.9 |       46.8 
   adbjc-cbdka-kj | 82944 |   12 |   24 | 0.67 | 1.00 |      29.6 |        29.4 |          28.8 |       33.3 
   ajbdc-ckbad-jk | 82944 |   24 |   12 | 1.00 | 1.00 |      60.6 |        61.1 |          55.3 |       48.6 
 abcijk-ijma-mkbc |  4608 |  512 |   24 | 1.00 | 0.97 |     157.3 |       155.0 |         151.5 |      123.5 
 abcijk-ijmb-mkac |  1536 | 1536 |   24 | 1.00 | 0.75 |     170.2 |       170.0 |         161.0 |      113.5 
 abcijk-ijmc-mkab |  1536 | 1536 |   24 | 1.00 | 0.50 |     166.9 |       165.8 |         160.7 |      136.2 
 abcijk-ikma-mjbc |  4608 |  512 |   24 | 1.00 | 0.97 |     156.8 |       136.8 |         151.3 |      124.2 
 abcijk-ikmb-mjac |  1536 | 1536 |   24 | 1.00 | 0.75 |     169.4 |       168.7 |         160.3 |      122.1 
 abcijk-ikmc-mjab |  1536 | 1536 |   24 | 1.00 | 0.50 |     165.6 |       169.0 |         160.6 |      126.3 
 abcijk-jkma-mibc |  4608 |  512 |   24 | 1.00 | 0.97 |     157.1 |       159.1 |         148.5 |      135.5 
 abcijk-jkmb-miac |  1536 | 1536 |   24 | 1.00 | 0.75 |     169.1 |       167.3 |         161.7 |      102.9 
 abcijk-jkmc-miab |  1536 | 1536 |   24 | 1.00 | 0.50 |     165.7 |       163.9 |         156.3 |      117.7 
 abcijk-eiab-jkec |  1536 | 1536 |   24 | 1.00 | 0.50 |     165.3 |       160.6 |         154.5 |      125.3 
 abcijk-eiac-jkeb |  1536 | 1536 |   24 | 1.00 | 0.75 |     168.0 |       169.8 |         160.8 |      104.4 
 abcijk-eibc-jkea |   512 | 4608 |   24 | 1.00 | 0.97 |     157.8 |       153.6 |         150.7 |      135.5 
 abcijk-ejab-ikec |  1536 | 1536 |   24 | 1.00 | 0.50 |     167.0 |       166.0 |         160.9 |      123.9 
 abcijk-ejac-ikeb |  1536 | 1536 |   24 | 1.00 | 0.75 |     168.9 |       167.2 |         158.9 |      122.4 
 abcijk-ejbc-ikea |   512 | 4608 |   24 | 1.00 | 0.97 |     138.8 |       155.4 |         149.6 |      123.0 
 abcijk-ekab-ijec |  1536 | 1536 |   24 | 1.00 | 0.50 |     166.4 |       164.2 |         159.2 |      138.4 
 abcijk-ekac-ijeb |  1536 | 1536 |   24 | 1.00 | 0.75 |     169.8 |       170.8 |         160.0 |      113.5 
 abcijk-ekbc-ijea |   512 | 4608 |   24 | 1.00 | 0.97 |     147.2 |       156.4 |         151.1 |      123.5 
       abc-bk-akc |    72 | 3744 |   52 | 0.89 | 1.00 |     178.3 |       162.3 |         166.3 |      143.8 

=== complex efficiency ratio (c64 GF/s over f64 GF/s; 1.0 = no penalty) ===
             case | plan c64/f64 | packed c64/f64 | upstream c64/f64 | tblis c64/f64 
------------------+--------------+----------------+------------------+---------------
         ij-ik-kj |        0.958 |          1.023 |            1.090 |         1.195 
       ij-ikl-ljk |        1.004 |          1.055 |            1.131 |         2.012 
       ij-kil-lkj |        0.977 |          0.968 |            1.077 |         1.936 
       ijk-ikl-lj |        1.089 |          1.064 |            1.333 |         1.306 
       ijk-il-jlk |        1.053 |          0.600 |            0.720 |         1.428 
       ijk-ilk-jl |        1.196 |          1.107 |            1.346 |         1.449 
       ijk-ilk-lj |        1.157 |          1.132 |            1.403 |         1.425 
     ijk-ilmk-mjl |        1.117 |          1.116 |            1.537 |         2.212 
   ijkl-imjn-lnkm |        0.933 |          0.938 |            1.541 |         1.179 
   ijkl-imjn-nlmk |        0.906 |          0.933 |            0.966 |         1.095 
   ijkl-imkn-jnlm |        0.824 |          0.874 |            0.976 |         1.113 
   ijkl-imkn-njml |        0.913 |          0.917 |            0.945 |         1.104 
   ijkl-imln-jnkm |        0.921 |          0.913 |            0.971 |         1.097 
   ijkl-imln-njmk |        0.916 |          0.914 |            0.958 |         1.114 
   ijkl-imnj-nlkm |        0.913 |          0.914 |            0.977 |         1.116 
   ijkl-imnk-njml |        0.909 |          0.909 |            0.948 |         1.133 
   ijkl-minj-nlmk |        0.906 |          0.902 |            0.944 |         1.083 
   ijkl-mink-jnlm |        0.875 |          0.904 |            0.941 |         1.139 
   ijkl-minl-njmk |        0.675 |          0.908 |            0.931 |         1.096 
     aqrs-pa-pqrs |        2.242 |          1.755 |            1.307 |         2.104 
     abrs-qb-aqrs |        1.429 |          1.389 |            1.842 |         1.965 
     abcs-rc-abrs |        1.239 |          1.226 |            1.537 |         1.999 
       abj-bka-kj |        1.206 |          1.206 |            1.379 |         1.218 
       ajb-kba-jk |        1.046 |          1.047 |            1.204 |         1.107 
     abjc-cbka-kj |        1.805 |          1.756 |            2.011 |         1.869 
     ajbc-ckba-jk |        1.272 |          1.269 |            1.632 |         1.650 
     abjc-kbac-jk |        4.898 |          1.354 |            1.674 |         1.803 
   abjcd-dkbac-jk |        1.689 |          1.543 |            1.692 |         2.050 
   adbjc-cbdka-kj |        3.128 |          3.287 |            3.371 |         1.828 
   ajbdc-ckbad-jk |        1.551 |          1.568 |            1.636 |         1.984 
 abcijk-ijma-mkbc |        1.277 |          1.198 |            1.294 |         1.228 
 abcijk-ijmb-mkac |        1.243 |          1.153 |            1.269 |         1.838 
 abcijk-ijmc-mkab |        1.237 |          1.200 |            1.331 |         1.447 
 abcijk-ikma-mjbc |        1.196 |          1.010 |            1.251 |         1.249 
 abcijk-ikmb-mjac |        1.345 |          1.191 |            1.280 |         1.256 
 abcijk-ikmc-mjab |        1.148 |          1.179 |            1.335 |         1.531 
 abcijk-jkma-mibc |        1.245 |          1.208 |            1.233 |         1.212 
 abcijk-jkmb-miac |        2.043 |          1.149 |            1.228 |         1.660 
 abcijk-jkmc-miab |        1.261 |          1.152 |            1.265 |         1.417 
 abcijk-eiab-jkec |        1.233 |          1.117 |            1.299 |         1.569 
 abcijk-eiac-jkeb |        1.182 |          1.222 |            1.234 |         1.757 
 abcijk-eibc-jkea |        1.206 |          1.080 |            1.332 |         1.221 
 abcijk-ejab-ikec |        1.192 |          1.214 |            1.292 |         1.509 
 abcijk-ejac-ikeb |        1.274 |          1.181 |            1.199 |         1.257 
 abcijk-ejbc-ikea |        1.060 |          1.146 |            1.309 |         1.208 
 abcijk-ekab-ijec |        1.248 |          1.185 |            1.281 |         1.429 
 abcijk-ekac-ijeb |        1.635 |          1.212 |            1.255 |         1.859 
 abcijk-ekbc-ijea |        1.096 |          1.507 |            1.319 |         1.252 
       abc-bk-akc |        1.163 |          0.958 |            1.398 |         1.328 
             MEAN |        1.307 |          1.179 |            1.315 |         1.470 

wrote /home/shinaoka/projects/tensor4all/tprims-rs/benchmarks/benchmarks/tcbench/results/scaling-layout/baseline/A-1m-4t.pending.csv
