# threads: requested=8 pool=8 budget=8
host        : shinaoka-EVO-X1Pro
target      : x86_64 / linux
cpu features: avx2 fma avx512f avx512dq 
caches      : L1=48KiB/12-way/2sh L2=1024KiB/16-way/2sh L3=16384KiB/16-way/8sh (via sysfs), blocking=legacy
l3 domains  : t1=1 t4=1 t8=2 t16=4
baselines   : tblis=true blas=false
tblis       : abi 2.x, 8 thread(s)

running 49 cases at 1 MiB nominal tensor size, 5 reps, stress=none


=== f64 ===
             case |     m |    n |    k | regA | regB | plan GF/s | packed GF/s | upstream GF/s | tblis GF/s 
------------------+-------+------+------+------+------+-----------+-------------+---------------+------------
         ij-ik-kj |   384 |  364 |  384 | 0.00 | 0.00 |     255.9 |       255.9 |         186.5 |      177.7 
       ij-ikl-ljk |    72 |   52 | 3744 | 1.00 | 1.00 |      92.1 |        93.4 |          69.2 |       48.4 
       ij-kil-lkj |    72 |   52 | 5184 | 1.00 | 1.00 |      88.4 |        88.7 |          69.8 |       48.4 
       ijk-ikl-lj |  3744 |   52 |   72 | 1.00 | 1.00 |     198.5 |       204.9 |         111.1 |      119.9 
       ijk-il-jlk |    72 | 3744 |   52 | 1.00 | 1.00 |     111.7 |       219.1 |         131.5 |      128.9 
       ijk-ilk-jl |  3744 |   72 |   52 | 1.00 | 1.00 |      92.5 |       113.4 |          80.5 |      129.8 
       ijk-ilk-lj |  3744 |   52 |   72 | 1.00 | 1.00 |     200.8 |       205.6 |         108.1 |      118.8 
     ijk-ilmk-mjl |   480 |   20 |  480 | 1.00 | 1.00 |     119.4 |       121.4 |          47.5 |       58.0 
   ijkl-imjn-lnkm |   480 |  480 |  400 | 1.00 | 0.80 |     216.3 |       214.5 |         186.4 |      186.0 
   ijkl-imjn-nlmk |   480 |  400 |  480 | 1.00 | 0.80 |     243.4 |       245.9 |         211.6 |      222.7 
   ijkl-imkn-jnlm |   480 |  480 |  400 | 1.00 | 1.00 |     303.2 |       311.9 |         263.5 |      265.7 
   ijkl-imkn-njml |   480 |  400 |  480 | 1.00 | 0.80 |     312.3 |       315.4 |         268.0 |      264.7 
   ijkl-imln-jnkm |   480 |  480 |  400 | 1.00 | 1.00 |     311.7 |       310.2 |         261.2 |      268.8 
   ijkl-imln-njmk |   480 |  400 |  480 | 1.00 | 0.80 |     312.2 |       314.7 |         270.3 |      267.5 
   ijkl-imnj-nlkm |   480 |  400 |  480 | 1.00 | 0.80 |     308.4 |       311.6 |         263.0 |      264.1 
   ijkl-imnk-njml |   480 |  400 |  480 | 1.00 | 0.80 |     311.2 |       311.5 |         265.6 |      264.9 
   ijkl-minj-nlmk |   480 |  400 |  576 | 1.00 | 0.80 |     290.2 |       303.2 |         262.7 |      260.2 
   ijkl-mink-jnlm |   480 |  480 |  480 | 1.00 | 1.00 |     301.4 |       308.7 |         270.5 |      261.3 
   ijkl-minl-njmk |   480 |  400 |  576 | 1.00 | 0.80 |     305.3 |       309.2 |         267.6 |      260.3 
     aqrs-pa-pqrs |    24 | 8000 |   24 | 0.00 | 0.00 |     235.1 |       163.8 |          70.5 |       61.7 
     abrs-qb-aqrs |    20 | 9600 |   24 | 1.00 | 1.00 |     164.5 |       166.7 |          50.7 |       57.5 
     abcs-rc-abrs |    20 | 9600 |   24 | 1.00 | 1.00 |     160.6 |       172.1 |          56.7 |       58.5 
       abj-bka-kj |  5184 |   52 |   72 | 1.00 | 1.00 |     243.0 |       246.3 |         137.6 |      161.1 
       ajb-kba-jk |  3744 |   72 |   72 | 1.00 | 1.00 |     297.3 |       306.5 |         146.2 |      195.4 
     abjc-cbka-kj | 11520 |   20 |   24 | 1.00 | 1.00 |      75.2 |        69.4 |          59.2 |       58.4 
     ajbc-ckba-jk | 11520 |   24 |   20 | 1.00 | 1.00 |     127.5 |       132.1 |          51.2 |       63.5 
     abjc-kbac-jk |  9600 |   24 |   24 | 1.00 | 1.00 |     180.2 |       185.3 |          71.1 |       67.5 
   abjcd-dkbac-jk | 82944 |   24 |   12 | 1.00 | 1.00 |      44.5 |        50.1 |          42.2 |       31.2 
   adbjc-cbdka-kj | 82944 |   12 |   24 | 1.00 | 1.00 |      15.7 |        15.5 |          14.4 |       22.4 
   ajbdc-ckbad-jk | 82944 |   24 |   12 | 1.00 | 1.00 |      49.0 |        48.9 |          41.8 |       32.2 
 abcijk-ijma-mkbc |  4608 |  512 |   24 | 1.00 | 1.00 |     149.1 |       159.9 |         136.4 |      162.0 
 abcijk-ijmb-mkac |  1536 | 1536 |   24 | 1.00 | 1.00 |     188.2 |       201.9 |         166.1 |      104.2 
 abcijk-ijmc-mkab |  1536 | 1536 |   24 | 1.00 | 1.00 |     200.3 |       199.6 |         161.4 |      129.2 
 abcijk-ikma-mjbc |  4608 |  512 |   24 | 1.00 | 1.00 |     148.8 |       160.7 |         134.1 |      169.7 
 abcijk-ikmb-mjac |  1536 | 1536 |   24 | 1.00 | 1.00 |     200.2 |       205.3 |         169.7 |      135.5 
 abcijk-ikmc-mjab |  1536 | 1536 |   24 | 1.00 | 1.00 |     201.0 |       214.6 |         162.6 |      109.6 
 abcijk-jkma-mibc |  4608 |  512 |   24 | 1.00 | 1.00 |     154.2 |       151.2 |         141.8 |      171.6 
 abcijk-jkmb-miac |  1536 | 1536 |   24 | 1.00 | 1.00 |     202.6 |       215.6 |         164.6 |      102.1 
 abcijk-jkmc-miab |  1536 | 1536 |   24 | 1.00 | 1.00 |     196.5 |       221.1 |         170.7 |      129.0 
 abcijk-eiab-jkec |  1536 | 1536 |   24 | 1.00 | 1.00 |     200.9 |       210.2 |         172.9 |      124.8 
 abcijk-eiac-jkeb |  1536 | 1536 |   24 | 1.00 | 1.00 |     209.9 |       229.3 |         177.5 |      107.0 
 abcijk-eibc-jkea |   512 | 4608 |   24 | 1.00 | 1.00 |     155.0 |       154.5 |         137.1 |      170.7 
 abcijk-ejab-ikec |  1536 | 1536 |   24 | 1.00 | 1.00 |     211.1 |       232.0 |         178.7 |      116.2 
 abcijk-ejac-ikeb |  1536 | 1536 |   24 | 1.00 | 1.00 |     199.0 |       227.8 |         167.4 |      138.1 
 abcijk-ejbc-ikea |   512 | 4608 |   24 | 1.00 | 1.00 |     150.7 |       152.9 |         139.9 |      167.4 
 abcijk-ekab-ijec |  1536 | 1536 |   24 | 1.00 | 1.00 |     213.8 |       235.7 |         181.1 |      141.0 
 abcijk-ekac-ijeb |  1536 | 1536 |   24 | 1.00 | 1.00 |     211.3 |       227.9 |         177.4 |      103.5 
 abcijk-ekbc-ijea |   512 | 4608 |   24 | 1.00 | 1.00 |     149.3 |       155.0 |         133.9 |      167.3 
       abc-bk-akc |    72 | 3744 |   52 | 1.00 | 1.00 |     154.8 |       159.4 |         109.2 |      183.3 

=== c64 ===
             case |     m |    n |    k | regA | regB | plan GF/s | packed GF/s | upstream GF/s | tblis GF/s 
------------------+-------+------+------+------+------+-----------+-------------+---------------+------------
         ij-ik-kj |   384 |  364 |  384 | 1.00 | 1.00 |     271.4 |       272.4 |         242.4 |      237.6 
       ij-ikl-ljk |    72 |   52 | 3744 | 1.00 | 1.00 |     117.3 |       116.8 |         103.6 |      116.0 
       ij-kil-lkj |    72 |   52 | 5184 | 1.00 | 1.00 |     102.2 |       104.9 |          92.7 |      112.2 
       ijk-ikl-lj |  3744 |   52 |   72 | 1.00 | 1.00 |     241.6 |       241.1 |         185.3 |      182.2 
       ijk-il-jlk |    72 | 3744 |   52 | 1.00 | 1.00 |     224.8 |       224.9 |         179.1 |      202.7 
       ijk-ilk-jl |  3744 |   72 |   52 | 0.89 | 1.00 |     164.8 |       164.2 |         136.3 |      203.4 
       ijk-ilk-lj |  3744 |   52 |   72 | 0.89 | 1.00 |     235.6 |       237.0 |         186.5 |      191.2 
     ijk-ilmk-mjl |   480 |   20 |  480 | 0.67 | 1.00 |     171.0 |       171.7 |         108.5 |      139.2 
   ijkl-imjn-lnkm |   480 |  480 |  400 | 0.67 | 0.80 |     243.3 |       244.9 |         229.3 |      228.8 
   ijkl-imjn-nlmk |   480 |  400 |  480 | 0.67 | 0.81 |     299.3 |       304.0 |         287.4 |      300.8 
   ijkl-imkn-jnlm |   480 |  480 |  400 | 0.67 | 1.00 |     335.0 |       337.7 |         310.4 |      295.6 
   ijkl-imkn-njml |   480 |  400 |  480 | 0.67 | 0.81 |     339.8 |       340.7 |         318.7 |      309.2 
   ijkl-imln-jnkm |   480 |  480 |  400 | 0.67 | 1.00 |     342.5 |       340.5 |         310.7 |      296.2 
   ijkl-imln-njmk |   480 |  400 |  480 | 0.67 | 0.81 |     337.0 |       340.8 |         320.1 |      316.5 
   ijkl-imnj-nlkm |   480 |  400 |  480 | 0.67 | 0.81 |     340.7 |       342.9 |         315.8 |      312.8 
   ijkl-imnk-njml |   480 |  400 |  480 | 0.67 | 0.81 |     342.0 |       340.4 |         320.7 |      319.0 
   ijkl-minj-nlmk |   480 |  400 |  576 | 0.67 | 0.81 |     329.6 |       328.1 |         305.8 |      301.1 
   ijkl-mink-jnlm |   480 |  480 |  480 | 0.67 | 1.00 |     340.6 |       340.7 |         320.5 |      303.6 
   ijkl-minl-njmk |   480 |  400 |  576 | 0.67 | 0.81 |     335.3 |       333.5 |         314.9 |      309.6 
     aqrs-pa-pqrs |    24 | 8000 |   24 | 1.00 | 1.00 |     166.7 |       174.3 |         120.6 |      151.4 
     abrs-qb-aqrs |    20 | 9600 |   24 | 1.00 | 1.00 |     273.5 |       275.1 |         154.2 |      140.1 
     abcs-rc-abrs |    20 | 9600 |   24 | 1.00 | 1.00 |     240.3 |       239.3 |         141.5 |      141.2 
       abj-bka-kj |  5184 |   52 |   72 | 0.89 | 1.00 |     302.6 |       301.5 |         244.2 |      188.1 
       ajb-kba-jk |  3744 |   72 |   72 | 0.89 | 1.00 |     351.0 |       344.5 |         275.0 |      268.0 
     abjc-cbka-kj | 11520 |   20 |   24 | 0.67 | 1.00 |     167.3 |       169.3 |         112.7 |      125.9 
     ajbc-ckba-jk | 11520 |   24 |   20 | 1.00 | 1.00 |      39.6 |        40.3 |          32.2 |      126.9 
     abjc-kbac-jk |  9600 |   24 |   24 | 0.67 | 1.00 |     272.0 |       276.6 |         149.9 |      158.4 
   abjcd-dkbac-jk | 82944 |   24 |   12 | 0.67 | 1.00 |      84.6 |        85.3 |          79.1 |       64.6 
   adbjc-cbdka-kj | 82944 |   12 |   24 | 0.67 | 1.00 |      50.5 |        49.5 |          47.9 |       42.8 
   ajbdc-ckbad-jk | 82944 |   24 |   12 | 1.00 | 1.00 |      49.8 |        50.2 |          47.6 |       69.0 
 abcijk-ijma-mkbc |  4608 |  512 |   24 | 1.00 | 0.97 |     147.5 |       167.9 |         158.3 |      204.8 
 abcijk-ijmb-mkac |  1536 | 1536 |   24 | 1.00 | 0.75 |     257.4 |       251.7 |         231.8 |      169.5 
 abcijk-ijmc-mkab |  1536 | 1536 |   24 | 1.00 | 0.50 |     261.6 |       249.5 |         236.0 |      208.0 
 abcijk-ikma-mjbc |  4608 |  512 |   24 | 1.00 | 0.97 |     141.2 |       160.8 |         164.2 |      204.4 
 abcijk-ikmb-mjac |  1536 | 1536 |   24 | 1.00 | 0.75 |     252.4 |       255.6 |         233.7 |      176.9 
 abcijk-ikmc-mjab |  1536 | 1536 |   24 | 1.00 | 0.50 |     265.0 |       245.9 |         230.4 |      179.6 
 abcijk-jkma-mibc |  4608 |  512 |   24 | 1.00 | 0.97 |     153.2 |       166.4 |         128.2 |      219.5 
 abcijk-jkmb-miac |  1536 | 1536 |   24 | 1.00 | 0.75 |     253.7 |       254.3 |         234.8 |      157.5 
 abcijk-jkmc-miab |  1536 | 1536 |   24 | 1.00 | 0.50 |     270.4 |       273.2 |         241.1 |      192.3 
 abcijk-eiab-jkec |  1536 | 1536 |   24 | 1.00 | 0.50 |     268.7 |       266.3 |         241.1 |      195.9 
 abcijk-eiac-jkeb |  1536 | 1536 |   24 | 1.00 | 0.75 |     260.7 |       265.6 |         237.4 |      156.6 
 abcijk-eibc-jkea |   512 | 4608 |   24 | 1.00 | 0.97 |     155.9 |       155.0 |         133.9 |      220.6 
 abcijk-ejab-ikec |  1536 | 1536 |   24 | 1.00 | 0.50 |     271.5 |       275.1 |         236.4 |      179.7 
 abcijk-ejac-ikeb |  1536 | 1536 |   24 | 1.00 | 0.75 |     257.0 |       261.0 |         236.9 |      185.8 
 abcijk-ejbc-ikea |   512 | 4608 |   24 | 1.00 | 0.97 |     138.1 |       133.1 |         146.7 |      205.3 
 abcijk-ekab-ijec |  1536 | 1536 |   24 | 1.00 | 0.50 |     274.8 |       267.6 |         237.0 |      210.3 
 abcijk-ekac-ijeb |  1536 | 1536 |   24 | 1.00 | 0.75 |     257.7 |       262.7 |         242.4 |      166.5 
 abcijk-ekbc-ijea |   512 | 4608 |   24 | 1.00 | 0.97 |     141.7 |       130.6 |         159.0 |      207.4 
       abc-bk-akc |    72 | 3744 |   52 | 0.89 | 1.00 |     226.3 |       228.1 |         186.3 |      283.2 

=== complex efficiency ratio (c64 GF/s over f64 GF/s; 1.0 = no penalty) ===
             case | plan c64/f64 | packed c64/f64 | upstream c64/f64 | tblis c64/f64 
------------------+--------------+----------------+------------------+---------------
         ij-ik-kj |        1.060 |          1.064 |            1.300 |         1.337 
       ij-ikl-ljk |        1.274 |          1.250 |            1.497 |         2.398 
       ij-kil-lkj |        1.156 |          1.182 |            1.327 |         2.320 
       ijk-ikl-lj |        1.217 |          1.176 |            1.667 |         1.519 
       ijk-il-jlk |        2.013 |          1.027 |            1.362 |         1.572 
       ijk-ilk-jl |        1.782 |          1.448 |            1.693 |         1.567 
       ijk-ilk-lj |        1.173 |          1.153 |            1.725 |         1.610 
     ijk-ilmk-mjl |        1.432 |          1.415 |            2.285 |         2.398 
   ijkl-imjn-lnkm |        1.125 |          1.142 |            1.230 |         1.231 
   ijkl-imjn-nlmk |        1.230 |          1.236 |            1.358 |         1.351 
   ijkl-imkn-jnlm |        1.105 |          1.083 |            1.178 |         1.113 
   ijkl-imkn-njml |        1.088 |          1.080 |            1.189 |         1.168 
   ijkl-imln-jnkm |        1.099 |          1.098 |            1.190 |         1.102 
   ijkl-imln-njmk |        1.079 |          1.083 |            1.184 |         1.183 
   ijkl-imnj-nlkm |        1.105 |          1.101 |            1.201 |         1.185 
   ijkl-imnk-njml |        1.099 |          1.093 |            1.207 |         1.204 
   ijkl-minj-nlmk |        1.135 |          1.082 |            1.164 |         1.157 
   ijkl-mink-jnlm |        1.130 |          1.104 |            1.185 |         1.162 
   ijkl-minl-njmk |        1.098 |          1.078 |            1.177 |         1.189 
     aqrs-pa-pqrs |        0.709 |          1.064 |            1.711 |         2.452 
     abrs-qb-aqrs |        1.663 |          1.650 |            3.040 |         2.437 
     abcs-rc-abrs |        1.496 |          1.390 |            2.494 |         2.415 
       abj-bka-kj |        1.245 |          1.224 |            1.775 |         1.168 
       ajb-kba-jk |        1.181 |          1.124 |            1.881 |         1.372 
     abjc-cbka-kj |        2.225 |          2.441 |            1.904 |         2.154 
     ajbc-ckba-jk |        0.311 |          0.305 |            0.628 |         2.000 
     abjc-kbac-jk |        1.510 |          1.493 |            2.108 |         2.346 
   abjcd-dkbac-jk |        1.901 |          1.702 |            1.873 |         2.067 
   adbjc-cbdka-kj |        3.215 |          3.198 |            3.328 |         1.913 
   ajbdc-ckbad-jk |        1.017 |          1.027 |            1.137 |         2.143 
 abcijk-ijma-mkbc |        0.989 |          1.050 |            1.160 |         1.265 
 abcijk-ijmb-mkac |        1.368 |          1.247 |            1.395 |         1.627 
 abcijk-ijmc-mkab |        1.306 |          1.250 |            1.462 |         1.610 
 abcijk-ikma-mjbc |        0.949 |          1.001 |            1.224 |         1.205 
 abcijk-ikmb-mjac |        1.261 |          1.245 |            1.377 |         1.305 
 abcijk-ikmc-mjab |        1.318 |          1.146 |            1.416 |         1.639 
 abcijk-jkma-mibc |        0.994 |          1.101 |            0.904 |         1.279 
 abcijk-jkmb-miac |        1.252 |          1.180 |            1.426 |         1.542 
 abcijk-jkmc-miab |        1.376 |          1.236 |            1.412 |         1.490 
 abcijk-eiab-jkec |        1.337 |          1.267 |            1.395 |         1.569 
 abcijk-eiac-jkeb |        1.242 |          1.158 |            1.337 |         1.463 
 abcijk-eibc-jkea |        1.006 |          1.003 |            0.976 |         1.292 
 abcijk-ejab-ikec |        1.286 |          1.186 |            1.323 |         1.547 
 abcijk-ejac-ikeb |        1.291 |          1.146 |            1.415 |         1.345 
 abcijk-ejbc-ikea |        0.916 |          0.870 |            1.049 |         1.227 
 abcijk-ekab-ijec |        1.285 |          1.135 |            1.309 |         1.491 
 abcijk-ekac-ijeb |        1.220 |          1.152 |            1.367 |         1.609 
 abcijk-ekbc-ijea |        0.949 |          0.843 |            1.187 |         1.240 
       abc-bk-akc |        1.462 |          1.431 |            1.706 |         1.545 
             MEAN |        1.279 |          1.228 |            1.487 |         1.582 

wrote /home/shinaoka/projects/tensor4all/tprims-rs/benchmarks/benchmarks/tcbench/results/scaling-layout/baseline/A-1m-8t.pending.csv
