# threads: requested=1 pool=1 budget=1
host        : shinaoka-EVO-X1Pro
target      : x86_64 / linux
cpu features: avx2 fma avx512f avx512dq 
caches      : L1=48KiB/12-way/2sh L2=1024KiB/16-way/2sh L3=16384KiB/16-way/8sh (via sysfs), blocking=legacy
l3 domains  : t1=1
baselines   : tblis=true blas=false
tblis       : abi 2.x, 1 thread(s)

running 49 cases at 1 MiB nominal tensor size, 5 reps, stress=none


=== f64 ===
             case |     m |    n |    k | regA | regB | plan GF/s | packed GF/s | upstream GF/s | tblis GF/s 
------------------+-------+------+------+------+------+-----------+-------------+---------------+------------
         ij-ik-kj |   384 |  364 |  384 | 0.00 | 0.00 |      37.2 |        34.9 |          34.2 |       29.6 
       ij-ikl-ljk |    72 |   52 | 3744 | 1.00 | 1.00 |      38.3 |        38.3 |          37.0 |       21.8 
       ij-kil-lkj |    72 |   52 | 5184 | 1.00 | 1.00 |      35.5 |        35.7 |          34.1 |       21.2 
       ijk-ikl-lj |  3744 |   52 |   72 | 1.00 | 1.00 |      42.8 |        42.9 |          41.7 |       26.0 
       ijk-il-jlk |    72 | 3744 |   52 | 1.00 | 1.00 |      43.6 |        43.7 |          41.7 |       29.3 
       ijk-ilk-jl |  3744 |   72 |   52 | 1.00 | 1.00 |      45.6 |        45.6 |          44.1 |       30.6 
       ijk-ilk-lj |  3744 |   52 |   72 | 1.00 | 1.00 |      42.7 |        42.8 |          41.5 |       27.0 
     ijk-ilmk-mjl |   480 |   20 |  480 | 1.00 | 1.00 |      35.4 |        35.5 |          35.1 |       16.3 
   ijkl-imjn-lnkm |   480 |  480 |  400 | 1.00 | 0.80 |      48.1 |        48.1 |          47.9 |       41.6 
   ijkl-imjn-nlmk |   480 |  400 |  480 | 1.00 | 0.80 |      48.9 |        49.0 |          48.5 |       40.4 
   ijkl-imkn-jnlm |   480 |  480 |  400 | 1.00 | 1.00 |      48.7 |        48.9 |          48.2 |       41.7 
   ijkl-imkn-njml |   480 |  400 |  480 | 1.00 | 0.80 |      49.3 |        49.3 |          48.8 |       40.8 
   ijkl-imln-jnkm |   480 |  480 |  400 | 1.00 | 1.00 |      48.7 |        49.0 |          48.4 |       42.0 
   ijkl-imln-njmk |   480 |  400 |  480 | 1.00 | 0.80 |      49.3 |        49.3 |          48.9 |       41.3 
   ijkl-imnj-nlkm |   480 |  400 |  480 | 1.00 | 0.80 |      48.9 |        49.0 |          48.6 |       41.8 
   ijkl-imnk-njml |   480 |  400 |  480 | 1.00 | 0.80 |      49.5 |        49.5 |          49.0 |       41.8 
   ijkl-minj-nlmk |   480 |  400 |  576 | 1.00 | 0.80 |      47.8 |        47.8 |          47.2 |       40.6 
   ijkl-mink-jnlm |   480 |  480 |  480 | 1.00 | 1.00 |      48.1 |        48.4 |          47.6 |       41.1 
   ijkl-minl-njmk |   480 |  400 |  576 | 1.00 | 0.80 |      48.0 |        48.1 |          47.5 |       41.3 
     aqrs-pa-pqrs |    24 | 8000 |   24 | 0.00 | 0.00 |      49.0 |        32.7 |          30.6 |       13.9 
     abrs-qb-aqrs |    20 | 9600 |   24 | 1.00 | 1.00 |      32.1 |        32.1 |          30.3 |       13.2 
     abcs-rc-abrs |    20 | 9600 |   24 | 1.00 | 1.00 |      31.7 |        31.9 |          29.8 |       13.3 
       abj-bka-kj |  5184 |   52 |   72 | 1.00 | 1.00 |      35.0 |        34.5 |          33.3 |       23.6 
       ajb-kba-jk |  3744 |   72 |   72 | 1.00 | 1.00 |      44.6 |        44.7 |          43.7 |       29.2 
     abjc-cbka-kj | 11520 |   20 |   24 | 1.00 | 1.00 |      20.1 |        20.0 |          16.9 |       12.7 
     ajbc-ckba-jk | 11520 |   24 |   20 | 1.00 | 1.00 |      26.0 |        25.9 |          23.2 |       15.3 
     abjc-kbac-jk |  9600 |   24 |   24 | 1.00 | 1.00 |      33.7 |        34.2 |          32.3 |       16.0 
   abjcd-dkbac-jk | 82944 |   24 |   12 | 1.00 | 1.00 |      14.9 |        15.3 |          13.9 |        8.3 
   adbjc-cbdka-kj | 82944 |   12 |   24 | 1.00 | 1.00 |       5.5 |         5.6 |           5.1 |        6.3 
   ajbdc-ckbad-jk | 82944 |   24 |   12 | 1.00 | 1.00 |      15.9 |        15.5 |          14.5 |        8.8 
 abcijk-ijma-mkbc |  4608 |  512 |   24 | 1.00 | 1.00 |      40.2 |        40.3 |          38.3 |       27.8 
 abcijk-ijmb-mkac |  1536 | 1536 |   24 | 1.00 | 1.00 |      41.7 |        42.3 |          40.5 |       26.4 
 abcijk-ijmc-mkab |  1536 | 1536 |   24 | 1.00 | 1.00 |      41.5 |        41.6 |          39.5 |       32.5 
 abcijk-ikma-mjbc |  4608 |  512 |   24 | 1.00 | 1.00 |      40.3 |        40.5 |          38.2 |       27.7 
 abcijk-ikmb-mjac |  1536 | 1536 |   24 | 1.00 | 1.00 |      41.9 |        42.3 |          40.4 |       26.5 
 abcijk-ikmc-mjab |  1536 | 1536 |   24 | 1.00 | 1.00 |      41.5 |        41.9 |          39.8 |       28.3 
 abcijk-jkma-mibc |  4608 |  512 |   24 | 1.00 | 1.00 |      40.3 |        40.6 |          38.4 |       30.9 
 abcijk-jkmb-miac |  1536 | 1536 |   24 | 1.00 | 1.00 |      42.2 |        42.4 |          40.7 |       21.7 
 abcijk-jkmc-miab |  1536 | 1536 |   24 | 1.00 | 1.00 |      41.8 |        41.9 |          39.8 |       29.5 
 abcijk-eiab-jkec |  1536 | 1536 |   24 | 1.00 | 1.00 |      41.8 |        41.8 |          39.5 |       29.9 
 abcijk-eiac-jkeb |  1536 | 1536 |   24 | 1.00 | 1.00 |      41.6 |        42.2 |          40.8 |       21.7 
 abcijk-eibc-jkea |   512 | 4608 |   24 | 1.00 | 1.00 |      40.3 |        40.6 |          38.3 |       30.8 
 abcijk-ejab-ikec |  1536 | 1536 |   24 | 1.00 | 1.00 |      41.7 |        42.2 |          39.8 |       28.6 
 abcijk-ejac-ikeb |  1536 | 1536 |   24 | 1.00 | 1.00 |      41.9 |        42.3 |          40.3 |       26.7 
 abcijk-ejbc-ikea |   512 | 4608 |   24 | 1.00 | 1.00 |      40.2 |        40.4 |          38.3 |       27.8 
 abcijk-ekab-ijec |  1536 | 1536 |   24 | 1.00 | 1.00 |      41.6 |        42.0 |          39.6 |       32.5 
 abcijk-ekac-ijeb |  1536 | 1536 |   24 | 1.00 | 1.00 |      41.4 |        42.5 |          40.5 |       26.1 
 abcijk-ekbc-ijea |   512 | 4608 |   24 | 1.00 | 1.00 |      40.4 |        40.5 |          38.2 |       27.8 
       abc-bk-akc |    72 | 3744 |   52 | 1.00 | 1.00 |      45.9 |        45.9 |          44.4 |       31.0 

=== c64 ===
             case |     m |    n |    k | regA | regB | plan GF/s | packed GF/s | upstream GF/s | tblis GF/s 
------------------+-------+------+------+------+------+-----------+-------------+---------------+------------
         ij-ik-kj |   384 |  364 |  384 | 1.00 | 1.00 |      35.2 |        35.2 |          34.7 |       41.7 
       ij-ikl-ljk |    72 |   52 | 3744 | 1.00 | 1.00 |      37.6 |        37.6 |          36.0 |       30.7 
       ij-kil-lkj |    72 |   52 | 5184 | 1.00 | 1.00 |      32.7 |        32.8 |          31.8 |       28.7 
       ijk-ikl-lj |  3744 |   52 |   72 | 1.00 | 1.00 |      44.6 |        44.4 |          44.0 |       28.9 
       ijk-il-jlk |    72 | 3744 |   52 | 1.00 | 1.00 |      40.7 |        39.3 |          38.2 |       37.8 
       ijk-ilk-jl |  3744 |   72 |   52 | 0.89 | 1.00 |      46.4 |        46.2 |          45.5 |       34.8 
       ijk-ilk-lj |  3744 |   52 |   72 | 0.89 | 1.00 |      44.1 |        44.0 |          43.7 |       30.3 
     ijk-ilmk-mjl |   480 |   20 |  480 | 0.67 | 1.00 |      37.4 |        37.4 |          36.8 |       28.6 
   ijkl-imjn-lnkm |   480 |  480 |  400 | 0.67 | 0.80 |      48.1 |        48.2 |          47.5 |       44.8 
   ijkl-imjn-nlmk |   480 |  400 |  480 | 0.67 | 0.81 |      48.1 |        48.1 |          47.7 |       43.8 
   ijkl-imkn-jnlm |   480 |  480 |  400 | 0.67 | 1.00 |      47.9 |        48.0 |          47.4 |       44.7 
   ijkl-imkn-njml |   480 |  400 |  480 | 0.67 | 0.81 |      48.1 |        48.0 |          47.6 |       43.8 
   ijkl-imln-jnkm |   480 |  480 |  400 | 0.67 | 1.00 |      48.2 |        48.2 |          47.5 |       44.7 
   ijkl-imln-njmk |   480 |  400 |  480 | 0.67 | 0.81 |      48.2 |        48.2 |          47.6 |       44.3 
   ijkl-imnj-nlkm |   480 |  400 |  480 | 0.67 | 0.81 |      48.2 |        48.3 |          47.8 |       44.6 
   ijkl-imnk-njml |   480 |  400 |  480 | 0.67 | 0.81 |      48.1 |        48.1 |          47.5 |       44.4 
   ijkl-minj-nlmk |   480 |  400 |  576 | 0.67 | 0.81 |      46.6 |        46.6 |          45.9 |       43.3 
   ijkl-mink-jnlm |   480 |  480 |  480 | 0.67 | 1.00 |      47.5 |        47.7 |          46.8 |       44.7 
   ijkl-minl-njmk |   480 |  400 |  576 | 0.67 | 0.81 |      46.7 |        46.7 |          46.0 |       44.3 
     aqrs-pa-pqrs |    24 | 8000 |   24 | 1.00 | 1.00 |      30.5 |        30.3 |          28.6 |       25.1 
     abrs-qb-aqrs |    20 | 9600 |   24 | 1.00 | 1.00 |      39.5 |        39.3 |          38.1 |       23.1 
     abcs-rc-abrs |    20 | 9600 |   24 | 1.00 | 1.00 |      34.0 |        33.7 |          33.0 |       23.7 
       abj-bka-kj |  5184 |   52 |   72 | 0.89 | 1.00 |      40.9 |        40.8 |          40.1 |       27.9 
       ajb-kba-jk |  3744 |   72 |   72 | 0.89 | 1.00 |      45.3 |        43.9 |          42.2 |       31.6 
     abjc-cbka-kj | 11520 |   20 |   24 | 0.67 | 1.00 |      23.6 |        23.7 |          23.3 |       23.5 
     ajbc-ckba-jk | 11520 |   24 |   20 | 1.00 | 1.00 |      27.3 |        26.9 |          25.1 |       21.7 
     abjc-kbac-jk |  9600 |   24 |   24 | 0.67 | 1.00 |      37.6 |        36.7 |          34.8 |       25.8 
   abjcd-dkbac-jk | 82944 |   24 |   12 | 0.67 | 1.00 |      22.1 |        22.0 |          20.6 |       15.8 
   adbjc-cbdka-kj | 82944 |   12 |   24 | 0.67 | 1.00 |      10.3 |        10.3 |          10.1 |       13.6 
   ajbdc-ckbad-jk | 82944 |   24 |   12 | 1.00 | 1.00 |      25.7 |        26.0 |          23.9 |       15.7 
 abcijk-ijma-mkbc |  4608 |  512 |   24 | 1.00 | 0.97 |      42.6 |        42.4 |          41.0 |       33.0 
 abcijk-ijmb-mkac |  1536 | 1536 |   24 | 1.00 | 0.75 |      44.8 |        44.7 |          42.6 |       33.4 
 abcijk-ijmc-mkab |  1536 | 1536 |   24 | 1.00 | 0.50 |      45.0 |        45.1 |          42.8 |       37.8 
 abcijk-ikma-mjbc |  4608 |  512 |   24 | 1.00 | 0.97 |      42.5 |        42.3 |          41.0 |       32.7 
 abcijk-ikmb-mjac |  1536 | 1536 |   24 | 1.00 | 0.75 |      45.2 |        45.0 |          43.2 |       34.1 
 abcijk-ikmc-mjab |  1536 | 1536 |   24 | 1.00 | 0.50 |      45.1 |        45.0 |          42.9 |       35.7 
 abcijk-jkma-mibc |  4608 |  512 |   24 | 1.00 | 0.97 |      42.7 |        42.7 |          41.2 |       35.9 
 abcijk-jkmb-miac |  1536 | 1536 |   24 | 1.00 | 0.75 |      45.3 |        45.4 |          43.4 |       30.4 
 abcijk-jkmc-miab |  1536 | 1536 |   24 | 1.00 | 0.50 |      44.9 |        44.9 |          42.5 |       36.5 
 abcijk-eiab-jkec |  1536 | 1536 |   24 | 1.00 | 0.50 |      44.9 |        44.9 |          42.5 |       36.8 
 abcijk-eiac-jkeb |  1536 | 1536 |   24 | 1.00 | 0.75 |      45.2 |        45.6 |          43.4 |       29.8 
 abcijk-eibc-jkea |   512 | 4608 |   24 | 1.00 | 0.97 |      42.7 |        42.7 |          41.1 |       35.9 
 abcijk-ejab-ikec |  1536 | 1536 |   24 | 1.00 | 0.50 |      45.1 |        45.1 |          42.7 |       34.8 
 abcijk-ejac-ikeb |  1536 | 1536 |   24 | 1.00 | 0.75 |      45.1 |        45.4 |          43.4 |       33.9 
 abcijk-ejbc-ikea |   512 | 4608 |   24 | 1.00 | 0.97 |      42.5 |        42.2 |          41.1 |       32.7 
 abcijk-ekab-ijec |  1536 | 1536 |   24 | 1.00 | 0.50 |      45.1 |        45.1 |          42.5 |       38.1 
 abcijk-ekac-ijeb |  1536 | 1536 |   24 | 1.00 | 0.75 |      45.2 |        45.1 |          43.0 |       33.2 
 abcijk-ekbc-ijea |   512 | 4608 |   24 | 1.00 | 0.97 |      42.6 |        42.3 |          40.8 |       32.7 
       abc-bk-akc |    72 | 3744 |   52 | 0.89 | 1.00 |      46.1 |        45.6 |          45.4 |       34.8 

=== complex efficiency ratio (c64 GF/s over f64 GF/s; 1.0 = no penalty) ===
             case | plan c64/f64 | packed c64/f64 | upstream c64/f64 | tblis c64/f64 
------------------+--------------+----------------+------------------+---------------
         ij-ik-kj |        0.947 |          1.009 |            1.013 |         1.406 
       ij-ikl-ljk |        0.983 |          0.981 |            0.972 |         1.403 
       ij-kil-lkj |        0.920 |          0.919 |            0.932 |         1.353 
       ijk-ikl-lj |        1.041 |          1.036 |            1.055 |         1.114 
       ijk-il-jlk |        0.932 |          0.898 |            0.916 |         1.292 
       ijk-ilk-jl |        1.018 |          1.013 |            1.033 |         1.138 
       ijk-ilk-lj |        1.032 |          1.029 |            1.053 |         1.123 
     ijk-ilmk-mjl |        1.056 |          1.054 |            1.048 |         1.758 
   ijkl-imjn-lnkm |        0.999 |          1.000 |            0.991 |         1.079 
   ijkl-imjn-nlmk |        0.984 |          0.982 |            0.982 |         1.084 
   ijkl-imkn-jnlm |        0.985 |          0.983 |            0.983 |         1.072 
   ijkl-imkn-njml |        0.975 |          0.974 |            0.975 |         1.074 
   ijkl-imln-jnkm |        0.989 |          0.985 |            0.982 |         1.063 
   ijkl-imln-njmk |        0.978 |          0.977 |            0.974 |         1.075 
   ijkl-imnj-nlkm |        0.985 |          0.987 |            0.984 |         1.067 
   ijkl-imnk-njml |        0.971 |          0.971 |            0.968 |         1.062 
   ijkl-minj-nlmk |        0.974 |          0.976 |            0.972 |         1.066 
   ijkl-mink-jnlm |        0.988 |          0.986 |            0.983 |         1.087 
   ijkl-minl-njmk |        0.973 |          0.971 |            0.968 |         1.073 
     aqrs-pa-pqrs |        0.623 |          0.925 |            0.934 |         1.811 
     abrs-qb-aqrs |        1.231 |          1.225 |            1.258 |         1.749 
     abcs-rc-abrs |        1.071 |          1.058 |            1.107 |         1.786 
       abj-bka-kj |        1.168 |          1.182 |            1.205 |         1.181 
       ajb-kba-jk |        1.017 |          0.982 |            0.965 |         1.083 
     abjc-cbka-kj |        1.178 |          1.188 |            1.380 |         1.842 
     ajbc-ckba-jk |        1.051 |          1.041 |            1.082 |         1.418 
     abjc-kbac-jk |        1.115 |          1.073 |            1.077 |         1.607 
   abjcd-dkbac-jk |        1.478 |          1.442 |            1.478 |         1.916 
   adbjc-cbdka-kj |        1.866 |          1.852 |            1.955 |         2.168 
   ajbdc-ckbad-jk |        1.618 |          1.670 |            1.655 |         1.788 
 abcijk-ijma-mkbc |        1.060 |          1.052 |            1.072 |         1.187 
 abcijk-ijmb-mkac |        1.074 |          1.055 |            1.052 |         1.264 
 abcijk-ijmc-mkab |        1.085 |          1.083 |            1.084 |         1.164 
 abcijk-ikma-mjbc |        1.054 |          1.044 |            1.073 |         1.179 
 abcijk-ikmb-mjac |        1.078 |          1.065 |            1.067 |         1.285 
 abcijk-ikmc-mjab |        1.085 |          1.076 |            1.079 |         1.260 
 abcijk-jkma-mibc |        1.059 |          1.052 |            1.071 |         1.164 
 abcijk-jkmb-miac |        1.074 |          1.071 |            1.066 |         1.396 
 abcijk-jkmc-miab |        1.076 |          1.071 |            1.070 |         1.241 
 abcijk-eiab-jkec |        1.074 |          1.074 |            1.075 |         1.230 
 abcijk-eiac-jkeb |        1.086 |          1.080 |            1.065 |         1.371 
 abcijk-eibc-jkea |        1.061 |          1.050 |            1.074 |         1.165 
 abcijk-ejab-ikec |        1.079 |          1.070 |            1.072 |         1.216 
 abcijk-ejac-ikeb |        1.077 |          1.074 |            1.076 |         1.273 
 abcijk-ejbc-ikea |        1.057 |          1.045 |            1.074 |         1.177 
 abcijk-ekab-ijec |        1.085 |          1.074 |            1.072 |         1.173 
 abcijk-ekac-ijeb |        1.091 |          1.062 |            1.063 |         1.275 
 abcijk-ekbc-ijea |        1.055 |          1.044 |            1.066 |         1.179 
       abc-bk-akc |        1.006 |          0.994 |            1.022 |         1.123 
             MEAN |        1.071 |          1.072 |            1.085 |         1.307 

wrote /home/shinaoka/projects/tensor4all/tprims-rs/benchmarks/benchmarks/tcbench/results/scaling-layout/baseline/A-1m-1t.pending.csv
