# threads: requested=8 pool=8 budget=8
host        : shinaoka-EVO-X1Pro
target      : x86_64 / linux
cpu features: avx2 fma avx512f avx512dq 
caches      : L1=48KiB/12-way/2sh L2=1024KiB/16-way/2sh L3=16384KiB/16-way/8sh (via sysfs), blocking=legacy
l3 domains  : t1=1 t4=1 t8=2 t16=4
baselines   : tblis=true blas=false
tblis       : abi 2.x, 8 thread(s)

running 49 cases at 16 MiB nominal tensor size, 5 reps, stress=none


=== f64 ===
             case |      m |     n |     k | regA | regB | plan GF/s | packed GF/s | upstream GF/s | tblis GF/s 
------------------+--------+-------+-------+------+------+-----------+-------------+---------------+------------
         ij-ik-kj |   1464 |  1448 |  1464 | 0.00 | 0.00 |     283.6 |       254.7 |         247.4 |      320.9 
       ij-ikl-ljk |    144 |   128 | 18432 | 1.00 | 1.00 |     192.9 |       212.9 |         197.6 |      133.1 
       ij-kil-lkj |    144 |   128 | 20736 | 1.00 | 1.00 |     182.0 |       182.7 |         169.5 |      118.6 
       ijk-ikl-lj |  18432 |   128 |   144 | 1.00 | 1.00 |     281.0 |       288.3 |         272.6 |      166.1 
       ijk-il-jlk |    144 | 18432 |   128 | 1.00 | 1.00 |     284.1 |       292.0 |         268.2 |      263.8 
       ijk-ilk-jl |  18432 |   144 |   128 | 1.00 | 1.00 |     279.2 |       307.3 |         291.4 |      198.6 
       ijk-ilk-lj |  18432 |   128 |   144 | 1.00 | 1.00 |     290.9 |       305.2 |         290.0 |      188.2 
     ijk-ilmk-mjl |   1920 |    40 |  1920 | 1.00 | 1.00 |     176.2 |       221.8 |         188.4 |      150.5 
   ijkl-imjn-lnkm |   1920 |  1920 |  1600 | 1.00 | 1.00 |     330.3 |       331.1 |         322.1 |      330.7 
   ijkl-imjn-nlmk |   1920 |  1600 |  1920 | 1.00 | 1.00 |     327.9 |       328.0 |         319.9 |      328.4 
   ijkl-imkn-jnlm |   1920 |  1920 |  1600 | 1.00 | 1.00 |     349.1 |       349.1 |         345.5 |      324.7 
   ijkl-imkn-njml |   1920 |  1600 |  1920 | 1.00 | 1.00 |     342.9 |       344.2 |         334.2 |      326.1 
   ijkl-imln-jnkm |   1920 |  1920 |  1600 | 1.00 | 1.00 |     349.2 |       350.4 |         345.3 |      322.9 
   ijkl-imln-njmk |   1920 |  1600 |  1920 | 1.00 | 1.00 |     345.2 |       348.7 |         336.3 |      327.8 
   ijkl-imnj-nlkm |   1920 |  1600 |  1920 | 1.00 | 1.00 |     326.6 |       326.3 |         316.8 |      331.2 
   ijkl-imnk-njml |   1920 |  1600 |  1920 | 1.00 | 1.00 |     343.7 |       343.6 |         335.4 |      328.6 
   ijkl-minj-nlmk |   1920 |  1600 |  2304 | 1.00 | 1.00 |     324.8 |       324.8 |         316.2 |      314.9 
   ijkl-mink-jnlm |   1920 |  1920 |  1920 | 1.00 | 1.00 |     346.0 |       344.7 |         340.5 |      328.4 
   ijkl-minl-njmk |   1920 |  1600 |  2304 | 1.00 | 1.00 |     348.7 |       348.4 |         337.8 |      310.2 
     aqrs-pa-pqrs |     48 | 64000 |    48 | 0.00 | 0.00 |     196.1 |       172.6 |         160.0 |      105.5 
     abrs-qb-aqrs |     40 | 76800 |    48 | 1.00 | 1.00 |     190.8 |       188.4 |         179.4 |       98.6 
     abcs-rc-abrs |     40 | 76800 |    48 | 1.00 | 1.00 |     148.1 |       147.9 |         137.7 |       71.3 
       abj-bka-kj |  20736 |   128 |   144 | 1.00 | 1.00 |     184.5 |       175.7 |         164.9 |      117.3 
       ajb-kba-jk |  18432 |   144 |   144 | 1.00 | 1.00 |     281.0 |       283.7 |         265.0 |      199.5 
     abjc-cbka-kj |  92160 |    40 |    48 | 1.00 | 1.00 |      42.2 |        42.1 |          42.1 |       62.4 
     ajbc-ckba-jk |  92160 |    48 |    40 | 1.00 | 1.00 |      70.0 |        70.1 |          66.5 |       86.8 
     abjc-kbac-jk |  76800 |    48 |    48 | 1.00 | 1.00 |     146.3 |       147.7 |         136.5 |       71.9 
   abjcd-dkbac-jk | 230400 |    24 |    20 | 1.00 | 1.00 |      49.9 |        49.9 |          46.3 |       42.7 
   adbjc-cbdka-kj | 230400 |    20 |    24 | 1.00 | 1.00 |      27.2 |        27.9 |          26.4 |       23.5 
   ajbdc-ckbad-jk | 230400 |    24 |    20 | 1.00 | 1.00 |      50.2 |        50.1 |          46.4 |       46.9 
 abcijk-ijma-mkbc |   6912 |  1728 |    24 | 1.00 | 1.00 |     156.7 |       157.1 |         154.1 |      146.8 
 abcijk-ijmb-mkac |   3456 |  3456 |    24 | 1.00 | 0.67 |     162.7 |       159.7 |         151.5 |       84.5 
 abcijk-ijmc-mkab |   3456 |  3456 |    24 | 1.00 | 0.67 |     157.9 |       157.8 |         151.2 |      105.8 
 abcijk-ikma-mjbc |   6912 |  1728 |    24 | 1.00 | 1.00 |     156.9 |       157.1 |         153.3 |      147.8 
 abcijk-ikmb-mjac |   3456 |  3456 |    24 | 1.00 | 0.67 |     162.3 |       160.4 |         152.6 |      120.3 
 abcijk-ikmc-mjab |   3456 |  3456 |    24 | 1.00 | 0.67 |     157.8 |       155.6 |         152.6 |      105.9 
 abcijk-jkma-mibc |   6912 |  1728 |    24 | 1.00 | 1.00 |     154.8 |       154.3 |         152.7 |      148.9 
 abcijk-jkmb-miac |   3456 |  3456 |    24 | 1.00 | 0.67 |     160.3 |       158.5 |         152.0 |       76.6 
 abcijk-jkmc-miab |   3456 |  3456 |    24 | 1.00 | 0.67 |     157.8 |       156.7 |         152.0 |       85.5 
 abcijk-eiab-jkec |   3456 |  3456 |    24 | 1.00 | 0.67 |     158.6 |       157.1 |         153.7 |       84.6 
 abcijk-eiac-jkeb |   3456 |  3456 |    24 | 1.00 | 0.67 |     160.1 |       159.1 |         150.8 |       78.1 
 abcijk-eibc-jkea |   1728 |  6912 |    24 | 1.00 | 1.00 |     154.9 |       154.8 |         152.0 |      148.9 
 abcijk-ejab-ikec |   3456 |  3456 |    24 | 1.00 | 0.67 |     157.7 |       156.1 |         152.9 |      107.2 
 abcijk-ejac-ikeb |   3456 |  3456 |    24 | 1.00 | 0.67 |     160.5 |       161.1 |         153.2 |      120.5 
 abcijk-ejbc-ikea |   1728 |  6912 |    24 | 1.00 | 1.00 |     156.7 |       155.9 |         154.2 |      147.6 
 abcijk-ekab-ijec |   3456 |  3456 |    24 | 1.00 | 0.67 |     156.3 |       159.3 |         152.2 |      106.4 
 abcijk-ekac-ijeb |   3456 |  3456 |    24 | 1.00 | 0.67 |     161.6 |       160.5 |         152.7 |       81.8 
 abcijk-ekbc-ijea |   1728 |  6912 |    24 | 1.00 | 1.00 |     155.6 |       156.8 |         153.4 |      147.3 
       abc-bk-akc |    144 | 18432 |   128 | 1.00 | 1.00 |     261.1 |       300.5 |         289.8 |      198.1 

=== c64 ===
             case |      m |     n |     k | regA | regB | plan GF/s | packed GF/s | upstream GF/s | tblis GF/s 
------------------+--------+-------+-------+------+------+-----------+-------------+---------------+------------
         ij-ik-kj |   1464 |  1448 |  1464 | 1.00 | 1.00 |     349.0 |       349.2 |         340.6 |      358.7 
       ij-ikl-ljk |    144 |   128 | 18432 | 1.00 | 1.00 |     167.8 |       167.9 |         161.2 |      191.3 
       ij-kil-lkj |    144 |   128 | 20736 | 1.00 | 1.00 |     163.8 |       163.1 |         155.5 |      170.2 
       ijk-ikl-lj |  18432 |   128 |   144 | 1.00 | 1.00 |     338.0 |       346.6 |         335.1 |      229.7 
       ijk-il-jlk |    144 | 18432 |   128 | 1.00 | 1.00 |     202.8 |       202.1 |         200.7 |      326.2 
       ijk-ilk-jl |  18432 |   144 |   128 | 1.00 | 1.00 |     367.2 |       368.9 |         357.1 |      258.7 
       ijk-ilk-lj |  18432 |   128 |   144 | 1.00 | 1.00 |     344.9 |       359.1 |         351.9 |      251.7 
     ijk-ilmk-mjl |   1920 |    40 |  1920 | 1.00 | 1.00 |     253.2 |       271.3 |         260.4 |      199.4 
   ijkl-imjn-lnkm |   1920 |  1920 |  1600 | 1.00 | 0.90 |     345.5 |       346.4 |         338.4 |      350.0 
   ijkl-imjn-nlmk |   1920 |  1600 |  1920 | 1.00 | 0.90 |     352.6 |       352.8 |         345.5 |      350.1 
   ijkl-imkn-jnlm |   1920 |  1920 |  1600 | 1.00 | 1.00 |     362.1 |       362.5 |         351.2 |      344.4 
   ijkl-imkn-njml |   1920 |  1600 |  1920 | 1.00 | 0.90 |     359.0 |       359.1 |         349.6 |      348.8 
   ijkl-imln-jnkm |   1920 |  1920 |  1600 | 1.00 | 1.00 |     363.3 |       363.1 |         353.5 |      346.2 
   ijkl-imln-njmk |   1920 |  1600 |  1920 | 1.00 | 0.90 |     360.3 |       360.3 |         349.3 |      350.8 
   ijkl-imnj-nlkm |   1920 |  1600 |  1920 | 1.00 | 0.90 |     353.4 |       353.2 |         346.4 |      351.1 
   ijkl-imnk-njml |   1920 |  1600 |  1920 | 1.00 | 0.90 |     360.6 |       360.4 |         351.0 |      349.5 
   ijkl-minj-nlmk |   1920 |  1600 |  2304 | 1.00 | 0.90 |     354.4 |       354.4 |         350.0 |      347.9 
   ijkl-mink-jnlm |   1920 |  1920 |  1920 | 1.00 | 1.00 |     365.4 |       364.7 |         356.3 |      348.0 
   ijkl-minl-njmk |   1920 |  1600 |  2304 | 1.00 | 0.90 |     361.1 |       361.0 |         352.8 |      347.9 
     aqrs-pa-pqrs |     48 | 64000 |    48 | 1.00 | 1.00 |     269.4 |       271.3 |         262.6 |      198.6 
     abrs-qb-aqrs |     40 | 76800 |    48 | 1.00 | 1.00 |     267.1 |       286.2 |         277.4 |      146.6 
     abcs-rc-abrs |     40 | 76800 |    48 | 1.00 | 1.00 |     252.9 |       258.6 |         241.0 |      130.5 
       abj-bka-kj |  20736 |   128 |   144 | 1.00 | 1.00 |     284.1 |       280.8 |         271.9 |      193.7 
       ajb-kba-jk |  18432 |   144 |   144 | 1.00 | 1.00 |     353.5 |       362.8 |         353.8 |      268.5 
     abjc-cbka-kj |  92160 |    40 |    48 | 1.00 | 1.00 |     119.0 |       119.9 |         119.2 |      111.5 
     ajbc-ckba-jk |  92160 |    48 |    40 | 1.00 | 1.00 |      35.2 |        35.4 |          33.4 |      144.5 
     abjc-kbac-jk |  76800 |    48 |    48 | 1.00 | 1.00 |     209.1 |       209.7 |         203.1 |      128.0 
   abjcd-dkbac-jk | 230400 |    24 |    20 | 0.67 | 1.00 |      99.6 |        99.5 |          96.4 |       80.4 
   adbjc-cbdka-kj | 230400 |    20 |    24 | 0.67 | 1.00 |      65.8 |        66.4 |          60.8 |       61.0 
   ajbdc-ckbad-jk | 230400 |    24 |    20 | 1.00 | 1.00 |      31.8 |        37.3 |          28.9 |       91.2 
 abcijk-ijma-mkbc |   6912 |  1728 |    24 | 1.00 | 1.00 |     224.3 |       224.0 |         218.2 |      232.3 
 abcijk-ijmb-mkac |   3456 |  3456 |    24 | 1.00 | 1.00 |     268.8 |       273.1 |         272.8 |      171.9 
 abcijk-ijmc-mkab |   3456 |  3456 |    24 | 1.00 | 1.00 |     260.6 |       260.9 |         257.5 |      221.1 
 abcijk-ikma-mjbc |   6912 |  1728 |    24 | 1.00 | 1.00 |     217.8 |       219.0 |         215.7 |      232.0 
 abcijk-ikmb-mjac |   3456 |  3456 |    24 | 1.00 | 1.00 |     274.5 |       274.6 |         274.9 |      204.9 
 abcijk-ikmc-mjab |   3456 |  3456 |    24 | 1.00 | 1.00 |     260.7 |       261.2 |         254.6 |      196.9 
 abcijk-jkma-mibc |   6912 |  1728 |    24 | 1.00 | 1.00 |     223.5 |       226.5 |         221.7 |      234.3 
 abcijk-jkmb-miac |   3456 |  3456 |    24 | 1.00 | 1.00 |     284.3 |       286.7 |         280.5 |      134.8 
 abcijk-jkmc-miab |   3456 |  3456 |    24 | 1.00 | 1.00 |     259.4 |       260.3 |         253.0 |      158.2 
 abcijk-eiab-jkec |   3456 |  3456 |    24 | 1.00 | 1.00 |     260.2 |       259.5 |         253.5 |      158.7 
 abcijk-eiac-jkeb |   3456 |  3456 |    24 | 1.00 | 1.00 |     283.6 |       285.9 |         275.3 |      135.1 
 abcijk-eibc-jkea |   1728 |  6912 |    24 | 1.00 | 1.00 |     225.1 |       225.4 |         219.9 |      235.4 
 abcijk-ejab-ikec |   3456 |  3456 |    24 | 1.00 | 1.00 |     258.6 |       259.2 |         259.1 |      196.1 
 abcijk-ejac-ikeb |   3456 |  3456 |    24 | 1.00 | 1.00 |     255.2 |       272.0 |         272.6 |      204.9 
 abcijk-ejbc-ikea |   1728 |  6912 |    24 | 1.00 | 1.00 |     220.1 |       218.7 |         213.9 |      232.6 
 abcijk-ekab-ijec |   3456 |  3456 |    24 | 1.00 | 1.00 |     259.3 |       259.0 |         252.2 |      220.6 
 abcijk-ekac-ijeb |   3456 |  3456 |    24 | 1.00 | 1.00 |     268.2 |       268.6 |         263.7 |      168.6 
 abcijk-ekbc-ijea |   1728 |  6912 |    24 | 1.00 | 1.00 |     225.4 |       224.4 |         217.3 |      231.5 
       abc-bk-akc |    144 | 18432 |   128 | 1.00 | 1.00 |     367.5 |       370.4 |         361.9 |      258.7 

=== complex efficiency ratio (c64 GF/s over f64 GF/s; 1.0 = no penalty) ===
             case | plan c64/f64 | packed c64/f64 | upstream c64/f64 | tblis c64/f64 
------------------+--------------+----------------+------------------+---------------
         ij-ik-kj |        1.231 |          1.371 |            1.377 |         1.118 
       ij-ikl-ljk |        0.870 |          0.789 |            0.816 |         1.437 
       ij-kil-lkj |        0.900 |          0.893 |            0.917 |         1.435 
       ijk-ikl-lj |        1.203 |          1.202 |            1.229 |         1.383 
       ijk-il-jlk |        0.714 |          0.692 |            0.748 |         1.237 
       ijk-ilk-jl |        1.315 |          1.200 |            1.226 |         1.303 
       ijk-ilk-lj |        1.185 |          1.177 |            1.213 |         1.337 
     ijk-ilmk-mjl |        1.437 |          1.223 |            1.382 |         1.325 
   ijkl-imjn-lnkm |        1.046 |          1.046 |            1.051 |         1.058 
   ijkl-imjn-nlmk |        1.075 |          1.075 |            1.080 |         1.066 
   ijkl-imkn-jnlm |        1.037 |          1.038 |            1.017 |         1.061 
   ijkl-imkn-njml |        1.047 |          1.043 |            1.046 |         1.070 
   ijkl-imln-jnkm |        1.040 |          1.036 |            1.024 |         1.072 
   ijkl-imln-njmk |        1.044 |          1.033 |            1.039 |         1.070 
   ijkl-imnj-nlkm |        1.082 |          1.082 |            1.093 |         1.060 
   ijkl-imnk-njml |        1.049 |          1.049 |            1.046 |         1.064 
   ijkl-minj-nlmk |        1.091 |          1.091 |            1.107 |         1.105 
   ijkl-mink-jnlm |        1.056 |          1.058 |            1.046 |         1.060 
   ijkl-minl-njmk |        1.036 |          1.036 |            1.045 |         1.122 
     aqrs-pa-pqrs |        1.374 |          1.572 |            1.641 |         1.882 
     abrs-qb-aqrs |        1.400 |          1.519 |            1.546 |         1.487 
     abcs-rc-abrs |        1.708 |          1.748 |            1.750 |         1.829 
       abj-bka-kj |        1.540 |          1.598 |            1.649 |         1.651 
       ajb-kba-jk |        1.258 |          1.279 |            1.335 |         1.346 
     abjc-cbka-kj |        2.818 |          2.846 |            2.830 |         1.787 
     ajbc-ckba-jk |        0.502 |          0.505 |            0.503 |         1.664 
     abjc-kbac-jk |        1.429 |          1.420 |            1.488 |         1.779 
   abjcd-dkbac-jk |        1.994 |          1.993 |            2.082 |         1.883 
   adbjc-cbdka-kj |        2.418 |          2.379 |            2.303 |         2.590 
   ajbdc-ckbad-jk |        0.632 |          0.744 |            0.621 |         1.944 
 abcijk-ijma-mkbc |        1.431 |          1.426 |            1.416 |         1.583 
 abcijk-ijmb-mkac |        1.653 |          1.710 |            1.800 |         2.033 
 abcijk-ijmc-mkab |        1.651 |          1.653 |            1.702 |         2.090 
 abcijk-ikma-mjbc |        1.388 |          1.394 |            1.407 |         1.569 
 abcijk-ikmb-mjac |        1.691 |          1.712 |            1.801 |         1.704 
 abcijk-ikmc-mjab |        1.652 |          1.678 |            1.668 |         1.860 
 abcijk-jkma-mibc |        1.444 |          1.468 |            1.452 |         1.573 
 abcijk-jkmb-miac |        1.773 |          1.809 |            1.845 |         1.761 
 abcijk-jkmc-miab |        1.644 |          1.661 |            1.664 |         1.850 
 abcijk-eiab-jkec |        1.641 |          1.652 |            1.649 |         1.876 
 abcijk-eiac-jkeb |        1.771 |          1.797 |            1.825 |         1.731 
 abcijk-eibc-jkea |        1.454 |          1.456 |            1.447 |         1.581 
 abcijk-ejab-ikec |        1.639 |          1.661 |            1.694 |         1.829 
 abcijk-ejac-ikeb |        1.590 |          1.688 |            1.780 |         1.701 
 abcijk-ejbc-ikea |        1.404 |          1.403 |            1.387 |         1.576 
 abcijk-ekab-ijec |        1.659 |          1.626 |            1.657 |         2.073 
 abcijk-ekac-ijeb |        1.659 |          1.673 |            1.727 |         2.061 
 abcijk-ekbc-ijea |        1.448 |          1.431 |            1.417 |         1.572 
       abc-bk-akc |        1.407 |          1.233 |            1.249 |         1.306 
             MEAN |        1.378 |          1.385 |            1.405 |         1.542 

wrote /home/shinaoka/projects/tensor4all/tprims-rs/benchmarks/benchmarks/tcbench/results/scaling-layout/baseline/A2-16m-8t.pending.csv
