# threads: requested=8 pool=8 budget=8
host        : shinaoka-EVO-X1Pro
target      : x86_64 / linux
cpu features: avx2 fma avx512f avx512dq 
caches      : L1=48KiB/12-way/2sh L2=1024KiB/16-way/2sh L3=16384KiB/16-way/8sh (via sysfs), blocking=legacy
l3 domains  : t1=1 t4=1 t8=2 t16=4
baselines   : tblis=true blas=false
tblis       : abi 2.x, 8 thread(s)

running 49 cases at 1 MiB nominal tensor size, 5 reps, stress=none


=== f64 ===
             case |     m |    n |    k | regA | regB | plan GF/s | packed GF/s | upstream GF/s | tblis GF/s 
------------------+-------+------+------+------+------+-----------+-------------+---------------+------------
         ij-ik-kj |   384 |  364 |  384 | 0.00 | 0.00 |     223.2 |       256.7 |         193.4 |      175.6 
       ij-ikl-ljk |    72 |   52 | 3744 | 1.00 | 1.00 |      93.3 |        91.7 |          68.9 |       47.8 
       ij-kil-lkj |    72 |   52 | 5184 | 1.00 | 1.00 |      88.7 |        86.5 |          69.2 |       48.0 
       ijk-ikl-lj |  3744 |   52 |   72 | 1.00 | 1.00 |     182.6 |       201.7 |         101.9 |      118.6 
       ijk-il-jlk |    72 | 3744 |   52 | 1.00 | 1.00 |      78.9 |       216.4 |         123.7 |      129.5 
       ijk-ilk-jl |  3744 |   72 |   52 | 1.00 | 1.00 |      88.6 |       113.0 |          81.3 |      128.8 
       ijk-ilk-lj |  3744 |   52 |   72 | 1.00 | 1.00 |     198.9 |       201.8 |         116.3 |      120.7 
     ijk-ilmk-mjl |   480 |   20 |  480 | 1.00 | 1.00 |      17.3 |        17.4 |          47.4 |       58.6 
   ijkl-imjn-lnkm |   480 |  480 |  400 | 1.00 | 0.80 |     213.8 |       215.9 |         186.3 |      186.4 
   ijkl-imjn-nlmk |   480 |  400 |  480 | 1.00 | 0.80 |     256.8 |       262.2 |         224.2 |      229.5 
   ijkl-imkn-jnlm |   480 |  480 |  400 | 1.00 | 1.00 |     299.2 |       309.2 |         262.3 |      268.0 
   ijkl-imkn-njml |   480 |  400 |  480 | 1.00 | 0.80 |     302.5 |       302.9 |         265.3 |      262.4 
   ijkl-imln-jnkm |   480 |  480 |  400 | 1.00 | 1.00 |     304.9 |       310.5 |         260.5 |      266.7 
   ijkl-imln-njmk |   480 |  400 |  480 | 1.00 | 0.80 |     305.6 |       312.1 |         266.9 |      264.7 
   ijkl-imnj-nlkm |   480 |  400 |  480 | 1.00 | 0.80 |     301.0 |       308.0 |         263.9 |      264.1 
   ijkl-imnk-njml |   480 |  400 |  480 | 1.00 | 0.80 |     303.7 |       314.3 |         267.0 |      263.0 
   ijkl-minj-nlmk |   480 |  400 |  576 | 1.00 | 0.80 |     300.6 |       302.7 |         260.3 |      256.2 
   ijkl-mink-jnlm |   480 |  480 |  480 | 1.00 | 1.00 |     307.1 |       311.2 |         269.9 |      263.6 
   ijkl-minl-njmk |   480 |  400 |  576 | 1.00 | 0.80 |     305.0 |       308.3 |         266.4 |      259.9 
     aqrs-pa-pqrs |    24 | 8000 |   24 | 0.00 | 0.00 |      85.2 |        39.3 |          73.1 |       62.5 
     abrs-qb-aqrs |    20 | 9600 |   24 | 1.00 | 1.00 |     160.1 |       169.5 |          56.9 |       57.7 
     abcs-rc-abrs |    20 | 9600 |   24 | 1.00 | 1.00 |     158.1 |       165.2 |          58.6 |       57.9 
       abj-bka-kj |  5184 |   52 |   72 | 1.00 | 1.00 |     218.3 |       244.4 |         148.9 |      152.5 
       ajb-kba-jk |  3744 |   72 |   72 | 1.00 | 1.00 |     298.1 |       304.2 |         175.7 |      197.1 
     abjc-cbka-kj | 11520 |   20 |   24 | 1.00 | 1.00 |      70.8 |        73.2 |          43.3 |       58.1 
     ajbc-ckba-jk | 11520 |   24 |   20 | 1.00 | 1.00 |     119.6 |       117.8 |          54.1 |       63.7 
     abjc-kbac-jk |  9600 |   24 |   24 | 1.00 | 1.00 |     176.6 |       184.6 |          62.2 |       68.4 
   abjcd-dkbac-jk | 82944 |   24 |   12 | 1.00 | 1.00 |      45.2 |        50.2 |          41.5 |       31.4 
   adbjc-cbdka-kj | 82944 |   12 |   24 | 1.00 | 1.00 |      15.7 |        16.1 |          14.3 |       23.0 
   ajbdc-ckbad-jk | 82944 |   24 |   12 | 1.00 | 1.00 |      48.9 |        49.1 |          40.6 |       32.5 
 abcijk-ijma-mkbc |  4608 |  512 |   24 | 1.00 | 1.00 |     155.0 |       174.5 |         140.3 |      166.6 
 abcijk-ijmb-mkac |  1536 | 1536 |   24 | 1.00 | 1.00 |     187.9 |       206.4 |         163.1 |      103.0 
 abcijk-ijmc-mkab |  1536 | 1536 |   24 | 1.00 | 1.00 |     196.5 |       193.2 |         167.3 |      131.3 
 abcijk-ikma-mjbc |  4608 |  512 |   24 | 1.00 | 1.00 |     144.7 |       153.1 |         134.1 |      160.4 
 abcijk-ikmb-mjac |  1536 | 1536 |   24 | 1.00 | 1.00 |     202.3 |       223.0 |         174.4 |      145.2 
 abcijk-ikmc-mjab |  1536 | 1536 |   24 | 1.00 | 1.00 |     201.0 |       215.0 |         165.1 |      115.6 
 abcijk-jkma-mibc |  4608 |  512 |   24 | 1.00 | 1.00 |     153.0 |       149.1 |         135.8 |      170.6 
 abcijk-jkmb-miac |  1536 | 1536 |   24 | 1.00 | 1.00 |     197.1 |       216.5 |         169.0 |      102.0 
 abcijk-jkmc-miab |  1536 | 1536 |   24 | 1.00 | 1.00 |     200.4 |       212.6 |         171.5 |      121.2 
 abcijk-eiab-jkec |  1536 | 1536 |   24 | 1.00 | 1.00 |     206.6 |       234.4 |         167.7 |      114.6 
 abcijk-eiac-jkeb |  1536 | 1536 |   24 | 1.00 | 1.00 |     219.2 |       228.7 |         167.3 |      105.3 
 abcijk-eibc-jkea |   512 | 4608 |   24 | 1.00 | 1.00 |     149.2 |       162.1 |         136.4 |      177.1 
 abcijk-ejab-ikec |  1536 | 1536 |   24 | 1.00 | 1.00 |     210.6 |       223.5 |         164.6 |      110.5 
 abcijk-ejac-ikeb |  1536 | 1536 |   24 | 1.00 | 1.00 |     191.8 |       216.9 |         170.4 |      148.0 
 abcijk-ejbc-ikea |   512 | 4608 |   24 | 1.00 | 1.00 |     147.3 |       153.4 |         135.3 |      144.1 
 abcijk-ekab-ijec |  1536 | 1536 |   24 | 1.00 | 1.00 |     195.0 |       234.4 |         170.2 |      136.6 
 abcijk-ekac-ijeb |  1536 | 1536 |   24 | 1.00 | 1.00 |     202.9 |       217.0 |         159.2 |      100.9 
 abcijk-ekbc-ijea |   512 | 4608 |   24 | 1.00 | 1.00 |     149.6 |       153.2 |         136.4 |      161.9 
       abc-bk-akc |    72 | 3744 |   52 | 1.00 | 1.00 |     155.6 |       154.6 |         107.1 |      181.4 

=== c64 ===
             case |     m |    n |    k | regA | regB | plan GF/s | packed GF/s | upstream GF/s | tblis GF/s 
------------------+-------+------+------+------+------+-----------+-------------+---------------+------------
         ij-ik-kj |   384 |  364 |  384 | 1.00 | 1.00 |     268.3 |       271.5 |         240.0 |      234.5 
       ij-ikl-ljk |    72 |   52 | 3744 | 1.00 | 1.00 |     117.1 |       115.6 |         103.1 |      116.6 
       ij-kil-lkj |    72 |   52 | 5184 | 1.00 | 1.00 |     104.1 |       101.2 |          92.6 |      109.9 
       ijk-ikl-lj |  3744 |   52 |   72 | 1.00 | 1.00 |     235.3 |       237.2 |         182.5 |      178.5 
       ijk-il-jlk |    72 | 3744 |   52 | 1.00 | 1.00 |     221.8 |       225.1 |         179.0 |      203.4 
       ijk-ilk-jl |  3744 |   72 |   52 | 0.89 | 1.00 |     162.3 |       163.4 |         134.5 |      200.7 
       ijk-ilk-lj |  3744 |   52 |   72 | 0.89 | 1.00 |     228.7 |       235.1 |         192.1 |      186.6 
     ijk-ilmk-mjl |   480 |   20 |  480 | 0.67 | 1.00 |     169.8 |       171.4 |         102.6 |      137.9 
   ijkl-imjn-lnkm |   480 |  480 |  400 | 0.67 | 0.80 |     242.5 |       243.7 |         228.8 |      240.0 
   ijkl-imjn-nlmk |   480 |  400 |  480 | 0.67 | 0.81 |     316.5 |       311.8 |         299.5 |      301.9 
   ijkl-imkn-jnlm |   480 |  480 |  400 | 0.67 | 1.00 |     336.9 |       341.3 |         312.4 |      296.3 
   ijkl-imkn-njml |   480 |  400 |  480 | 0.67 | 0.81 |     340.7 |       343.0 |         321.5 |      312.8 
   ijkl-imln-jnkm |   480 |  480 |  400 | 0.67 | 1.00 |     336.2 |       341.6 |         313.9 |      296.9 
   ijkl-imln-njmk |   480 |  400 |  480 | 0.67 | 0.81 |     342.2 |       344.0 |         322.1 |      318.0 
   ijkl-imnj-nlkm |   480 |  400 |  480 | 0.67 | 0.81 |     336.1 |       340.2 |         319.7 |      314.9 
   ijkl-imnk-njml |   480 |  400 |  480 | 0.67 | 0.81 |     343.9 |       341.2 |         321.5 |      319.0 
   ijkl-minj-nlmk |   480 |  400 |  576 | 0.67 | 0.81 |     329.6 |       328.0 |         306.3 |      298.1 
   ijkl-mink-jnlm |   480 |  480 |  480 | 0.67 | 1.00 |     341.9 |       342.0 |         319.0 |      305.3 
   ijkl-minl-njmk |   480 |  400 |  576 | 0.67 | 0.81 |     334.6 |       335.6 |         314.8 |      308.6 
     aqrs-pa-pqrs |    24 | 8000 |   24 | 1.00 | 1.00 |     169.7 |       174.6 |         127.5 |      149.8 
     abrs-qb-aqrs |    20 | 9600 |   24 | 1.00 | 1.00 |     273.8 |       275.6 |         164.2 |      140.6 
     abcs-rc-abrs |    20 | 9600 |   24 | 1.00 | 1.00 |     240.3 |       241.0 |         149.6 |      142.4 
       abj-bka-kj |  5184 |   52 |   72 | 0.89 | 1.00 |     298.8 |       293.8 |         237.5 |      185.5 
       ajb-kba-jk |  3744 |   72 |   72 | 0.89 | 1.00 |     340.9 |       341.5 |         273.3 |      267.1 
     abjc-cbka-kj | 11520 |   20 |   24 | 0.67 | 1.00 |     170.8 |       171.2 |         112.6 |      124.0 
     ajbc-ckba-jk | 11520 |   24 |   20 | 1.00 | 1.00 |      40.7 |        38.9 |          30.3 |      129.0 
     abjc-kbac-jk |  9600 |   24 |   24 | 0.67 | 1.00 |     275.7 |       279.0 |         172.6 |      162.9 
   abjcd-dkbac-jk | 82944 |   24 |   12 | 0.67 | 1.00 |      84.4 |        84.3 |          78.6 |       64.5 
   adbjc-cbdka-kj | 82944 |   12 |   24 | 0.67 | 1.00 |      51.6 |        51.5 |          48.6 |       42.5 
   ajbdc-ckbad-jk | 82944 |   24 |   12 | 1.00 | 1.00 |      49.5 |        50.6 |          48.3 |       68.9 
 abcijk-ijma-mkbc |  4608 |  512 |   24 | 1.00 | 0.97 |     164.3 |       160.2 |         153.7 |      204.6 
 abcijk-ijmb-mkac |  1536 | 1536 |   24 | 1.00 | 0.75 |     261.5 |       258.6 |         238.6 |      167.1 
 abcijk-ijmc-mkab |  1536 | 1536 |   24 | 1.00 | 0.50 |     270.5 |       281.0 |         236.2 |      210.8 
 abcijk-ikma-mjbc |  4608 |  512 |   24 | 1.00 | 0.97 |     159.4 |       169.8 |         148.9 |      203.6 
 abcijk-ikmb-mjac |  1536 | 1536 |   24 | 1.00 | 0.75 |     260.2 |       269.8 |         237.9 |      185.8 
 abcijk-ikmc-mjab |  1536 | 1536 |   24 | 1.00 | 0.50 |     263.1 |       268.3 |         237.4 |      180.2 
 abcijk-jkma-mibc |  4608 |  512 |   24 | 1.00 | 0.97 |     157.7 |       165.4 |         140.5 |      219.6 
 abcijk-jkmb-miac |  1536 | 1536 |   24 | 1.00 | 0.75 |     260.2 |       262.5 |         238.3 |      153.3 
 abcijk-jkmc-miab |  1536 | 1536 |   24 | 1.00 | 0.50 |     270.4 |       272.4 |         250.7 |      189.3 
 abcijk-eiab-jkec |  1536 | 1536 |   24 | 1.00 | 0.50 |     270.7 |       276.5 |         242.6 |      194.2 
 abcijk-eiac-jkeb |  1536 | 1536 |   24 | 1.00 | 0.75 |     258.1 |       261.5 |         241.7 |      151.3 
 abcijk-eibc-jkea |   512 | 4608 |   24 | 1.00 | 0.97 |     159.2 |       157.2 |         162.7 |      217.4 
 abcijk-ejab-ikec |  1536 | 1536 |   24 | 1.00 | 0.50 |     263.3 |       279.1 |         240.6 |      180.7 
 abcijk-ejac-ikeb |  1536 | 1536 |   24 | 1.00 | 0.75 |     258.5 |       268.2 |         238.3 |      181.1 
 abcijk-ejbc-ikea |   512 | 4608 |   24 | 1.00 | 0.97 |     154.9 |       154.8 |         150.6 |      204.1 
 abcijk-ekab-ijec |  1536 | 1536 |   24 | 1.00 | 0.50 |     273.4 |       279.4 |         242.7 |      206.0 
 abcijk-ekac-ijeb |  1536 | 1536 |   24 | 1.00 | 0.75 |     262.1 |       261.9 |         241.1 |      165.5 
 abcijk-ekbc-ijea |   512 | 4608 |   24 | 1.00 | 0.97 |     168.2 |       172.3 |         153.1 |      203.3 
       abc-bk-akc |    72 | 3744 |   52 | 0.89 | 1.00 |     224.3 |       224.0 |         184.3 |      278.4 

=== complex efficiency ratio (c64 GF/s over f64 GF/s; 1.0 = no penalty) ===
             case | plan c64/f64 | packed c64/f64 | upstream c64/f64 | tblis c64/f64 
------------------+--------------+----------------+------------------+---------------
         ij-ik-kj |        1.202 |          1.058 |            1.241 |         1.336 
       ij-ikl-ljk |        1.254 |          1.261 |            1.496 |         2.438 
       ij-kil-lkj |        1.173 |          1.170 |            1.338 |         2.291 
       ijk-ikl-lj |        1.289 |          1.176 |            1.790 |         1.505 
       ijk-il-jlk |        2.811 |          1.040 |            1.446 |         1.571 
       ijk-ilk-jl |        1.833 |          1.447 |            1.654 |         1.558 
       ijk-ilk-lj |        1.150 |          1.165 |            1.651 |         1.547 
     ijk-ilmk-mjl |        9.827 |          9.869 |            2.165 |         2.351 
   ijkl-imjn-lnkm |        1.134 |          1.129 |            1.228 |         1.288 
   ijkl-imjn-nlmk |        1.232 |          1.189 |            1.336 |         1.316 
   ijkl-imkn-jnlm |        1.126 |          1.104 |            1.191 |         1.106 
   ijkl-imkn-njml |        1.126 |          1.133 |            1.212 |         1.192 
   ijkl-imln-jnkm |        1.103 |          1.100 |            1.205 |         1.113 
   ijkl-imln-njmk |        1.120 |          1.102 |            1.207 |         1.202 
   ijkl-imnj-nlkm |        1.116 |          1.105 |            1.211 |         1.193 
   ijkl-imnk-njml |        1.132 |          1.086 |            1.204 |         1.213 
   ijkl-minj-nlmk |        1.096 |          1.084 |            1.177 |         1.164 
   ijkl-mink-jnlm |        1.113 |          1.099 |            1.182 |         1.158 
   ijkl-minl-njmk |        1.097 |          1.089 |            1.182 |         1.187 
     aqrs-pa-pqrs |        1.992 |          4.446 |            1.746 |         2.397 
     abrs-qb-aqrs |        1.711 |          1.626 |            2.885 |         2.437 
     abcs-rc-abrs |        1.520 |          1.459 |            2.555 |         2.460 
       abj-bka-kj |        1.369 |          1.202 |            1.595 |         1.217 
       ajb-kba-jk |        1.144 |          1.123 |            1.556 |         1.355 
     abjc-cbka-kj |        2.412 |          2.340 |            2.601 |         2.135 
     ajbc-ckba-jk |        0.340 |          0.331 |            0.560 |         2.026 
     abjc-kbac-jk |        1.561 |          1.512 |            2.776 |         2.382 
   abjcd-dkbac-jk |        1.865 |          1.680 |            1.892 |         2.057 
   adbjc-cbdka-kj |        3.279 |          3.194 |            3.402 |         1.846 
   ajbdc-ckbad-jk |        1.013 |          1.029 |            1.191 |         2.121 
 abcijk-ijma-mkbc |        1.060 |          0.918 |            1.096 |         1.228 
 abcijk-ijmb-mkac |        1.391 |          1.253 |            1.463 |         1.623 
 abcijk-ijmc-mkab |        1.377 |          1.455 |            1.412 |         1.605 
 abcijk-ikma-mjbc |        1.101 |          1.109 |            1.110 |         1.269 
 abcijk-ikmb-mjac |        1.286 |          1.210 |            1.364 |         1.280 
 abcijk-ikmc-mjab |        1.309 |          1.248 |            1.438 |         1.559 
 abcijk-jkma-mibc |        1.031 |          1.109 |            1.034 |         1.287 
 abcijk-jkmb-miac |        1.320 |          1.213 |            1.410 |         1.503 
 abcijk-jkmc-miab |        1.349 |          1.281 |            1.462 |         1.563 
 abcijk-eiab-jkec |        1.310 |          1.180 |            1.447 |         1.696 
 abcijk-eiac-jkeb |        1.178 |          1.144 |            1.445 |         1.437 
 abcijk-eibc-jkea |        1.067 |          0.970 |            1.192 |         1.228 
 abcijk-ejab-ikec |        1.250 |          1.249 |            1.461 |         1.636 
 abcijk-ejac-ikeb |        1.348 |          1.237 |            1.399 |         1.224 
 abcijk-ejbc-ikea |        1.052 |          1.009 |            1.113 |         1.417 
 abcijk-ekab-ijec |        1.402 |          1.192 |            1.426 |         1.508 
 abcijk-ekac-ijeb |        1.292 |          1.207 |            1.514 |         1.640 
 abcijk-ekbc-ijea |        1.125 |          1.125 |            1.122 |         1.256 
       abc-bk-akc |        1.442 |          1.449 |            1.720 |         1.535 
             MEAN |        1.527 |          1.488 |            1.520 |         1.585 

wrote /home/shinaoka/projects/tensor4all/tprims-rs/benchmarks/benchmarks/tcbench/results/scaling-layout/baseline/A2-1m-8t.pending.csv
