# threads: requested=1 pool=1 budget=1
host        : shinaoka-EVO-X1Pro
target      : x86_64 / linux
cpu features: avx2 fma avx512f avx512dq 
caches      : L1=48KiB/12-way/2sh L2=1024KiB/16-way/2sh L3=16384KiB/16-way/8sh (via sysfs), blocking=legacy
l3 domains  : t1=1
baselines   : tblis=true blas=false
tblis       : abi 2.x, 1 thread(s)

running 49 cases at 16 MiB nominal tensor size, 5 reps, stress=none


=== f64 ===
             case |      m |     n |     k | regA | regB | plan GF/s | packed GF/s | upstream GF/s | tblis GF/s 
------------------+--------+-------+-------+------+------+-----------+-------------+---------------+------------
         ij-ik-kj |   1464 |  1448 |  1464 | 0.00 | 0.00 |      42.8 |        48.7 |          47.7 |       46.5 
       ij-ikl-ljk |    144 |   128 | 18432 | 1.00 | 1.00 |      38.0 |        38.0 |          36.8 |       27.4 
       ij-kil-lkj |    144 |   128 | 20736 | 1.00 | 1.00 |      35.9 |        36.0 |          35.2 |       24.8 
       ijk-ikl-lj |  18432 |   128 |   144 | 1.00 | 1.00 |      42.5 |        42.5 |          41.4 |       35.1 
       ijk-il-jlk |    144 | 18432 |   128 | 1.00 | 1.00 |      38.4 |        39.0 |          36.8 |       36.7 
       ijk-ilk-jl |  18432 |   144 |   128 | 1.00 | 1.00 |      44.5 |        44.6 |          44.4 |       36.3 
       ijk-ilk-lj |  18432 |   128 |   144 | 1.00 | 1.00 |      44.2 |        44.3 |          44.3 |       34.1 
     ijk-ilmk-mjl |   1920 |    40 |  1920 | 1.00 | 1.00 |      40.5 |        40.6 |          39.8 |       21.7 
   ijkl-imjn-lnkm |   1920 |  1920 |  1600 | 1.00 | 1.00 |      47.3 |        47.1 |          46.2 |       46.9 
   ijkl-imjn-nlmk |   1920 |  1600 |  1920 | 1.00 | 1.00 |      47.2 |        47.3 |          46.2 |       45.5 
   ijkl-imkn-jnlm |   1920 |  1920 |  1600 | 1.00 | 1.00 |      47.3 |        47.3 |          46.0 |       46.6 
   ijkl-imkn-njml |   1920 |  1600 |  1920 | 1.00 | 1.00 |      47.5 |        47.5 |          46.5 |       45.7 
   ijkl-imln-jnkm |   1920 |  1920 |  1600 | 1.00 | 1.00 |      47.3 |        47.2 |          46.1 |       45.8 
   ijkl-imln-njmk |   1920 |  1600 |  1920 | 1.00 | 1.00 |      47.6 |        47.6 |          46.5 |       45.8 
   ijkl-imnj-nlkm |   1920 |  1600 |  1920 | 1.00 | 1.00 |      47.1 |        47.2 |          46.2 |       46.3 
   ijkl-imnk-njml |   1920 |  1600 |  1920 | 1.00 | 1.00 |      47.7 |        47.7 |          46.6 |       46.1 
   ijkl-minj-nlmk |   1920 |  1600 |  2304 | 1.00 | 1.00 |      46.0 |        46.0 |          45.5 |       44.9 
   ijkl-mink-jnlm |   1920 |  1920 |  1920 | 1.00 | 1.00 |      46.9 |        46.8 |          46.2 |       46.3 
   ijkl-minl-njmk |   1920 |  1600 |  2304 | 1.00 | 1.00 |      46.7 |        46.7 |          45.5 |       45.7 
     aqrs-pa-pqrs |     48 | 64000 |    48 | 0.00 | 0.00 |      40.6 |        33.3 |          30.0 |       19.2 
     abrs-qb-aqrs |     40 | 76800 |    48 | 1.00 | 1.00 |      34.4 |        34.6 |          34.6 |       19.7 
     abcs-rc-abrs |     40 | 76800 |    48 | 1.00 | 1.00 |      30.7 |        30.9 |          28.8 |       21.3 
       abj-bka-kj |  20736 |   128 |   144 | 1.00 | 1.00 |      38.7 |        38.6 |          38.7 |       26.4 
       ajb-kba-jk |  18432 |   144 |   144 | 1.00 | 1.00 |      42.6 |        42.7 |          42.8 |       37.2 
     abjc-cbka-kj |  92160 |    40 |    48 | 1.00 | 1.00 |      10.0 |        10.0 |           9.7 |       13.9 
     ajbc-ckba-jk |  92160 |    48 |    40 | 1.00 | 1.00 |      17.7 |        17.8 |          17.3 |       19.4 
     abjc-kbac-jk |  76800 |    48 |    48 | 1.00 | 1.00 |      28.8 |        29.1 |          28.8 |       18.8 
   abjcd-dkbac-jk | 230400 |    24 |    20 | 1.00 | 1.00 |      13.1 |        13.1 |          12.1 |       10.1 
   adbjc-cbdka-kj | 230400 |    20 |    24 | 1.00 | 1.00 |       5.4 |         5.4 |           5.1 |        7.4 
   ajbdc-ckbad-jk | 230400 |    24 |    20 | 1.00 | 1.00 |      13.1 |        13.2 |          12.0 |       10.7 
 abcijk-ijma-mkbc |   6912 |  1728 |    24 | 1.00 | 1.00 |      41.5 |        41.3 |          39.8 |       33.6 
 abcijk-ijmb-mkac |   3456 |  3456 |    24 | 1.00 | 0.67 |      40.9 |        40.8 |          39.0 |       24.2 
 abcijk-ijmc-mkab |   3456 |  3456 |    24 | 1.00 | 0.67 |      39.7 |        39.5 |          37.4 |       31.2 
 abcijk-ikma-mjbc |   6912 |  1728 |    24 | 1.00 | 1.00 |      41.8 |        41.7 |          39.5 |       33.7 
 abcijk-ikmb-mjac |   3456 |  3456 |    24 | 1.00 | 0.67 |      41.0 |        40.6 |          38.0 |       29.7 
 abcijk-ikmc-mjab |   3456 |  3456 |    24 | 1.00 | 0.67 |      39.7 |        39.6 |          37.5 |       27.2 
 abcijk-jkma-mibc |   6912 |  1728 |    24 | 1.00 | 1.00 |      42.4 |        42.4 |          40.1 |       33.4 
 abcijk-jkmb-miac |   3456 |  3456 |    24 | 1.00 | 0.67 |      40.7 |        40.4 |          37.8 |       16.1 
 abcijk-jkmc-miab |   3456 |  3456 |    24 | 1.00 | 0.67 |      39.7 |        39.8 |          38.0 |       22.4 
 abcijk-eiab-jkec |   3456 |  3456 |    24 | 1.00 | 0.67 |      39.8 |        39.8 |          38.0 |       22.5 
 abcijk-eiac-jkeb |   3456 |  3456 |    24 | 1.00 | 0.67 |      41.2 |        41.0 |          38.1 |       16.5 
 abcijk-eibc-jkea |   1728 |  6912 |    24 | 1.00 | 1.00 |      41.5 |        41.3 |          39.1 |       33.6 
 abcijk-ejab-ikec |   3456 |  3456 |    24 | 1.00 | 0.67 |      39.6 |        39.5 |          37.7 |       27.0 
 abcijk-ejac-ikeb |   3456 |  3456 |    24 | 1.00 | 0.67 |      41.1 |        40.7 |          38.8 |       29.7 
 abcijk-ejbc-ikea |   1728 |  6912 |    24 | 1.00 | 1.00 |      41.1 |        40.9 |          38.8 |       33.5 
 abcijk-ekab-ijec |   3456 |  3456 |    24 | 1.00 | 0.67 |      39.7 |        39.5 |          37.5 |       31.2 
 abcijk-ekac-ijeb |   3456 |  3456 |    24 | 1.00 | 0.67 |      41.2 |        40.8 |          39.2 |       24.2 
 abcijk-ekbc-ijea |   1728 |  6912 |    24 | 1.00 | 1.00 |      41.1 |        40.9 |          38.8 |       33.6 
       abc-bk-akc |    144 | 18432 |   128 | 1.00 | 1.00 |      44.0 |        44.0 |          43.3 |       36.1 

=== c64 ===
             case |      m |     n |     k | regA | regB | plan GF/s | packed GF/s | upstream GF/s | tblis GF/s 
------------------+--------+-------+-------+------+------+-----------+-------------+---------------+------------
         ij-ik-kj |   1464 |  1448 |  1464 | 1.00 | 1.00 |      48.2 |        48.2 |          48.1 |       47.5 
       ij-ikl-ljk |    144 |   128 | 18432 | 1.00 | 1.00 |      42.1 |        42.1 |          40.3 |       33.7 
       ij-kil-lkj |    144 |   128 | 20736 | 1.00 | 1.00 |      40.3 |        40.4 |          38.5 |       31.0 
       ijk-ikl-lj |  18432 |   128 |   144 | 1.00 | 1.00 |      46.5 |        46.6 |          46.0 |       36.4 
       ijk-il-jlk |    144 | 18432 |   128 | 1.00 | 1.00 |      44.8 |        44.9 |          43.7 |       42.7 
       ijk-ilk-jl |  18432 |   144 |   128 | 1.00 | 1.00 |      48.8 |        48.8 |          48.4 |       39.5 
       ijk-ilk-lj |  18432 |   128 |   144 | 1.00 | 1.00 |      47.5 |        47.5 |          46.7 |       38.2 
     ijk-ilmk-mjl |   1920 |    40 |  1920 | 1.00 | 1.00 |      41.6 |        41.7 |          40.3 |       28.4 
   ijkl-imjn-lnkm |   1920 |  1920 |  1600 | 1.00 | 0.90 |      48.0 |        48.2 |          47.9 |       46.2 
   ijkl-imjn-nlmk |   1920 |  1600 |  1920 | 1.00 | 0.90 |      48.0 |        48.0 |          47.7 |       45.6 
   ijkl-imkn-jnlm |   1920 |  1920 |  1600 | 1.00 | 1.00 |      48.3 |        48.3 |          47.9 |       45.5 
   ijkl-imkn-njml |   1920 |  1600 |  1920 | 1.00 | 0.90 |      48.3 |        48.3 |          47.8 |       45.0 
   ijkl-imln-jnkm |   1920 |  1920 |  1600 | 1.00 | 1.00 |      48.4 |        48.5 |          48.0 |       45.4 
   ijkl-imln-njmk |   1920 |  1600 |  1920 | 1.00 | 0.90 |      48.5 |        48.4 |          48.0 |       45.1 
   ijkl-imnj-nlkm |   1920 |  1600 |  1920 | 1.00 | 0.90 |      48.0 |        48.0 |          47.7 |       45.4 
   ijkl-imnk-njml |   1920 |  1600 |  1920 | 1.00 | 0.90 |      48.4 |        48.3 |          47.9 |       45.4 
   ijkl-minj-nlmk |   1920 |  1600 |  2304 | 1.00 | 0.90 |      47.3 |        47.3 |          47.0 |       45.3 
   ijkl-mink-jnlm |   1920 |  1920 |  1920 | 1.00 | 1.00 |      47.7 |        47.7 |          47.1 |       45.9 
   ijkl-minl-njmk |   1920 |  1600 |  2304 | 1.00 | 0.90 |      47.7 |        47.7 |          47.2 |       45.5 
     aqrs-pa-pqrs |     48 | 64000 |    48 | 1.00 | 1.00 |      38.6 |        38.6 |          37.5 |       29.0 
     abrs-qb-aqrs |     40 | 76800 |    48 | 1.00 | 1.00 |      39.8 |        39.7 |          39.0 |       29.3 
     abcs-rc-abrs |     40 | 76800 |    48 | 1.00 | 1.00 |      39.0 |        39.0 |          38.2 |       29.4 
       abj-bka-kj |  20736 |   128 |   144 | 1.00 | 1.00 |      41.1 |        41.1 |          40.5 |       30.6 
       ajb-kba-jk |  18432 |   144 |   144 | 1.00 | 1.00 |      48.7 |        48.7 |          48.2 |       40.7 
     abjc-cbka-kj |  92160 |    40 |    48 | 1.00 | 1.00 |      19.1 |        19.1 |          18.9 |       23.1 
     ajbc-ckba-jk |  92160 |    48 |    40 | 1.00 | 1.00 |      25.7 |        25.7 |          25.0 |       33.2 
     abjc-kbac-jk |  76800 |    48 |    48 | 1.00 | 1.00 |      40.0 |        39.8 |          39.2 |       26.5 
   abjcd-dkbac-jk | 230400 |    24 |    20 | 0.67 | 1.00 |      21.1 |        21.1 |          20.0 |       19.3 
   adbjc-cbdka-kj | 230400 |    20 |    24 | 0.67 | 1.00 |      11.6 |        11.6 |          11.4 |       17.8 
   ajbdc-ckbad-jk | 230400 |    24 |    20 | 1.00 | 1.00 |      20.3 |        20.3 |          19.3 |       19.6 
 abcijk-ijma-mkbc |   6912 |  1728 |    24 | 1.00 | 1.00 |      43.8 |        43.9 |          42.6 |       37.4 
 abcijk-ijmb-mkac |   3456 |  3456 |    24 | 1.00 | 1.00 |      45.3 |        45.3 |          44.1 |       33.4 
 abcijk-ijmc-mkab |   3456 |  3456 |    24 | 1.00 | 1.00 |      44.6 |        44.5 |          43.3 |       39.4 
 abcijk-ikma-mjbc |   6912 |  1728 |    24 | 1.00 | 1.00 |      43.7 |        43.8 |          42.5 |       37.3 
 abcijk-ikmb-mjac |   3456 |  3456 |    24 | 1.00 | 1.00 |      45.3 |        45.2 |          44.1 |       35.6 
 abcijk-ikmc-mjab |   3456 |  3456 |    24 | 1.00 | 1.00 |      44.5 |        44.5 |          43.3 |       35.5 
 abcijk-jkma-mibc |   6912 |  1728 |    24 | 1.00 | 1.00 |      44.0 |        44.0 |          42.6 |       37.4 
 abcijk-jkmb-miac |   3456 |  3456 |    24 | 1.00 | 1.00 |      45.0 |        45.0 |          43.5 |       28.2 
 abcijk-jkmc-miab |   3456 |  3456 |    24 | 1.00 | 1.00 |      44.5 |        44.5 |          43.1 |       35.1 
 abcijk-eiab-jkec |   3456 |  3456 |    24 | 1.00 | 1.00 |      44.5 |        44.4 |          43.0 |       34.9 
 abcijk-eiac-jkeb |   3456 |  3456 |    24 | 1.00 | 1.00 |      45.0 |        45.0 |          43.5 |       28.1 
 abcijk-eibc-jkea |   1728 |  6912 |    24 | 1.00 | 1.00 |      44.0 |        44.0 |          42.6 |       37.4 
 abcijk-ejab-ikec |   3456 |  3456 |    24 | 1.00 | 1.00 |      44.5 |        44.5 |          43.3 |       35.4 
 abcijk-ejac-ikeb |   3456 |  3456 |    24 | 1.00 | 1.00 |      45.2 |        45.2 |          44.0 |       35.6 
 abcijk-ejbc-ikea |   1728 |  6912 |    24 | 1.00 | 1.00 |      43.8 |        43.8 |          42.4 |       37.3 
 abcijk-ekab-ijec |   3456 |  3456 |    24 | 1.00 | 1.00 |      44.5 |        44.5 |          43.3 |       39.6 
 abcijk-ekac-ijeb |   3456 |  3456 |    24 | 1.00 | 1.00 |      45.3 |        45.2 |          44.0 |       33.2 
 abcijk-ekbc-ijea |   1728 |  6912 |    24 | 1.00 | 1.00 |      43.9 |        43.9 |          42.7 |       37.4 
       abc-bk-akc |    144 | 18432 |   128 | 1.00 | 1.00 |      48.6 |        48.5 |          48.1 |       39.5 

=== complex efficiency ratio (c64 GF/s over f64 GF/s; 1.0 = no penalty) ===
             case | plan c64/f64 | packed c64/f64 | upstream c64/f64 | tblis c64/f64 
------------------+--------------+----------------+------------------+---------------
         ij-ik-kj |        1.126 |          0.989 |            1.009 |         1.021 
       ij-ikl-ljk |        1.109 |          1.109 |            1.093 |         1.230 
       ij-kil-lkj |        1.123 |          1.122 |            1.093 |         1.252 
       ijk-ikl-lj |        1.094 |          1.095 |            1.112 |         1.035 
       ijk-il-jlk |        1.166 |          1.152 |            1.189 |         1.164 
       ijk-ilk-jl |        1.097 |          1.096 |            1.089 |         1.087 
       ijk-ilk-lj |        1.075 |          1.073 |            1.056 |         1.119 
     ijk-ilmk-mjl |        1.027 |          1.028 |            1.014 |         1.305 
   ijkl-imjn-lnkm |        1.016 |          1.022 |            1.036 |         0.985 
   ijkl-imjn-nlmk |        1.017 |          1.015 |            1.034 |         1.002 
   ijkl-imkn-jnlm |        1.021 |          1.021 |            1.039 |         0.976 
   ijkl-imkn-njml |        1.016 |          1.016 |            1.029 |         0.984 
   ijkl-imln-jnkm |        1.022 |          1.028 |            1.040 |         0.990 
   ijkl-imln-njmk |        1.017 |          1.017 |            1.031 |         0.986 
   ijkl-imnj-nlkm |        1.019 |          1.016 |            1.033 |         0.982 
   ijkl-imnk-njml |        1.015 |          1.014 |            1.027 |         0.983 
   ijkl-minj-nlmk |        1.028 |          1.029 |            1.031 |         1.008 
   ijkl-mink-jnlm |        1.019 |          1.019 |            1.021 |         0.992 
   ijkl-minl-njmk |        1.022 |          1.022 |            1.037 |         0.997 
     aqrs-pa-pqrs |        0.949 |          1.157 |            1.251 |         1.515 
     abrs-qb-aqrs |        1.155 |          1.148 |            1.125 |         1.492 
     abcs-rc-abrs |        1.272 |          1.263 |            1.327 |         1.380 
       abj-bka-kj |        1.063 |          1.064 |            1.047 |         1.159 
       ajb-kba-jk |        1.142 |          1.141 |            1.127 |         1.094 
     abjc-cbka-kj |        1.912 |          1.912 |            1.944 |         1.654 
     ajbc-ckba-jk |        1.451 |          1.449 |            1.445 |         1.707 
     abjc-kbac-jk |        1.389 |          1.369 |            1.365 |         1.414 
   abjcd-dkbac-jk |        1.611 |          1.611 |            1.654 |         1.903 
   adbjc-cbdka-kj |        2.169 |          2.168 |            2.216 |         2.418 
   ajbdc-ckbad-jk |        1.553 |          1.537 |            1.608 |         1.836 
 abcijk-ijma-mkbc |        1.058 |          1.063 |            1.071 |         1.112 
 abcijk-ijmb-mkac |        1.107 |          1.111 |            1.131 |         1.383 
 abcijk-ijmc-mkab |        1.124 |          1.128 |            1.160 |         1.262 
 abcijk-ikma-mjbc |        1.047 |          1.051 |            1.076 |         1.107 
 abcijk-ikmb-mjac |        1.105 |          1.114 |            1.159 |         1.197 
 abcijk-ikmc-mjab |        1.122 |          1.126 |            1.155 |         1.307 
 abcijk-jkma-mibc |        1.037 |          1.037 |            1.062 |         1.120 
 abcijk-jkmb-miac |        1.106 |          1.113 |            1.150 |         1.745 
 abcijk-jkmc-miab |        1.120 |          1.117 |            1.134 |         1.571 
 abcijk-eiab-jkec |        1.116 |          1.116 |            1.134 |         1.553 
 abcijk-eiac-jkeb |        1.093 |          1.097 |            1.140 |         1.707 
 abcijk-eibc-jkea |        1.061 |          1.066 |            1.090 |         1.112 
 abcijk-ejab-ikec |        1.124 |          1.127 |            1.150 |         1.313 
 abcijk-ejac-ikeb |        1.102 |          1.111 |            1.134 |         1.197 
 abcijk-ejbc-ikea |        1.068 |          1.071 |            1.093 |         1.113 
 abcijk-ekab-ijec |        1.119 |          1.127 |            1.156 |         1.267 
 abcijk-ekac-ijeb |        1.098 |          1.108 |            1.124 |         1.372 
 abcijk-ekbc-ijea |        1.069 |          1.072 |            1.099 |         1.114 
       abc-bk-akc |        1.103 |          1.102 |            1.109 |         1.094 
             MEAN |        1.153 |          1.154 |            1.172 |         1.272 

wrote /home/shinaoka/projects/tensor4all/tprims-rs/benchmarks/benchmarks/tcbench/results/scaling-layout/baseline/A2-16m-1t.pending.csv
