# threads: requested=4 pool=4 budget=4
host        : shinaoka-EVO-X1Pro
target      : x86_64 / linux
cpu features: avx2 fma avx512f avx512dq 
caches      : L1=48KiB/12-way/2sh L2=1024KiB/16-way/2sh L3=16384KiB/16-way/8sh (via sysfs), blocking=legacy
l3 domains  : t1=1 t4=1 t8=2
baselines   : tblis=true blas=false
tblis       : abi 2.x, 4 thread(s)

running 49 cases at 16 MiB nominal tensor size, 5 reps, stress=none


=== f64 ===
             case |      m |     n |     k | regA | regB | plan GF/s | packed GF/s | upstream GF/s | tblis GF/s 
------------------+--------+-------+-------+------+------+-----------+-------------+---------------+------------
         ij-ik-kj |   1464 |  1448 |  1464 | 0.00 | 0.00 |     144.7 |       129.8 |         127.2 |      174.6 
       ij-ikl-ljk |    144 |   128 | 18432 | 1.00 | 1.00 |     102.2 |       101.3 |          98.4 |       89.4 
       ij-kil-lkj |    144 |   128 | 20736 | 1.00 | 1.00 |      97.5 |       101.9 |          95.2 |       80.1 
       ijk-ikl-lj |  18432 |   128 |   144 | 1.00 | 1.00 |     160.7 |       155.6 |         156.1 |      105.3 
       ijk-il-jlk |    144 | 18432 |   128 | 1.00 | 1.00 |     112.5 |       113.1 |         104.6 |      141.8 
       ijk-ilk-jl |  18432 |   144 |   128 | 1.00 | 1.00 |     163.7 |       169.6 |         162.6 |      120.6 
       ijk-ilk-lj |  18432 |   128 |   144 | 1.00 | 1.00 |     164.6 |       166.2 |         162.7 |      116.3 
     ijk-ilmk-mjl |   1920 |    40 |  1920 | 1.00 | 1.00 |     121.9 |       131.2 |         127.1 |       83.8 
   ijkl-imjn-lnkm |   1920 |  1920 |  1600 | 1.00 | 1.00 |     179.8 |       179.7 |         176.4 |      175.8 
   ijkl-imjn-nlmk |   1920 |  1600 |  1920 | 1.00 | 1.00 |     180.4 |       180.6 |         177.8 |      170.2 
   ijkl-imkn-jnlm |   1920 |  1920 |  1600 | 1.00 | 1.00 |     183.1 |       182.9 |         176.8 |      176.4 
   ijkl-imkn-njml |   1920 |  1600 |  1920 | 1.00 | 1.00 |     182.4 |       182.2 |         175.6 |      171.3 
   ijkl-imln-jnkm |   1920 |  1920 |  1600 | 1.00 | 1.00 |     182.6 |       182.7 |         175.9 |      176.9 
   ijkl-imln-njmk |   1920 |  1600 |  1920 | 1.00 | 1.00 |     182.3 |       182.7 |         177.2 |      173.9 
   ijkl-imnj-nlkm |   1920 |  1600 |  1920 | 1.00 | 1.00 |     179.9 |       180.2 |         177.0 |      173.6 
   ijkl-imnk-njml |   1920 |  1600 |  1920 | 1.00 | 1.00 |     182.5 |       182.5 |         176.4 |      174.9 
   ijkl-minj-nlmk |   1920 |  1600 |  2304 | 1.00 | 1.00 |     176.7 |       176.5 |         174.2 |      169.0 
   ijkl-mink-jnlm |   1920 |  1920 |  1920 | 1.00 | 1.00 |     180.8 |       180.3 |         175.2 |      177.8 
   ijkl-minl-njmk |   1920 |  1600 |  2304 | 1.00 | 1.00 |     179.4 |       179.3 |         177.1 |      171.0 
     aqrs-pa-pqrs |     48 | 64000 |    48 | 0.00 | 0.00 |     116.2 |       110.8 |          99.4 |       61.9 
     abrs-qb-aqrs |     40 | 76800 |    48 | 1.00 | 1.00 |     107.2 |       118.3 |         117.9 |       63.2 
     abcs-rc-abrs |     40 | 76800 |    48 | 1.00 | 1.00 |     101.6 |       111.8 |         113.3 |       56.5 
       abj-bka-kj |  20736 |   128 |   144 | 1.00 | 1.00 |     137.4 |       133.9 |         132.3 |       83.5 
       ajb-kba-jk |  18432 |   144 |   144 | 1.00 | 1.00 |     157.6 |       148.7 |         151.5 |      126.4 
     abjc-cbka-kj |  92160 |    40 |    48 | 1.00 | 1.00 |      27.9 |        28.6 |          27.0 |       40.3 
     ajbc-ckba-jk |  92160 |    48 |    40 | 1.00 | 1.00 |      47.6 |        47.1 |          45.1 |       65.9 
     abjc-kbac-jk |  76800 |    48 |    48 | 1.00 | 1.00 |     102.4 |        98.5 |          92.8 |       53.6 
   abjcd-dkbac-jk | 230400 |    24 |    20 | 1.00 | 1.00 |      31.7 |        31.6 |          29.7 |       30.0 
   adbjc-cbdka-kj | 230400 |    20 |    24 | 1.00 | 1.00 |      16.7 |        16.6 |          16.1 |       17.7 
   ajbdc-ckbad-jk | 230400 |    24 |    20 | 1.00 | 1.00 |      31.4 |        31.4 |          29.6 |       32.1 
 abcijk-ijma-mkbc |   6912 |  1728 |    24 | 1.00 | 1.00 |     120.2 |       130.7 |         121.8 |      109.0 
 abcijk-ijmb-mkac |   3456 |  3456 |    24 | 1.00 | 0.67 |     123.3 |       123.8 |         117.6 |       64.7 
 abcijk-ijmc-mkab |   3456 |  3456 |    24 | 1.00 | 0.67 |     118.5 |       120.9 |         113.3 |       83.8 
 abcijk-ikma-mjbc |   6912 |  1728 |    24 | 1.00 | 1.00 |     131.1 |       130.6 |         121.5 |      109.3 
 abcijk-ikmb-mjac |   3456 |  3456 |    24 | 1.00 | 0.67 |     124.0 |       123.8 |         116.1 |       89.9 
 abcijk-ikmc-mjab |   3456 |  3456 |    24 | 1.00 | 0.67 |     120.5 |       120.5 |         113.5 |       78.6 
 abcijk-jkma-mibc |   6912 |  1728 |    24 | 1.00 | 1.00 |     133.6 |       133.3 |         123.3 |      109.9 
 abcijk-jkmb-miac |   3456 |  3456 |    24 | 1.00 | 0.67 |     123.2 |       123.1 |         115.3 |       47.0 
 abcijk-jkmc-miab |   3456 |  3456 |    24 | 1.00 | 0.67 |     118.1 |       118.3 |         113.7 |       60.8 
 abcijk-eiab-jkec |   3456 |  3456 |    24 | 1.00 | 0.67 |     119.0 |       118.2 |         113.0 |       62.7 
 abcijk-eiac-jkeb |   3456 |  3456 |    24 | 1.00 | 0.67 |     123.0 |       123.6 |         115.8 |       48.3 
 abcijk-eibc-jkea |   1728 |  6912 |    24 | 1.00 | 1.00 |     133.6 |       133.4 |         123.7 |      111.3 
 abcijk-ejab-ikec |   3456 |  3456 |    24 | 1.00 | 0.67 |     118.7 |       119.6 |         112.5 |       80.2 
 abcijk-ejac-ikeb |   3456 |  3456 |    24 | 1.00 | 0.67 |     123.7 |       123.9 |         115.9 |       89.7 
 abcijk-ejbc-ikea |   1728 |  6912 |    24 | 1.00 | 1.00 |     129.8 |       129.4 |         121.6 |      109.7 
 abcijk-ekab-ijec |   3456 |  3456 |    24 | 1.00 | 0.67 |     119.8 |       120.2 |         113.2 |       83.8 
 abcijk-ekac-ijeb |   3456 |  3456 |    24 | 1.00 | 0.67 |     123.6 |       123.9 |         116.1 |       65.3 
 abcijk-ekbc-ijea |   1728 |  6912 |    24 | 1.00 | 1.00 |     130.2 |       131.0 |         122.3 |      109.4 
       abc-bk-akc |    144 | 18432 |   128 | 1.00 | 1.00 |     166.5 |       168.6 |         161.9 |      120.5 

=== c64 ===
             case |      m |     n |     k | regA | regB | plan GF/s | packed GF/s | upstream GF/s | tblis GF/s 
------------------+--------+-------+-------+------+------+-----------+-------------+---------------+------------
         ij-ik-kj |   1464 |  1448 |  1464 | 1.00 | 1.00 |     191.0 |       190.9 |         189.5 |      185.1 
       ij-ikl-ljk |    144 |   128 | 18432 | 1.00 | 1.00 |     119.6 |       120.4 |         115.9 |      117.3 
       ij-kil-lkj |    144 |   128 | 20736 | 1.00 | 1.00 |     116.5 |       115.8 |         111.6 |      109.2 
       ijk-ikl-lj |  18432 |   128 |   144 | 1.00 | 1.00 |     180.5 |       181.4 |         177.7 |      133.5 
       ijk-il-jlk |    144 | 18432 |   128 | 1.00 | 1.00 |     137.7 |       134.4 |         136.6 |      168.9 
       ijk-ilk-jl |  18432 |   144 |   128 | 1.00 | 1.00 |     190.3 |       184.9 |         188.0 |      147.5 
       ijk-ilk-lj |  18432 |   128 |   144 | 1.00 | 1.00 |     184.7 |       184.7 |         181.8 |      144.0 
     ijk-ilmk-mjl |   1920 |    40 |  1920 | 1.00 | 1.00 |     147.7 |       147.3 |         145.5 |      108.3 
   ijkl-imjn-lnkm |   1920 |  1920 |  1600 | 1.00 | 0.90 |     187.5 |       187.5 |         184.6 |      180.0 
   ijkl-imjn-nlmk |   1920 |  1600 |  1920 | 1.00 | 0.90 |     187.9 |       187.9 |         186.6 |      179.9 
   ijkl-imkn-jnlm |   1920 |  1920 |  1600 | 1.00 | 1.00 |     190.1 |       190.1 |         188.0 |      178.4 
   ijkl-imkn-njml |   1920 |  1600 |  1920 | 1.00 | 0.90 |     189.7 |       189.6 |         187.6 |      179.1 
   ijkl-imln-jnkm |   1920 |  1920 |  1600 | 1.00 | 1.00 |     190.6 |       190.6 |         188.4 |      178.2 
   ijkl-imln-njmk |   1920 |  1600 |  1920 | 1.00 | 0.90 |     190.2 |       190.2 |         188.0 |      179.7 
   ijkl-imnj-nlkm |   1920 |  1600 |  1920 | 1.00 | 0.90 |     188.0 |       188.0 |         186.5 |      180.8 
   ijkl-imnk-njml |   1920 |  1600 |  1920 | 1.00 | 0.90 |     189.7 |       189.7 |         187.9 |      180.2 
   ijkl-minj-nlmk |   1920 |  1600 |  2304 | 1.00 | 0.90 |     185.4 |       185.3 |         184.0 |      179.2 
   ijkl-mink-jnlm |   1920 |  1920 |  1920 | 1.00 | 1.00 |     188.4 |       188.5 |         185.6 |      179.9 
   ijkl-minl-njmk |   1920 |  1600 |  2304 | 1.00 | 0.90 |     188.0 |       187.9 |         185.4 |      178.5 
     aqrs-pa-pqrs |     48 | 64000 |    48 | 1.00 | 1.00 |     148.5 |       148.4 |         142.7 |      113.1 
     abrs-qb-aqrs |     40 | 76800 |    48 | 1.00 | 1.00 |     153.9 |       153.6 |         152.8 |      100.7 
     abcs-rc-abrs |     40 | 76800 |    48 | 1.00 | 1.00 |     148.7 |       148.8 |         145.1 |       95.6 
       abj-bka-kj |  20736 |   128 |   144 | 1.00 | 1.00 |     157.0 |       156.3 |         154.2 |      114.9 
       ajb-kba-jk |  18432 |   144 |   144 | 1.00 | 1.00 |     186.2 |       189.7 |         187.4 |      152.8 
     abjc-cbka-kj |  92160 |    40 |    48 | 1.00 | 1.00 |      71.3 |        71.8 |          68.7 |       73.3 
     ajbc-ckba-jk |  92160 |    48 |    40 | 1.00 | 1.00 |      95.7 |        96.2 |          95.1 |      103.4 
     abjc-kbac-jk |  76800 |    48 |    48 | 1.00 | 1.00 |     155.5 |       156.0 |         152.7 |       78.1 
   abjcd-dkbac-jk | 230400 |    24 |    20 | 0.67 | 1.00 |      68.2 |        68.7 |          65.3 |       62.3 
   adbjc-cbdka-kj | 230400 |    20 |    24 | 0.67 | 1.00 |      38.9 |        37.7 |          38.1 |       45.4 
   ajbdc-ckbad-jk | 230400 |    24 |    20 | 1.00 | 1.00 |      58.9 |        59.1 |          55.7 |       68.0 
 abcijk-ijma-mkbc |   6912 |  1728 |    24 | 1.00 | 1.00 |     170.1 |       163.9 |         165.1 |      142.7 
 abcijk-ijmb-mkac |   3456 |  3456 |    24 | 1.00 | 1.00 |     171.6 |       170.1 |         165.8 |      107.7 
 abcijk-ijmc-mkab |   3456 |  3456 |    24 | 1.00 | 1.00 |     168.9 |       168.7 |         165.8 |      139.6 
 abcijk-ikma-mjbc |   6912 |  1728 |    24 | 1.00 | 1.00 |     170.1 |       169.5 |         164.7 |      142.8 
 abcijk-ikmb-mjac |   3456 |  3456 |    24 | 1.00 | 1.00 |     171.5 |       169.9 |         166.5 |      127.8 
 abcijk-ikmc-mjab |   3456 |  3456 |    24 | 1.00 | 1.00 |     168.9 |       168.9 |         165.3 |      124.4 
 abcijk-jkma-mibc |   6912 |  1728 |    24 | 1.00 | 1.00 |     170.7 |       170.9 |         165.7 |      143.4 
 abcijk-jkmb-miac |   3456 |  3456 |    24 | 1.00 | 1.00 |     173.1 |       170.7 |         165.1 |       86.0 
 abcijk-jkmc-miab |   3456 |  3456 |    24 | 1.00 | 1.00 |     167.2 |       167.1 |         163.1 |      100.0 
 abcijk-eiab-jkec |   3456 |  3456 |    24 | 1.00 | 1.00 |     167.9 |       167.3 |         163.8 |      101.6 
 abcijk-eiac-jkeb |   3456 |  3456 |    24 | 1.00 | 1.00 |     170.9 |       170.8 |         169.3 |       83.9 
 abcijk-eibc-jkea |   1728 |  6912 |    24 | 1.00 | 1.00 |     170.7 |       170.8 |         165.5 |      143.0 
 abcijk-ejab-ikec |   3456 |  3456 |    24 | 1.00 | 1.00 |     168.9 |       170.5 |         165.7 |      124.5 
 abcijk-ejac-ikeb |   3456 |  3456 |    24 | 1.00 | 1.00 |     174.0 |       171.5 |         165.6 |      128.1 
 abcijk-ejbc-ikea |   1728 |  6912 |    24 | 1.00 | 1.00 |     172.7 |       169.3 |         164.8 |      142.7 
 abcijk-ekab-ijec |   3456 |  3456 |    24 | 1.00 | 1.00 |     169.0 |       169.0 |         165.1 |      140.4 
 abcijk-ekac-ijeb |   3456 |  3456 |    24 | 1.00 | 1.00 |     171.5 |       170.9 |         166.4 |      107.4 
 abcijk-ekbc-ijea |   1728 |  6912 |    24 | 1.00 | 1.00 |     169.8 |       169.2 |         165.8 |      142.7 
       abc-bk-akc |    144 | 18432 |   128 | 1.00 | 1.00 |     185.8 |       190.2 |         187.8 |      147.1 

=== complex efficiency ratio (c64 GF/s over f64 GF/s; 1.0 = no penalty) ===
             case | plan c64/f64 | packed c64/f64 | upstream c64/f64 | tblis c64/f64 
------------------+--------------+----------------+------------------+---------------
         ij-ik-kj |        1.320 |          1.470 |            1.490 |         1.060 
       ij-ikl-ljk |        1.170 |          1.189 |            1.178 |         1.313 
       ij-kil-lkj |        1.195 |          1.137 |            1.172 |         1.364 
       ijk-ikl-lj |        1.124 |          1.166 |            1.138 |         1.268 
       ijk-il-jlk |        1.224 |          1.188 |            1.306 |         1.192 
       ijk-ilk-jl |        1.162 |          1.090 |            1.156 |         1.222 
       ijk-ilk-lj |        1.122 |          1.111 |            1.118 |         1.238 
     ijk-ilmk-mjl |        1.212 |          1.123 |            1.145 |         1.293 
   ijkl-imjn-lnkm |        1.043 |          1.043 |            1.047 |         1.024 
   ijkl-imjn-nlmk |        1.042 |          1.041 |            1.049 |         1.057 
   ijkl-imkn-jnlm |        1.039 |          1.040 |            1.063 |         1.011 
   ijkl-imkn-njml |        1.040 |          1.041 |            1.068 |         1.046 
   ijkl-imln-jnkm |        1.044 |          1.043 |            1.071 |         1.008 
   ijkl-imln-njmk |        1.043 |          1.041 |            1.061 |         1.033 
   ijkl-imnj-nlkm |        1.045 |          1.043 |            1.054 |         1.041 
   ijkl-imnk-njml |        1.040 |          1.040 |            1.065 |         1.030 
   ijkl-minj-nlmk |        1.049 |          1.050 |            1.056 |         1.060 
   ijkl-mink-jnlm |        1.042 |          1.045 |            1.059 |         1.012 
   ijkl-minl-njmk |        1.047 |          1.048 |            1.047 |         1.044 
     aqrs-pa-pqrs |        1.278 |          1.339 |            1.435 |         1.825 
     abrs-qb-aqrs |        1.436 |          1.299 |            1.296 |         1.593 
     abcs-rc-abrs |        1.464 |          1.332 |            1.281 |         1.694 
       abj-bka-kj |        1.143 |          1.167 |            1.165 |         1.376 
       ajb-kba-jk |        1.182 |          1.276 |            1.237 |         1.210 
     abjc-cbka-kj |        2.556 |          2.506 |            2.545 |         1.816 
     ajbc-ckba-jk |        2.012 |          2.041 |            2.107 |         1.569 
     abjc-kbac-jk |        1.518 |          1.583 |            1.646 |         1.456 
   abjcd-dkbac-jk |        2.149 |          2.174 |            2.195 |         2.073 
   adbjc-cbdka-kj |        2.333 |          2.274 |            2.374 |         2.560 
   ajbdc-ckbad-jk |        1.877 |          1.878 |            1.881 |         2.114 
 abcijk-ijma-mkbc |        1.415 |          1.255 |            1.356 |         1.309 
 abcijk-ijmb-mkac |        1.392 |          1.374 |            1.410 |         1.666 
 abcijk-ijmc-mkab |        1.426 |          1.395 |            1.463 |         1.665 
 abcijk-ikma-mjbc |        1.298 |          1.298 |            1.355 |         1.307 
 abcijk-ikmb-mjac |        1.382 |          1.373 |            1.434 |         1.421 
 abcijk-ikmc-mjab |        1.401 |          1.402 |            1.457 |         1.582 
 abcijk-jkma-mibc |        1.277 |          1.283 |            1.344 |         1.304 
 abcijk-jkmb-miac |        1.406 |          1.386 |            1.431 |         1.831 
 abcijk-jkmc-miab |        1.416 |          1.412 |            1.435 |         1.644 
 abcijk-eiab-jkec |        1.411 |          1.415 |            1.449 |         1.621 
 abcijk-eiac-jkeb |        1.389 |          1.382 |            1.463 |         1.736 
 abcijk-eibc-jkea |        1.277 |          1.281 |            1.338 |         1.286 
 abcijk-ejab-ikec |        1.423 |          1.426 |            1.473 |         1.552 
 abcijk-ejac-ikeb |        1.406 |          1.383 |            1.429 |         1.428 
 abcijk-ejbc-ikea |        1.331 |          1.308 |            1.355 |         1.300 
 abcijk-ekab-ijec |        1.411 |          1.406 |            1.459 |         1.676 
 abcijk-ekac-ijeb |        1.388 |          1.379 |            1.433 |         1.643 
 abcijk-ekbc-ijea |        1.304 |          1.291 |            1.355 |         1.305 
       abc-bk-akc |        1.116 |          1.128 |            1.160 |         1.221 
             MEAN |        1.343 |          1.335 |            1.369 |         1.410 

wrote /home/shinaoka/projects/tensor4all/tprims-rs/benchmarks/benchmarks/tcbench/results/scaling-layout/baseline/A2-16m-4t.pending.csv
