# threads: requested=4 pool=4 budget=4
host        : shinaoka-EVO-X1Pro
target      : x86_64 / linux
cpu features: avx2 fma avx512f avx512dq 
caches      : L1=48KiB/12-way/2sh L2=1024KiB/16-way/2sh L3=16384KiB/16-way/8sh (via sysfs), blocking=legacy
l3 domains  : t1=1 t4=1 t8=2
baselines   : tblis=true blas=false
tblis       : abi 2.x, 4 thread(s)

running 49 cases at 1 MiB nominal tensor size, 5 reps, stress=none


=== f64 ===
             case |     m |    n |    k | regA | regB | plan GF/s | packed GF/s | upstream GF/s | tblis GF/s 
------------------+-------+------+------+------+------+-----------+-------------+---------------+------------
         ij-ik-kj |   384 |  364 |  384 | 0.00 | 0.00 |     146.9 |       134.4 |         119.2 |      104.9 
       ij-ikl-ljk |    72 |   52 | 3744 | 1.00 | 1.00 |      62.5 |        64.0 |          52.6 |       38.2 
       ij-kil-lkj |    72 |   52 | 5184 | 1.00 | 1.00 |      62.0 |        61.8 |          53.0 |       37.9 
       ijk-ikl-lj |  3744 |   52 |   72 | 1.00 | 1.00 |     104.6 |       113.7 |          80.2 |       69.5 
       ijk-il-jlk |    72 | 3744 |   52 | 1.00 | 1.00 |      59.2 |       113.3 |          93.8 |       75.9 
       ijk-ilk-jl |  3744 |   72 |   52 | 1.00 | 1.00 |     120.6 |       121.6 |          88.3 |       78.9 
       ijk-ilk-lj |  3744 |   52 |   72 | 1.00 | 1.00 |     125.8 |       127.8 |          93.0 |       80.0 
     ijk-ilmk-mjl |   480 |   20 |  480 | 1.00 | 1.00 |     111.0 |       110.5 |          66.6 |       49.1 
   ijkl-imjn-lnkm |   480 |  480 |  400 | 1.00 | 0.80 |     181.9 |       186.3 |         170.1 |      152.2 
   ijkl-imjn-nlmk |   480 |  400 |  480 | 1.00 | 0.80 |     191.1 |       192.1 |         177.5 |      150.4 
   ijkl-imkn-jnlm |   480 |  480 |  400 | 1.00 | 1.00 |     186.5 |       193.5 |         172.8 |      152.9 
   ijkl-imkn-njml |   480 |  400 |  480 | 1.00 | 0.80 |     193.6 |       193.6 |         176.9 |      150.7 
   ijkl-imln-jnkm |   480 |  480 |  400 | 1.00 | 1.00 |     186.2 |       193.6 |         174.9 |      153.6 
   ijkl-imln-njmk |   480 |  400 |  480 | 1.00 | 0.80 |     190.3 |       193.0 |         177.8 |      153.2 
   ijkl-imnj-nlkm |   480 |  400 |  480 | 1.00 | 0.80 |     191.0 |       191.9 |         176.7 |      153.3 
   ijkl-imnk-njml |   480 |  400 |  480 | 1.00 | 0.80 |     190.3 |       194.0 |         182.4 |      153.4 
   ijkl-minj-nlmk |   480 |  400 |  576 | 1.00 | 0.80 |     187.5 |       188.0 |         174.2 |      148.5 
   ijkl-mink-jnlm |   480 |  480 |  480 | 1.00 | 1.00 |     192.0 |       192.0 |         177.5 |      147.6 
   ijkl-minl-njmk |   480 |  400 |  576 | 1.00 | 0.80 |     187.3 |       189.6 |         174.2 |      151.0 
     aqrs-pa-pqrs |    24 | 8000 |   24 | 0.00 | 0.00 |      84.9 |        31.6 |          73.2 |       42.9 
     abrs-qb-aqrs |    20 | 9600 |   24 | 1.00 | 1.00 |     105.4 |       107.9 |          70.4 |       40.1 
     abcs-rc-abrs |    20 | 9600 |   24 | 1.00 | 1.00 |     103.9 |       106.0 |          64.8 |       39.9 
       abj-bka-kj |  5184 |   52 |   72 | 1.00 | 1.00 |     129.6 |       131.7 |         105.1 |       84.1 
       ajb-kba-jk |  3744 |   72 |   72 | 1.00 | 1.00 |     154.9 |       167.3 |         131.7 |      113.0 
     abjc-cbka-kj | 11520 |   20 |   24 | 1.00 | 1.00 |      51.7 |        52.6 |          39.3 |       38.9 
     ajbc-ckba-jk | 11520 |   24 |   20 | 1.00 | 1.00 |      78.7 |        80.0 |          54.5 |       43.4 
     abjc-kbac-jk |  9600 |   24 |   24 | 1.00 | 1.00 |     113.7 |       114.1 |          69.9 |       47.2 
   abjcd-dkbac-jk | 82944 |   24 |   12 | 1.00 | 1.00 |      36.9 |        40.8 |          35.1 |       23.4 
   adbjc-cbdka-kj | 82944 |   12 |   24 | 1.00 | 1.00 |       9.3 |         9.8 |           8.4 |       19.0 
   ajbdc-ckbad-jk | 82944 |   24 |   12 | 1.00 | 1.00 |      38.5 |        38.6 |          33.9 |       24.5 
 abcijk-ijma-mkbc |  4608 |  512 |   24 | 1.00 | 1.00 |     126.7 |       133.5 |         118.2 |       98.9 
 abcijk-ijmb-mkac |  1536 | 1536 |   24 | 1.00 | 1.00 |     149.1 |       147.7 |         127.6 |       61.3 
 abcijk-ijmc-mkab |  1536 | 1536 |   24 | 1.00 | 1.00 |     137.9 |       140.7 |         119.4 |       91.7 
 abcijk-ikma-mjbc |  4608 |  512 |   24 | 1.00 | 1.00 |     130.2 |       138.4 |         114.3 |      100.9 
 abcijk-ikmb-mjac |  1536 | 1536 |   24 | 1.00 | 1.00 |     144.7 |       112.1 |         125.1 |       95.8 
 abcijk-ikmc-mjab |  1536 | 1536 |   24 | 1.00 | 1.00 |     120.2 |       140.2 |         118.6 |       80.8 
 abcijk-jkma-mibc |  4608 |  512 |   24 | 1.00 | 1.00 |     130.3 |       135.7 |         124.4 |      111.3 
 abcijk-jkmb-miac |  1536 | 1536 |   24 | 1.00 | 1.00 |     139.8 |       142.8 |         127.0 |       60.9 
 abcijk-jkmc-miab |  1536 | 1536 |   24 | 1.00 | 1.00 |     137.5 |       137.3 |         117.1 |       80.8 
 abcijk-eiab-jkec |  1536 | 1536 |   24 | 1.00 | 1.00 |      88.1 |       142.5 |         124.7 |       80.3 
 abcijk-eiac-jkeb |  1536 | 1536 |   24 | 1.00 | 1.00 |     142.3 |       150.7 |         127.9 |       61.6 
 abcijk-eibc-jkea |   512 | 4608 |   24 | 1.00 | 1.00 |     127.3 |       136.6 |         118.4 |      110.9 
 abcijk-ejab-ikec |  1536 | 1536 |   24 | 1.00 | 1.00 |     138.7 |       138.0 |         122.7 |       79.9 
 abcijk-ejac-ikeb |  1536 | 1536 |   24 | 1.00 | 1.00 |     138.8 |       145.1 |         125.2 |       94.1 
 abcijk-ejbc-ikea |   512 | 4608 |   24 | 1.00 | 1.00 |     133.1 |       129.4 |         114.7 |      100.5 
 abcijk-ekab-ijec |  1536 | 1536 |   24 | 1.00 | 1.00 |     125.6 |       136.9 |         121.2 |      100.0 
 abcijk-ekac-ijeb |  1536 | 1536 |   24 | 1.00 | 1.00 |     148.6 |       141.6 |         127.9 |       61.0 
 abcijk-ekbc-ijea |   512 | 4608 |   24 | 1.00 | 1.00 |     130.4 |       136.0 |         120.4 |      100.1 
       abc-bk-akc |    72 | 3744 |   52 | 1.00 | 1.00 |     166.7 |       170.2 |         124.4 |      109.2 

=== c64 ===
             case |     m |    n |    k | regA | regB | plan GF/s | packed GF/s | upstream GF/s | tblis GF/s 
------------------+-------+------+------+------+------+-----------+-------------+---------------+------------
         ij-ik-kj |   384 |  364 |  384 | 1.00 | 1.00 |     136.5 |       137.5 |         132.2 |      126.3 
       ij-ikl-ljk |    72 |   52 | 3744 | 1.00 | 1.00 |      64.8 |        64.8 |          60.2 |       77.2 
       ij-kil-lkj |    72 |   52 | 5184 | 1.00 | 1.00 |      60.2 |        60.2 |          56.3 |       75.9 
       ijk-ikl-lj |  3744 |   52 |   72 | 1.00 | 1.00 |     121.8 |       122.2 |         114.2 |       91.4 
       ijk-il-jlk |    72 | 3744 |   52 | 1.00 | 1.00 |      71.0 |        70.8 |          67.6 |      106.0 
       ijk-ilk-jl |  3744 |   72 |   52 | 0.89 | 1.00 |     133.4 |       130.9 |         121.2 |      113.7 
       ijk-ilk-lj |  3744 |   52 |   72 | 0.89 | 1.00 |     142.7 |       146.3 |         133.4 |      115.5 
     ijk-ilmk-mjl |   480 |   20 |  480 | 0.67 | 1.00 |     119.6 |       120.2 |         100.9 |      107.1 
   ijkl-imjn-lnkm |   480 |  480 |  400 | 0.67 | 0.80 |     172.8 |       160.8 |         167.5 |      165.8 
   ijkl-imjn-nlmk |   480 |  400 |  480 | 0.67 | 0.81 |     173.6 |       172.9 |         170.0 |      164.9 
   ijkl-imkn-jnlm |   480 |  480 |  400 | 0.67 | 1.00 |     113.8 |       173.0 |         169.2 |      168.0 
   ijkl-imkn-njml |   480 |  400 |  480 | 0.67 | 0.81 |     174.5 |       174.7 |         172.2 |      165.9 
   ijkl-imln-jnkm |   480 |  480 |  400 | 0.67 | 1.00 |     113.8 |       173.2 |         168.8 |      167.0 
   ijkl-imln-njmk |   480 |  400 |  480 | 0.67 | 0.81 |     174.2 |       174.8 |         171.7 |      167.9 
   ijkl-imnj-nlkm |   480 |  400 |  480 | 0.67 | 0.81 |     173.3 |       174.5 |         171.7 |      170.5 
   ijkl-imnk-njml |   480 |  400 |  480 | 0.67 | 0.81 |     173.0 |       174.6 |         171.2 |      170.0 
   ijkl-minj-nlmk |   480 |  400 |  576 | 0.67 | 0.81 |     167.2 |       118.5 |         163.9 |      161.6 
   ijkl-mink-jnlm |   480 |  480 |  480 | 0.67 | 1.00 |     171.9 |       170.4 |         167.9 |      167.2 
   ijkl-minl-njmk |   480 |  400 |  576 | 0.67 | 0.81 |     169.0 |       168.7 |         164.8 |      165.0 
     aqrs-pa-pqrs |    24 | 8000 |   24 | 1.00 | 1.00 |     103.7 |       103.9 |          88.7 |       91.9 
     abrs-qb-aqrs |    20 | 9600 |   24 | 1.00 | 1.00 |     148.6 |       151.4 |         116.1 |       78.5 
     abcs-rc-abrs |    20 | 9600 |   24 | 1.00 | 1.00 |     126.5 |       130.0 |         104.8 |       81.5 
       abj-bka-kj |  5184 |   52 |   72 | 0.89 | 1.00 |     154.9 |       155.7 |         143.2 |       97.6 
       ajb-kba-jk |  3744 |   72 |   72 | 0.89 | 1.00 |     176.0 |       174.2 |         158.0 |      125.4 
     abjc-cbka-kj | 11520 |   20 |   24 | 0.67 | 1.00 |      92.4 |        96.8 |          79.5 |       71.3 
     ajbc-ckba-jk | 11520 |   24 |   20 | 1.00 | 1.00 |     102.0 |       104.1 |          87.2 |       68.7 
     abjc-kbac-jk |  9600 |   24 |   24 | 0.67 | 1.00 |     148.3 |       145.8 |         111.6 |       85.7 
   abjcd-dkbac-jk | 82944 |   24 |   12 | 0.67 | 1.00 |      61.3 |        61.2 |          57.8 |       46.6 
   adbjc-cbdka-kj | 82944 |   12 |   24 | 0.67 | 1.00 |      29.6 |        29.4 |          28.6 |       32.7 
   ajbdc-ckbad-jk | 82944 |   24 |   12 | 1.00 | 1.00 |      60.0 |        61.3 |          55.0 |       48.8 
 abcijk-ijma-mkbc |  4608 |  512 |   24 | 1.00 | 0.97 |     157.5 |       157.1 |         148.5 |      123.8 
 abcijk-ijmb-mkac |  1536 | 1536 |   24 | 1.00 | 0.75 |     170.0 |       169.7 |         160.5 |      109.7 
 abcijk-ijmc-mkab |  1536 | 1536 |   24 | 1.00 | 0.50 |     168.1 |       136.9 |         158.8 |      133.8 
 abcijk-ikma-mjbc |  4608 |  512 |   24 | 1.00 | 0.97 |     155.2 |       157.9 |         147.9 |      124.3 
 abcijk-ikmb-mjac |  1536 | 1536 |   24 | 1.00 | 0.75 |     171.3 |       169.5 |         163.0 |      122.9 
 abcijk-ikmc-mjab |  1536 | 1536 |   24 | 1.00 | 0.50 |     167.2 |       167.9 |         159.9 |      125.1 
 abcijk-jkma-mibc |  4608 |  512 |   24 | 1.00 | 0.97 |     137.4 |       156.8 |         151.5 |      135.8 
 abcijk-jkmb-miac |  1536 | 1536 |   24 | 1.00 | 0.75 |     169.5 |       167.7 |         157.0 |      100.1 
 abcijk-jkmc-miab |  1536 | 1536 |   24 | 1.00 | 0.50 |     166.5 |       165.8 |         156.3 |      125.6 
 abcijk-eiab-jkec |  1536 | 1536 |   24 | 1.00 | 0.50 |     165.1 |       164.6 |         154.0 |      125.2 
 abcijk-eiac-jkeb |  1536 | 1536 |   24 | 1.00 | 0.75 |     170.8 |       167.8 |         160.4 |      101.9 
 abcijk-eibc-jkea |   512 | 4608 |   24 | 1.00 | 0.97 |     158.7 |       157.7 |         149.4 |      135.6 
 abcijk-ejab-ikec |  1536 | 1536 |   24 | 1.00 | 0.50 |     168.0 |       166.2 |         159.3 |      124.7 
 abcijk-ejac-ikeb |  1536 | 1536 |   24 | 1.00 | 0.75 |     168.6 |       166.5 |         159.7 |      123.2 
 abcijk-ejbc-ikea |   512 | 4608 |   24 | 1.00 | 0.97 |     156.0 |       157.2 |         149.0 |      123.5 
 abcijk-ekab-ijec |  1536 | 1536 |   24 | 1.00 | 0.50 |     167.2 |       164.1 |         159.1 |      136.9 
 abcijk-ekac-ijeb |  1536 | 1536 |   24 | 1.00 | 0.75 |     169.2 |       170.2 |         161.6 |      111.5 
 abcijk-ekbc-ijea |   512 | 4608 |   24 | 1.00 | 0.97 |     153.6 |       158.1 |         151.7 |      123.4 
       abc-bk-akc |    72 | 3744 |   52 | 0.89 | 1.00 |     180.8 |       177.8 |         162.9 |      142.8 

=== complex efficiency ratio (c64 GF/s over f64 GF/s; 1.0 = no penalty) ===
             case | plan c64/f64 | packed c64/f64 | upstream c64/f64 | tblis c64/f64 
------------------+--------------+----------------+------------------+---------------
         ij-ik-kj |        0.929 |          1.023 |            1.109 |         1.204 
       ij-ikl-ljk |        1.038 |          1.013 |            1.145 |         2.021 
       ij-kil-lkj |        0.970 |          0.974 |            1.062 |         1.999 
       ijk-ikl-lj |        1.165 |          1.074 |            1.423 |         1.315 
       ijk-il-jlk |        1.198 |          0.625 |            0.720 |         1.396 
       ijk-ilk-jl |        1.106 |          1.076 |            1.372 |         1.441 
       ijk-ilk-lj |        1.134 |          1.145 |            1.436 |         1.442 
     ijk-ilmk-mjl |        1.078 |          1.088 |            1.515 |         2.179 
   ijkl-imjn-lnkm |        0.950 |          0.863 |            0.985 |         1.089 
   ijkl-imjn-nlmk |        0.908 |          0.900 |            0.957 |         1.096 
   ijkl-imkn-jnlm |        0.610 |          0.894 |            0.979 |         1.099 
   ijkl-imkn-njml |        0.901 |          0.903 |            0.974 |         1.101 
   ijkl-imln-jnkm |        0.611 |          0.894 |            0.965 |         1.087 
   ijkl-imln-njmk |        0.915 |          0.906 |            0.965 |         1.096 
   ijkl-imnj-nlkm |        0.907 |          0.909 |            0.972 |         1.112 
   ijkl-imnk-njml |        0.909 |          0.900 |            0.939 |         1.108 
   ijkl-minj-nlmk |        0.892 |          0.630 |            0.941 |         1.088 
   ijkl-mink-jnlm |        0.895 |          0.887 |            0.946 |         1.133 
   ijkl-minl-njmk |        0.902 |          0.890 |            0.946 |         1.093 
     aqrs-pa-pqrs |        1.221 |          3.292 |            1.211 |         2.143 
     abrs-qb-aqrs |        1.410 |          1.403 |            1.649 |         1.958 
     abcs-rc-abrs |        1.218 |          1.227 |            1.618 |         2.042 
       abj-bka-kj |        1.195 |          1.182 |            1.362 |         1.161 
       ajb-kba-jk |        1.136 |          1.042 |            1.200 |         1.110 
     abjc-cbka-kj |        1.788 |          1.841 |            2.023 |         1.834 
     ajbc-ckba-jk |        1.295 |          1.301 |            1.598 |         1.583 
     abjc-kbac-jk |        1.304 |          1.278 |            1.596 |         1.815 
   abjcd-dkbac-jk |        1.663 |          1.503 |            1.649 |         1.989 
   adbjc-cbdka-kj |        3.174 |          3.006 |            3.407 |         1.725 
   ajbdc-ckbad-jk |        1.560 |          1.586 |            1.622 |         1.993 
 abcijk-ijma-mkbc |        1.243 |          1.176 |            1.257 |         1.252 
 abcijk-ijmb-mkac |        1.140 |          1.149 |            1.258 |         1.790 
 abcijk-ijmc-mkab |        1.219 |          0.973 |            1.330 |         1.460 
 abcijk-ikma-mjbc |        1.192 |          1.141 |            1.294 |         1.231 
 abcijk-ikmb-mjac |        1.183 |          1.512 |            1.303 |         1.283 
 abcijk-ikmc-mjab |        1.392 |          1.198 |            1.348 |         1.549 
 abcijk-jkma-mibc |        1.054 |          1.156 |            1.218 |         1.220 
 abcijk-jkmb-miac |        1.212 |          1.174 |            1.236 |         1.643 
 abcijk-jkmc-miab |        1.211 |          1.208 |            1.335 |         1.553 
 abcijk-eiab-jkec |        1.875 |          1.155 |            1.235 |         1.560 
 abcijk-eiac-jkeb |        1.200 |          1.114 |            1.254 |         1.655 
 abcijk-eibc-jkea |        1.246 |          1.154 |            1.261 |         1.223 
 abcijk-ejab-ikec |        1.211 |          1.205 |            1.298 |         1.560 
 abcijk-ejac-ikeb |        1.215 |          1.148 |            1.276 |         1.309 
 abcijk-ejbc-ikea |        1.173 |          1.215 |            1.299 |         1.229 
 abcijk-ekab-ijec |        1.331 |          1.198 |            1.313 |         1.369 
 abcijk-ekac-ijeb |        1.139 |          1.202 |            1.263 |         1.827 
 abcijk-ekbc-ijea |        1.178 |          1.162 |            1.259 |         1.233 
       abc-bk-akc |        1.085 |          1.045 |            1.310 |         1.309 
             MEAN |        1.194 |          1.195 |            1.299 |         1.463 

wrote /home/shinaoka/projects/tensor4all/tprims-rs/benchmarks/benchmarks/tcbench/results/scaling-layout/baseline/A2-1m-4t.pending.csv
