# threads: requested=1 pool=1 budget=1
host        : shinaoka-EVO-X1Pro
target      : x86_64 / linux
cpu features: avx2 fma avx512f avx512dq 
caches      : L1=48KiB/12-way/2sh L2=1024KiB/16-way/2sh L3=16384KiB/16-way/8sh (via sysfs), blocking=legacy
l3 domains  : t1=1
baselines   : tblis=true blas=false
tblis       : abi 2.x, 1 thread(s)

running 49 cases at 1 MiB nominal tensor size, 5 reps, stress=none


=== f64 ===
             case |     m |    n |    k | regA | regB | plan GF/s | packed GF/s | upstream GF/s | tblis GF/s 
------------------+-------+------+------+------+------+-----------+-------------+---------------+------------
         ij-ik-kj |   384 |  364 |  384 | 0.00 | 0.00 |      36.8 |        34.6 |          34.2 |       29.4 
       ij-ikl-ljk |    72 |   52 | 3744 | 1.00 | 1.00 |      38.1 |        38.2 |          37.0 |       21.7 
       ij-kil-lkj |    72 |   52 | 5184 | 1.00 | 1.00 |      35.0 |        35.2 |          33.9 |       21.0 
       ijk-ikl-lj |  3744 |   52 |   72 | 1.00 | 1.00 |      42.7 |        42.8 |          41.5 |       26.0 
       ijk-il-jlk |    72 | 3744 |   52 | 1.00 | 1.00 |      43.3 |        43.6 |          41.4 |       29.3 
       ijk-ilk-jl |  3744 |   72 |   52 | 1.00 | 1.00 |      45.5 |        45.6 |          43.8 |       30.4 
       ijk-ilk-lj |  3744 |   52 |   72 | 1.00 | 1.00 |      42.5 |        42.6 |          41.6 |       26.4 
     ijk-ilmk-mjl |   480 |   20 |  480 | 1.00 | 1.00 |      35.6 |        35.6 |          35.0 |       16.2 
   ijkl-imjn-lnkm |   480 |  480 |  400 | 1.00 | 0.80 |      48.3 |        48.4 |          47.7 |       41.5 
   ijkl-imjn-nlmk |   480 |  400 |  480 | 1.00 | 0.80 |      48.5 |        49.1 |          48.4 |       40.1 
   ijkl-imkn-jnlm |   480 |  480 |  400 | 1.00 | 1.00 |      48.8 |        49.2 |          48.1 |       41.2 
   ijkl-imkn-njml |   480 |  400 |  480 | 1.00 | 0.80 |      49.1 |        49.3 |          48.7 |       40.1 
   ijkl-imln-jnkm |   480 |  480 |  400 | 1.00 | 1.00 |      49.1 |        49.2 |          47.6 |       41.7 
   ijkl-imln-njmk |   480 |  400 |  480 | 1.00 | 0.80 |      49.3 |        49.4 |          48.5 |       41.2 
   ijkl-imnj-nlkm |   480 |  400 |  480 | 1.00 | 0.80 |      49.1 |        49.1 |          48.5 |       41.4 
   ijkl-imnk-njml |   480 |  400 |  480 | 1.00 | 0.80 |      49.5 |        49.5 |          48.9 |       41.8 
   ijkl-minj-nlmk |   480 |  400 |  576 | 1.00 | 0.80 |      47.9 |        47.8 |          47.0 |       40.4 
   ijkl-mink-jnlm |   480 |  480 |  480 | 1.00 | 1.00 |      47.9 |        48.4 |          46.4 |       40.1 
   ijkl-minl-njmk |   480 |  400 |  576 | 1.00 | 0.80 |      48.2 |        48.0 |          47.5 |       40.5 
     aqrs-pa-pqrs |    24 | 8000 |   24 | 0.00 | 0.00 |      48.9 |        32.9 |          30.6 |       13.9 
     abrs-qb-aqrs |    20 | 9600 |   24 | 1.00 | 1.00 |      32.2 |        32.2 |          30.5 |       13.3 
     abcs-rc-abrs |    20 | 9600 |   24 | 1.00 | 1.00 |      31.5 |        31.6 |          29.8 |       13.1 
       abj-bka-kj |  5184 |   52 |   72 | 1.00 | 1.00 |      34.6 |        34.1 |          32.8 |       23.3 
       ajb-kba-jk |  3744 |   72 |   72 | 1.00 | 1.00 |      42.8 |        44.5 |          43.1 |       29.5 
     abjc-cbka-kj | 11520 |   20 |   24 | 1.00 | 1.00 |      20.1 |        20.2 |          16.6 |       12.7 
     ajbc-ckba-jk | 11520 |   24 |   20 | 1.00 | 1.00 |      25.8 |        25.9 |          23.4 |       14.8 
     abjc-kbac-jk |  9600 |   24 |   24 | 1.00 | 1.00 |      34.0 |        34.4 |          32.3 |       16.0 
   abjcd-dkbac-jk | 82944 |   24 |   12 | 1.00 | 1.00 |      14.8 |        15.1 |          14.5 |        8.2 
   adbjc-cbdka-kj | 82944 |   12 |   24 | 1.00 | 1.00 |       5.3 |         5.3 |           5.1 |        6.3 
   ajbdc-ckbad-jk | 82944 |   24 |   12 | 1.00 | 1.00 |      16.1 |        15.5 |          14.2 |        8.8 
 abcijk-ijma-mkbc |  4608 |  512 |   24 | 1.00 | 1.00 |      40.4 |        40.4 |          38.1 |       27.8 
 abcijk-ijmb-mkac |  1536 | 1536 |   24 | 1.00 | 1.00 |      42.3 |        42.6 |          40.7 |       26.6 
 abcijk-ijmc-mkab |  1536 | 1536 |   24 | 1.00 | 1.00 |      41.5 |        41.9 |          39.6 |       32.4 
 abcijk-ikma-mjbc |  4608 |  512 |   24 | 1.00 | 1.00 |      40.0 |        40.8 |          38.2 |       27.8 
 abcijk-ikmb-mjac |  1536 | 1536 |   24 | 1.00 | 1.00 |      42.1 |        42.6 |          40.2 |       27.4 
 abcijk-ikmc-mjab |  1536 | 1536 |   24 | 1.00 | 1.00 |      41.5 |        42.0 |          39.8 |       28.8 
 abcijk-jkma-mibc |  4608 |  512 |   24 | 1.00 | 1.00 |      40.4 |        40.7 |          38.4 |       30.8 
 abcijk-jkmb-miac |  1536 | 1536 |   24 | 1.00 | 1.00 |      42.4 |        42.8 |          40.6 |       21.5 
 abcijk-jkmc-miab |  1536 | 1536 |   24 | 1.00 | 1.00 |      41.9 |        42.1 |          39.8 |       29.1 
 abcijk-eiab-jkec |  1536 | 1536 |   24 | 1.00 | 1.00 |      41.6 |        42.0 |          39.5 |       29.6 
 abcijk-eiac-jkeb |  1536 | 1536 |   24 | 1.00 | 1.00 |      42.1 |        42.3 |          40.5 |       21.5 
 abcijk-eibc-jkea |   512 | 4608 |   24 | 1.00 | 1.00 |      40.6 |        40.4 |          38.5 |       30.7 
 abcijk-ejab-ikec |  1536 | 1536 |   24 | 1.00 | 1.00 |      41.7 |        42.2 |          40.0 |       28.8 
 abcijk-ejac-ikeb |  1536 | 1536 |   24 | 1.00 | 1.00 |      42.3 |        42.3 |          40.5 |       27.9 
 abcijk-ejbc-ikea |   512 | 4608 |   24 | 1.00 | 1.00 |      40.3 |        40.6 |          38.2 |       27.6 
 abcijk-ekab-ijec |  1536 | 1536 |   24 | 1.00 | 1.00 |      41.2 |        41.5 |          39.4 |       32.4 
 abcijk-ekac-ijeb |  1536 | 1536 |   24 | 1.00 | 1.00 |      41.0 |        41.9 |          40.3 |       26.0 
 abcijk-ekbc-ijea |   512 | 4608 |   24 | 1.00 | 1.00 |      40.0 |        40.3 |          38.4 |       27.7 
       abc-bk-akc |    72 | 3744 |   52 | 1.00 | 1.00 |      45.4 |        45.4 |          44.5 |       30.6 

=== c64 ===
             case |     m |    n |    k | regA | regB | plan GF/s | packed GF/s | upstream GF/s | tblis GF/s 
------------------+-------+------+------+------+------+-----------+-------------+---------------+------------
         ij-ik-kj |   384 |  364 |  384 | 1.00 | 1.00 |      34.9 |        34.9 |          34.4 |       41.3 
       ij-ikl-ljk |    72 |   52 | 3744 | 1.00 | 1.00 |      37.4 |        37.4 |          36.3 |       30.3 
       ij-kil-lkj |    72 |   52 | 5184 | 1.00 | 1.00 |      32.6 |        32.7 |          31.9 |       28.7 
       ijk-ikl-lj |  3744 |   52 |   72 | 1.00 | 1.00 |      44.0 |        43.9 |          43.9 |       28.7 
       ijk-il-jlk |    72 | 3744 |   52 | 1.00 | 1.00 |      40.2 |        39.6 |          38.5 |       37.5 
       ijk-ilk-jl |  3744 |   72 |   52 | 0.89 | 1.00 |      46.4 |        46.0 |          45.4 |       34.9 
       ijk-ilk-lj |  3744 |   52 |   72 | 0.89 | 1.00 |      44.3 |        44.0 |          43.3 |       30.4 
     ijk-ilmk-mjl |   480 |   20 |  480 | 0.67 | 1.00 |      37.1 |        37.1 |          36.6 |       26.8 
   ijkl-imjn-lnkm |   480 |  480 |  400 | 0.67 | 0.80 |      47.8 |        47.7 |          47.3 |       44.5 
   ijkl-imjn-nlmk |   480 |  400 |  480 | 0.67 | 0.81 |      48.0 |        48.0 |          47.6 |       43.0 
   ijkl-imkn-jnlm |   480 |  480 |  400 | 0.67 | 1.00 |      47.8 |        47.8 |          46.7 |       44.1 
   ijkl-imkn-njml |   480 |  400 |  480 | 0.67 | 0.81 |      47.8 |        47.8 |          47.3 |       43.5 
   ijkl-imln-jnkm |   480 |  480 |  400 | 0.67 | 1.00 |      47.9 |        48.0 |          47.0 |       44.2 
   ijkl-imln-njmk |   480 |  400 |  480 | 0.67 | 0.81 |      47.9 |        47.9 |          47.4 |       43.4 
   ijkl-imnj-nlkm |   480 |  400 |  480 | 0.67 | 0.81 |      48.0 |        48.0 |          47.6 |       43.9 
   ijkl-imnk-njml |   480 |  400 |  480 | 0.67 | 0.81 |      47.7 |        47.8 |          47.3 |       43.7 
   ijkl-minj-nlmk |   480 |  400 |  576 | 0.67 | 0.81 |      46.3 |        46.3 |          45.8 |       43.1 
   ijkl-mink-jnlm |   480 |  480 |  480 | 0.67 | 1.00 |      47.3 |        47.3 |          46.5 |       44.0 
   ijkl-minl-njmk |   480 |  400 |  576 | 0.67 | 0.81 |      46.5 |        46.4 |          45.7 |       43.8 
     aqrs-pa-pqrs |    24 | 8000 |   24 | 1.00 | 1.00 |      30.1 |        29.2 |          28.2 |       25.2 
     abrs-qb-aqrs |    20 | 9600 |   24 | 1.00 | 1.00 |      39.1 |        39.1 |          37.9 |       22.5 
     abcs-rc-abrs |    20 | 9600 |   24 | 1.00 | 1.00 |      34.3 |        34.3 |          32.9 |       23.4 
       abj-bka-kj |  5184 |   52 |   72 | 0.89 | 1.00 |      41.2 |        41.0 |          40.1 |       28.2 
       ajb-kba-jk |  3744 |   72 |   72 | 0.89 | 1.00 |      44.4 |        43.7 |          42.2 |       32.0 
     abjc-cbka-kj | 11520 |   20 |   24 | 0.67 | 1.00 |      24.0 |        24.1 |          23.6 |       23.1 
     ajbc-ckba-jk | 11520 |   24 |   20 | 1.00 | 1.00 |      30.5 |        29.9 |          27.6 |       22.0 
     abjc-kbac-jk |  9600 |   24 |   24 | 0.67 | 1.00 |      37.3 |        36.8 |          35.8 |       24.4 
   abjcd-dkbac-jk | 82944 |   24 |   12 | 0.67 | 1.00 |      22.1 |        22.3 |          20.6 |       15.5 
   adbjc-cbdka-kj | 82944 |   12 |   24 | 0.67 | 1.00 |      10.3 |        10.3 |          10.0 |       13.7 
   ajbdc-ckbad-jk | 82944 |   24 |   12 | 1.00 | 1.00 |      26.1 |        26.3 |          23.7 |       15.5 
 abcijk-ijma-mkbc |  4608 |  512 |   24 | 1.00 | 0.97 |      42.7 |        42.7 |          41.0 |       32.6 
 abcijk-ijmb-mkac |  1536 | 1536 |   24 | 1.00 | 0.75 |      44.9 |        44.7 |          42.7 |       32.9 
 abcijk-ijmc-mkab |  1536 | 1536 |   24 | 1.00 | 0.50 |      44.9 |        44.9 |          42.4 |       37.8 
 abcijk-ikma-mjbc |  4608 |  512 |   24 | 1.00 | 0.97 |      42.4 |        42.5 |          41.4 |       32.7 
 abcijk-ikmb-mjac |  1536 | 1536 |   24 | 1.00 | 0.75 |      44.9 |        44.7 |          42.7 |       34.2 
 abcijk-ikmc-mjab |  1536 | 1536 |   24 | 1.00 | 0.50 |      45.0 |        45.0 |          42.4 |       34.9 
 abcijk-jkma-mibc |  4608 |  512 |   24 | 1.00 | 0.97 |      42.3 |        42.3 |          40.9 |       35.5 
 abcijk-jkmb-miac |  1536 | 1536 |   24 | 1.00 | 0.75 |      45.1 |        45.0 |          43.3 |       30.4 
 abcijk-jkmc-miab |  1536 | 1536 |   24 | 1.00 | 0.50 |      45.0 |        45.0 |          42.4 |       36.4 
 abcijk-eiab-jkec |  1536 | 1536 |   24 | 1.00 | 0.50 |      44.9 |        45.0 |          42.6 |       36.9 
 abcijk-eiac-jkeb |  1536 | 1536 |   24 | 1.00 | 0.75 |      45.0 |        45.3 |          43.3 |       29.9 
 abcijk-eibc-jkea |   512 | 4608 |   24 | 1.00 | 0.97 |      42.4 |        42.3 |          40.8 |       35.4 
 abcijk-ejab-ikec |  1536 | 1536 |   24 | 1.00 | 0.50 |      45.0 |        45.0 |          42.4 |       35.0 
 abcijk-ejac-ikeb |  1536 | 1536 |   24 | 1.00 | 0.75 |      45.1 |        45.3 |          43.6 |       33.8 
 abcijk-ejbc-ikea |   512 | 4608 |   24 | 1.00 | 0.97 |      42.5 |        42.5 |          41.2 |       32.5 
 abcijk-ekab-ijec |  1536 | 1536 |   24 | 1.00 | 0.50 |      44.9 |        45.0 |          42.5 |       37.7 
 abcijk-ekac-ijeb |  1536 | 1536 |   24 | 1.00 | 0.75 |      45.0 |        45.2 |          43.2 |       32.9 
 abcijk-ekbc-ijea |   512 | 4608 |   24 | 1.00 | 0.97 |      42.7 |        42.6 |          41.0 |       32.8 
       abc-bk-akc |    72 | 3744 |   52 | 0.89 | 1.00 |      46.6 |        45.9 |          45.8 |       34.5 

=== complex efficiency ratio (c64 GF/s over f64 GF/s; 1.0 = no penalty) ===
             case | plan c64/f64 | packed c64/f64 | upstream c64/f64 | tblis c64/f64 
------------------+--------------+----------------+------------------+---------------
         ij-ik-kj |        0.947 |          1.008 |            1.007 |         1.407 
       ij-ikl-ljk |        0.983 |          0.980 |            0.980 |         1.398 
       ij-kil-lkj |        0.931 |          0.929 |            0.941 |         1.363 
       ijk-ikl-lj |        1.031 |          1.025 |            1.057 |         1.106 
       ijk-il-jlk |        0.928 |          0.910 |            0.929 |         1.281 
       ijk-ilk-jl |        1.020 |          1.010 |            1.036 |         1.148 
       ijk-ilk-lj |        1.041 |          1.034 |            1.041 |         1.151 
     ijk-ilmk-mjl |        1.042 |          1.041 |            1.045 |         1.655 
   ijkl-imjn-lnkm |        0.989 |          0.986 |            0.992 |         1.072 
   ijkl-imjn-nlmk |        0.989 |          0.978 |            0.984 |         1.072 
   ijkl-imkn-jnlm |        0.979 |          0.970 |            0.971 |         1.071 
   ijkl-imkn-njml |        0.973 |          0.970 |            0.971 |         1.086 
   ijkl-imln-jnkm |        0.976 |          0.976 |            0.988 |         1.060 
   ijkl-imln-njmk |        0.972 |          0.970 |            0.978 |         1.055 
   ijkl-imnj-nlkm |        0.978 |          0.978 |            0.982 |         1.060 
   ijkl-imnk-njml |        0.965 |          0.966 |            0.969 |         1.045 
   ijkl-minj-nlmk |        0.966 |          0.968 |            0.975 |         1.068 
   ijkl-mink-jnlm |        0.986 |          0.977 |            1.004 |         1.098 
   ijkl-minl-njmk |        0.964 |          0.968 |            0.961 |         1.082 
     aqrs-pa-pqrs |        0.615 |          0.888 |            0.923 |         1.809 
     abrs-qb-aqrs |        1.216 |          1.216 |            1.243 |         1.688 
     abcs-rc-abrs |        1.089 |          1.084 |            1.104 |         1.777 
       abj-bka-kj |        1.190 |          1.201 |            1.223 |         1.208 
       ajb-kba-jk |        1.039 |          0.982 |            0.979 |         1.083 
     abjc-cbka-kj |        1.195 |          1.196 |            1.420 |         1.809 
     ajbc-ckba-jk |        1.182 |          1.154 |            1.179 |         1.492 
     abjc-kbac-jk |        1.097 |          1.070 |            1.108 |         1.524 
   abjcd-dkbac-jk |        1.498 |          1.472 |            1.417 |         1.878 
   adbjc-cbdka-kj |        1.932 |          1.955 |            1.982 |         2.182 
   ajbdc-ckbad-jk |        1.619 |          1.693 |            1.674 |         1.773 
 abcijk-ijma-mkbc |        1.056 |          1.058 |            1.076 |         1.171 
 abcijk-ijmb-mkac |        1.060 |          1.049 |            1.050 |         1.239 
 abcijk-ijmc-mkab |        1.082 |          1.072 |            1.072 |         1.168 
 abcijk-ikma-mjbc |        1.060 |          1.043 |            1.085 |         1.177 
 abcijk-ikmb-mjac |        1.064 |          1.051 |            1.061 |         1.250 
 abcijk-ikmc-mjab |        1.085 |          1.071 |            1.065 |         1.213 
 abcijk-jkma-mibc |        1.048 |          1.040 |            1.064 |         1.153 
 abcijk-jkmb-miac |        1.065 |          1.052 |            1.067 |         1.410 
 abcijk-jkmc-miab |        1.074 |          1.070 |            1.067 |         1.251 
 abcijk-eiab-jkec |        1.081 |          1.069 |            1.078 |         1.245 
 abcijk-eiac-jkeb |        1.069 |          1.071 |            1.071 |         1.391 
 abcijk-eibc-jkea |        1.042 |          1.047 |            1.059 |         1.153 
 abcijk-ejab-ikec |        1.080 |          1.066 |            1.058 |         1.216 
 abcijk-ejac-ikeb |        1.067 |          1.070 |            1.077 |         1.213 
 abcijk-ejbc-ikea |        1.055 |          1.047 |            1.079 |         1.177 
 abcijk-ekab-ijec |        1.089 |          1.083 |            1.079 |         1.163 
 abcijk-ekac-ijeb |        1.098 |          1.080 |            1.071 |         1.263 
 abcijk-ekbc-ijea |        1.067 |          1.057 |            1.068 |         1.185 
       abc-bk-akc |        1.026 |          1.012 |            1.028 |         1.128 
             MEAN |        1.073 |          1.075 |            1.089 |         1.299 

wrote /home/shinaoka/projects/tensor4all/tprims-rs/benchmarks/benchmarks/tcbench/results/scaling-layout/baseline/A2-1m-1t.pending.csv
