# threads: requested=8 pool=8 budget=8
host        : shinaoka-EVO-X1Pro
target      : x86_64 / linux
cpu features: avx2 fma avx512f avx512dq 
caches      : L1=48KiB/12-way/2sh L2=1024KiB/16-way/2sh L3=16384KiB/16-way/8sh (via sysfs), blocking=legacy
l3 domains  : t1=1 t4=1 t8=2 t16=4
baselines   : tblis=true blas=false
tblis       : abi 2.x, 8 thread(s)

running 49 cases at 16 MiB nominal tensor size, 5 reps, stress=none


=== f64 ===
             case |      m |     n |     k | regA | regB | plan GF/s | packed GF/s | upstream GF/s | tblis GF/s 
------------------+--------+-------+-------+------+------+-----------+-------------+---------------+------------
         ij-ik-kj |   1464 |  1448 |  1464 | 0.00 | 0.00 |     283.1 |       254.2 |         247.0 |      320.8 
       ij-ikl-ljk |    144 |   128 | 18432 | 1.00 | 1.00 |     194.2 |       213.4 |         194.9 |      134.0 
       ij-kil-lkj |    144 |   128 | 20736 | 1.00 | 1.00 |     181.0 |       181.3 |         168.1 |      119.2 
       ijk-ikl-lj |  18432 |   128 |   144 | 1.00 | 1.00 |     276.9 |       283.4 |         272.0 |      163.0 
       ijk-il-jlk |    144 | 18432 |   128 | 1.00 | 1.00 |     267.8 |       266.6 |         239.5 |      262.3 
       ijk-ilk-jl |  18432 |   144 |   128 | 1.00 | 1.00 |     310.3 |       308.8 |         294.8 |      197.7 
       ijk-ilk-lj |  18432 |   128 |   144 | 1.00 | 1.00 |     304.5 |       304.7 |         292.8 |      185.8 
     ijk-ilmk-mjl |   1920 |    40 |  1920 | 1.00 | 1.00 |     180.9 |       224.1 |         185.2 |      145.8 
   ijkl-imjn-lnkm |   1920 |  1920 |  1600 | 1.00 | 1.00 |     329.1 |       329.5 |         320.3 |      325.2 
   ijkl-imjn-nlmk |   1920 |  1600 |  1920 | 1.00 | 1.00 |     327.2 |       327.3 |         320.0 |      324.2 
   ijkl-imkn-jnlm |   1920 |  1920 |  1600 | 1.00 | 1.00 |     348.0 |       350.6 |         343.8 |      317.0 
   ijkl-imkn-njml |   1920 |  1600 |  1920 | 1.00 | 1.00 |     339.9 |       339.6 |         337.5 |      321.6 
   ijkl-imln-jnkm |   1920 |  1920 |  1600 | 1.00 | 1.00 |     353.7 |       353.3 |         343.9 |      318.1 
   ijkl-imln-njmk |   1920 |  1600 |  1920 | 1.00 | 1.00 |     340.8 |       340.4 |         339.2 |      322.9 
   ijkl-imnj-nlkm |   1920 |  1600 |  1920 | 1.00 | 1.00 |     325.4 |       326.3 |         319.2 |      329.1 
   ijkl-imnk-njml |   1920 |  1600 |  1920 | 1.00 | 1.00 |     340.6 |       340.1 |         335.0 |      326.6 
   ijkl-minj-nlmk |   1920 |  1600 |  2304 | 1.00 | 1.00 |     323.9 |       324.1 |         317.0 |      314.1 
   ijkl-mink-jnlm |   1920 |  1920 |  1920 | 1.00 | 1.00 |     346.1 |       348.2 |         340.3 |      323.5 
   ijkl-minl-njmk |   1920 |  1600 |  2304 | 1.00 | 1.00 |     349.0 |       349.2 |         344.4 |      316.0 
     aqrs-pa-pqrs |     48 | 64000 |    48 | 0.00 | 0.00 |     185.3 |       173.9 |         155.3 |      105.7 
     abrs-qb-aqrs |     40 | 76800 |    48 | 1.00 | 1.00 |     189.0 |       188.6 |         182.2 |       95.0 
     abcs-rc-abrs |     40 | 76800 |    48 | 1.00 | 1.00 |     133.0 |       139.7 |         143.3 |       69.3 
       abj-bka-kj |  20736 |   128 |   144 | 1.00 | 1.00 |     176.0 |       174.1 |         169.9 |      115.0 
       ajb-kba-jk |  18432 |   144 |   144 | 1.00 | 1.00 |     277.8 |       273.3 |         261.9 |      198.3 
     abjc-cbka-kj |  92160 |    40 |    48 | 1.00 | 1.00 |      41.4 |        40.5 |          40.3 |       59.2 
     ajbc-ckba-jk |  92160 |    48 |    40 | 1.00 | 1.00 |      69.4 |        69.6 |          66.0 |       88.7 
     abjc-kbac-jk |  76800 |    48 |    48 | 1.00 | 1.00 |     144.6 |       143.8 |         137.4 |       72.3 
   abjcd-dkbac-jk | 230400 |    24 |    20 | 1.00 | 1.00 |      49.6 |        49.5 |          45.5 |       43.0 
   adbjc-cbdka-kj | 230400 |    20 |    24 | 1.00 | 1.00 |      27.7 |        27.2 |          26.3 |       23.3 
   ajbdc-ckbad-jk | 230400 |    24 |    20 | 1.00 | 1.00 |      49.7 |        49.7 |          46.0 |       46.6 
 abcijk-ijma-mkbc |   6912 |  1728 |    24 | 1.00 | 1.00 |     156.1 |       156.8 |         153.7 |      147.7 
 abcijk-ijmb-mkac |   3456 |  3456 |    24 | 1.00 | 0.67 |     159.6 |       159.0 |         153.2 |       83.2 
 abcijk-ijmc-mkab |   3456 |  3456 |    24 | 1.00 | 0.67 |     156.7 |       157.5 |         152.1 |      106.7 
 abcijk-ikma-mjbc |   6912 |  1728 |    24 | 1.00 | 1.00 |     157.7 |       156.2 |         152.9 |      147.5 
 abcijk-ikmb-mjac |   3456 |  3456 |    24 | 1.00 | 0.67 |     161.0 |       159.9 |         152.4 |      120.8 
 abcijk-ikmc-mjab |   3456 |  3456 |    24 | 1.00 | 0.67 |     155.8 |       155.7 |         152.4 |      104.6 
 abcijk-jkma-mibc |   6912 |  1728 |    24 | 1.00 | 1.00 |     155.1 |       155.3 |         151.5 |      148.5 
 abcijk-jkmb-miac |   3456 |  3456 |    24 | 1.00 | 0.67 |     159.2 |       158.2 |         150.7 |       77.3 
 abcijk-jkmc-miab |   3456 |  3456 |    24 | 1.00 | 0.67 |     157.3 |       156.5 |         153.7 |       86.4 
 abcijk-eiab-jkec |   3456 |  3456 |    24 | 1.00 | 0.67 |     157.3 |       156.0 |         152.2 |       86.4 
 abcijk-eiac-jkeb |   3456 |  3456 |    24 | 1.00 | 0.67 |     160.3 |       161.1 |         151.7 |       77.5 
 abcijk-eibc-jkea |   1728 |  6912 |    24 | 1.00 | 1.00 |     155.6 |       154.8 |         151.9 |      149.8 
 abcijk-ejab-ikec |   3456 |  3456 |    24 | 1.00 | 0.67 |     158.1 |       157.1 |         151.7 |      103.4 
 abcijk-ejac-ikeb |   3456 |  3456 |    24 | 1.00 | 0.67 |     161.6 |       158.9 |         151.8 |      120.0 
 abcijk-ejbc-ikea |   1728 |  6912 |    24 | 1.00 | 1.00 |     156.4 |       156.3 |         153.1 |      147.2 
 abcijk-ekab-ijec |   3456 |  3456 |    24 | 1.00 | 0.67 |     157.8 |       156.3 |         152.2 |      106.0 
 abcijk-ekac-ijeb |   3456 |  3456 |    24 | 1.00 | 0.67 |     161.3 |       160.1 |         150.0 |       82.7 
 abcijk-ekbc-ijea |   1728 |  6912 |    24 | 1.00 | 1.00 |     156.0 |       156.2 |         154.1 |      146.5 
       abc-bk-akc |    144 | 18432 |   128 | 1.00 | 1.00 |     286.4 |       302.0 |         290.4 |      194.2 

=== c64 ===
             case |      m |     n |     k | regA | regB | plan GF/s | packed GF/s | upstream GF/s | tblis GF/s 
------------------+--------+-------+-------+------+------+-----------+-------------+---------------+------------
         ij-ik-kj |   1464 |  1448 |  1464 | 1.00 | 1.00 |     349.7 |       350.4 |         337.5 |      358.8 
       ij-ikl-ljk |    144 |   128 | 18432 | 1.00 | 1.00 |     168.4 |       168.2 |         161.6 |      192.7 
       ij-kil-lkj |    144 |   128 | 20736 | 1.00 | 1.00 |     164.7 |       165.7 |         156.8 |      173.6 
       ijk-ikl-lj |  18432 |   128 |   144 | 1.00 | 1.00 |     351.1 |       357.0 |         348.0 |      229.5 
       ijk-il-jlk |    144 | 18432 |   128 | 1.00 | 1.00 |     201.4 |       201.4 |         198.9 |      329.2 
       ijk-ilk-jl |  18432 |   144 |   128 | 1.00 | 1.00 |     371.0 |       357.9 |         363.9 |      254.8 
       ijk-ilk-lj |  18432 |   128 |   144 | 1.00 | 1.00 |     360.4 |       351.7 |         343.9 |      249.8 
     ijk-ilmk-mjl |   1920 |    40 |  1920 | 1.00 | 1.00 |     250.7 |       274.6 |         260.0 |      188.4 
   ijkl-imjn-lnkm |   1920 |  1920 |  1600 | 1.00 | 0.90 |     347.2 |       347.4 |         335.6 |      351.2 
   ijkl-imjn-nlmk |   1920 |  1600 |  1920 | 1.00 | 0.90 |     351.5 |       351.6 |         345.9 |      349.5 
   ijkl-imkn-jnlm |   1920 |  1920 |  1600 | 1.00 | 1.00 |     362.8 |       362.6 |         353.8 |      346.2 
   ijkl-imkn-njml |   1920 |  1600 |  1920 | 1.00 | 0.90 |     358.8 |       358.7 |         349.6 |      347.3 
   ijkl-imln-jnkm |   1920 |  1920 |  1600 | 1.00 | 1.00 |     364.6 |       364.8 |         356.2 |      345.1 
   ijkl-imln-njmk |   1920 |  1600 |  1920 | 1.00 | 0.90 |     360.4 |       360.4 |         350.7 |      348.7 
   ijkl-imnj-nlkm |   1920 |  1600 |  1920 | 1.00 | 0.90 |     354.4 |       353.5 |         347.5 |      351.2 
   ijkl-imnk-njml |   1920 |  1600 |  1920 | 1.00 | 0.90 |     360.6 |       360.8 |         351.9 |      351.6 
   ijkl-minj-nlmk |   1920 |  1600 |  2304 | 1.00 | 0.90 |     355.0 |       355.1 |         350.5 |      347.8 
   ijkl-mink-jnlm |   1920 |  1920 |  1920 | 1.00 | 1.00 |     365.1 |       365.2 |         357.5 |      347.4 
   ijkl-minl-njmk |   1920 |  1600 |  2304 | 1.00 | 0.90 |     361.0 |       361.3 |         353.5 |      348.3 
     aqrs-pa-pqrs |     48 | 64000 |    48 | 1.00 | 1.00 |     270.3 |       267.9 |         258.0 |      200.8 
     abrs-qb-aqrs |     40 | 76800 |    48 | 1.00 | 1.00 |     296.6 |       292.2 |         284.6 |      137.5 
     abcs-rc-abrs |     40 | 76800 |    48 | 1.00 | 1.00 |     277.8 |       255.3 |         256.6 |      125.6 
       abj-bka-kj |  20736 |   128 |   144 | 1.00 | 1.00 |     280.4 |       282.3 |         275.4 |      193.9 
       ajb-kba-jk |  18432 |   144 |   144 | 1.00 | 1.00 |     366.9 |       365.7 |         351.7 |      270.9 
     abjc-cbka-kj |  92160 |    40 |    48 | 1.00 | 1.00 |     121.2 |       117.5 |         113.2 |      110.1 
     ajbc-ckba-jk |  92160 |    48 |    40 | 1.00 | 1.00 |      35.1 |        35.0 |          33.7 |      142.2 
     abjc-kbac-jk |  76800 |    48 |    48 | 1.00 | 1.00 |     205.4 |       205.7 |         200.8 |      133.4 
   abjcd-dkbac-jk | 230400 |    24 |    20 | 0.67 | 1.00 |      99.8 |       100.3 |          97.2 |       83.2 
   adbjc-cbdka-kj | 230400 |    20 |    24 | 0.67 | 1.00 |      66.5 |        67.6 |          65.3 |       61.7 
   ajbdc-ckbad-jk | 230400 |    24 |    20 | 1.00 | 1.00 |      30.1 |        29.7 |          30.4 |       91.4 
 abcijk-ijma-mkbc |   6912 |  1728 |    24 | 1.00 | 1.00 |     223.0 |       224.6 |         218.3 |      232.9 
 abcijk-ijmb-mkac |   3456 |  3456 |    24 | 1.00 | 1.00 |     267.8 |       270.3 |         273.1 |      170.1 
 abcijk-ijmc-mkab |   3456 |  3456 |    24 | 1.00 | 1.00 |     259.2 |       261.8 |         255.2 |      220.7 
 abcijk-ikma-mjbc |   6912 |  1728 |    24 | 1.00 | 1.00 |     219.3 |       219.5 |         214.9 |      231.6 
 abcijk-ikmb-mjac |   3456 |  3456 |    24 | 1.00 | 1.00 |     267.1 |       269.7 |         267.2 |      204.8 
 abcijk-ikmc-mjab |   3456 |  3456 |    24 | 1.00 | 1.00 |     260.2 |       262.6 |         254.3 |      196.8 
 abcijk-jkma-mibc |   6912 |  1728 |    24 | 1.00 | 1.00 |     224.9 |       224.4 |         221.2 |      232.9 
 abcijk-jkmb-miac |   3456 |  3456 |    24 | 1.00 | 1.00 |     285.4 |       286.2 |         280.5 |      135.8 
 abcijk-jkmc-miab |   3456 |  3456 |    24 | 1.00 | 1.00 |     259.0 |       259.1 |         256.7 |      158.3 
 abcijk-eiab-jkec |   3456 |  3456 |    24 | 1.00 | 1.00 |     258.0 |       258.0 |         253.3 |      159.4 
 abcijk-eiac-jkeb |   3456 |  3456 |    24 | 1.00 | 1.00 |     283.2 |       287.0 |         277.8 |      136.4 
 abcijk-eibc-jkea |   1728 |  6912 |    24 | 1.00 | 1.00 |     225.5 |       224.3 |         222.8 |      232.7 
 abcijk-ejab-ikec |   3456 |  3456 |    24 | 1.00 | 1.00 |     257.6 |       258.4 |         252.1 |      196.0 
 abcijk-ejac-ikeb |   3456 |  3456 |    24 | 1.00 | 1.00 |     267.9 |       262.0 |         268.9 |      205.8 
 abcijk-ejbc-ikea |   1728 |  6912 |    24 | 1.00 | 1.00 |     218.9 |       219.5 |         215.6 |      231.5 
 abcijk-ekab-ijec |   3456 |  3456 |    24 | 1.00 | 1.00 |     259.9 |       256.4 |         251.5 |      219.4 
 abcijk-ekac-ijeb |   3456 |  3456 |    24 | 1.00 | 1.00 |     269.2 |       250.8 |         268.5 |      171.6 
 abcijk-ekbc-ijea |   1728 |  6912 |    24 | 1.00 | 1.00 |     224.3 |       223.5 |         218.8 |      231.5 
       abc-bk-akc |    144 | 18432 |   128 | 1.00 | 1.00 |     371.7 |       370.1 |         366.3 |      255.4 

=== complex efficiency ratio (c64 GF/s over f64 GF/s; 1.0 = no penalty) ===
             case | plan c64/f64 | packed c64/f64 | upstream c64/f64 | tblis c64/f64 
------------------+--------------+----------------+------------------+---------------
         ij-ik-kj |        1.235 |          1.378 |            1.367 |         1.118 
       ij-ikl-ljk |        0.867 |          0.788 |            0.829 |         1.438 
       ij-kil-lkj |        0.910 |          0.914 |            0.933 |         1.457 
       ijk-ikl-lj |        1.268 |          1.260 |            1.279 |         1.408 
       ijk-il-jlk |        0.752 |          0.755 |            0.831 |         1.255 
       ijk-ilk-jl |        1.196 |          1.159 |            1.234 |         1.289 
       ijk-ilk-lj |        1.184 |          1.154 |            1.175 |         1.344 
     ijk-ilmk-mjl |        1.386 |          1.226 |            1.404 |         1.292 
   ijkl-imjn-lnkm |        1.055 |          1.054 |            1.048 |         1.080 
   ijkl-imjn-nlmk |        1.074 |          1.074 |            1.081 |         1.078 
   ijkl-imkn-jnlm |        1.043 |          1.034 |            1.029 |         1.092 
   ijkl-imkn-njml |        1.056 |          1.056 |            1.036 |         1.080 
   ijkl-imln-jnkm |        1.031 |          1.033 |            1.036 |         1.085 
   ijkl-imln-njmk |        1.057 |          1.059 |            1.034 |         1.080 
   ijkl-imnj-nlkm |        1.089 |          1.083 |            1.089 |         1.067 
   ijkl-imnk-njml |        1.059 |          1.061 |            1.050 |         1.076 
   ijkl-minj-nlmk |        1.096 |          1.096 |            1.106 |         1.107 
   ijkl-mink-jnlm |        1.055 |          1.049 |            1.050 |         1.074 
   ijkl-minl-njmk |        1.035 |          1.035 |            1.027 |         1.102 
     aqrs-pa-pqrs |        1.458 |          1.540 |            1.661 |         1.900 
     abrs-qb-aqrs |        1.569 |          1.549 |            1.561 |         1.447 
     abcs-rc-abrs |        2.089 |          1.828 |            1.790 |         1.814 
       abj-bka-kj |        1.593 |          1.622 |            1.621 |         1.685 
       ajb-kba-jk |        1.321 |          1.338 |            1.343 |         1.366 
     abjc-cbka-kj |        2.924 |          2.899 |            2.809 |         1.861 
     ajbc-ckba-jk |        0.506 |          0.503 |            0.511 |         1.603 
     abjc-kbac-jk |        1.420 |          1.430 |            1.461 |         1.846 
   abjcd-dkbac-jk |        2.015 |          2.027 |            2.137 |         1.933 
   adbjc-cbdka-kj |        2.405 |          2.491 |            2.478 |         2.643 
   ajbdc-ckbad-jk |        0.606 |          0.598 |            0.662 |         1.961 
 abcijk-ijma-mkbc |        1.429 |          1.433 |            1.420 |         1.577 
 abcijk-ijmb-mkac |        1.678 |          1.700 |            1.782 |         2.043 
 abcijk-ijmc-mkab |        1.654 |          1.662 |            1.677 |         2.069 
 abcijk-ikma-mjbc |        1.391 |          1.405 |            1.405 |         1.570 
 abcijk-ikmb-mjac |        1.659 |          1.686 |            1.754 |         1.695 
 abcijk-ikmc-mjab |        1.669 |          1.686 |            1.668 |         1.881 
 abcijk-jkma-mibc |        1.450 |          1.445 |            1.460 |         1.568 
 abcijk-jkmb-miac |        1.792 |          1.810 |            1.861 |         1.756 
 abcijk-jkmc-miab |        1.646 |          1.655 |            1.670 |         1.832 
 abcijk-eiab-jkec |        1.640 |          1.654 |            1.665 |         1.845 
 abcijk-eiac-jkeb |        1.766 |          1.781 |            1.832 |         1.760 
 abcijk-eibc-jkea |        1.449 |          1.449 |            1.467 |         1.554 
 abcijk-ejab-ikec |        1.630 |          1.645 |            1.661 |         1.896 
 abcijk-ejac-ikeb |        1.658 |          1.649 |            1.771 |         1.714 
 abcijk-ejbc-ikea |        1.399 |          1.404 |            1.408 |         1.573 
 abcijk-ekab-ijec |        1.647 |          1.641 |            1.653 |         2.070 
 abcijk-ekac-ijeb |        1.669 |          1.566 |            1.790 |         2.075 
 abcijk-ekbc-ijea |        1.438 |          1.431 |            1.420 |         1.580 
       abc-bk-akc |        1.298 |          1.226 |            1.261 |         1.315 
             MEAN |        1.394 |          1.388 |            1.414 |         1.550 

wrote /home/shinaoka/projects/tensor4all/tprims-rs/benchmarks/benchmarks/tcbench/results/scaling-layout/baseline/A-16m-8t.pending.csv
