# threads: requested=4 pool=4 budget=4
host        : shinaoka-EVO-X1Pro
target      : x86_64 / linux
cpu features: avx2 fma avx512f avx512dq 
caches      : L1=48KiB/12-way/2sh L2=1024KiB/16-way/2sh L3=16384KiB/16-way/8sh (via sysfs), blocking=legacy
l3 domains  : t1=1 t4=1 t8=2
baselines   : tblis=true blas=false
tblis       : abi 2.x, 4 thread(s)

running 49 cases at 16 MiB nominal tensor size, 5 reps, stress=none


=== f64 ===
             case |      m |     n |     k | regA | regB | plan GF/s | packed GF/s | upstream GF/s | tblis GF/s 
------------------+--------+-------+-------+------+------+-----------+-------------+---------------+------------
         ij-ik-kj |   1464 |  1448 |  1464 | 0.00 | 0.00 |     144.2 |       130.1 |         126.7 |      174.0 
       ij-ikl-ljk |    144 |   128 | 18432 | 1.00 | 1.00 |     100.9 |       101.0 |         103.3 |       88.6 
       ij-kil-lkj |    144 |   128 | 20736 | 1.00 | 1.00 |      97.8 |        97.9 |          94.8 |       79.8 
       ijk-ikl-lj |  18432 |   128 |   144 | 1.00 | 1.00 |     159.4 |       161.1 |         153.6 |      107.1 
       ijk-il-jlk |    144 | 18432 |   128 | 1.00 | 1.00 |     115.7 |       114.9 |         106.4 |      143.6 
       ijk-ilk-jl |  18432 |   144 |   128 | 1.00 | 1.00 |     166.6 |       165.6 |         161.1 |      126.8 
       ijk-ilk-lj |  18432 |   128 |   144 | 1.00 | 1.00 |     164.0 |       166.4 |         158.6 |      120.5 
     ijk-ilmk-mjl |   1920 |    40 |  1920 | 1.00 | 1.00 |     125.8 |       126.5 |         130.1 |       83.0 
   ijkl-imjn-lnkm |   1920 |  1920 |  1600 | 1.00 | 1.00 |     180.0 |       180.4 |         173.8 |      178.3 
   ijkl-imjn-nlmk |   1920 |  1600 |  1920 | 1.00 | 1.00 |     179.2 |       179.7 |         174.4 |      173.5 
   ijkl-imkn-jnlm |   1920 |  1920 |  1600 | 1.00 | 1.00 |     181.3 |       181.7 |         177.0 |      175.9 
   ijkl-imkn-njml |   1920 |  1600 |  1920 | 1.00 | 1.00 |     179.8 |       179.2 |         174.5 |      171.8 
   ijkl-imln-jnkm |   1920 |  1920 |  1600 | 1.00 | 1.00 |     182.2 |       182.1 |         177.4 |      175.6 
   ijkl-imln-njmk |   1920 |  1600 |  1920 | 1.00 | 1.00 |     179.8 |       180.0 |         174.7 |      171.7 
   ijkl-imnj-nlkm |   1920 |  1600 |  1920 | 1.00 | 1.00 |     180.0 |       179.6 |         174.0 |      174.6 
   ijkl-imnk-njml |   1920 |  1600 |  1920 | 1.00 | 1.00 |     179.3 |       179.2 |         175.2 |      173.9 
   ijkl-minj-nlmk |   1920 |  1600 |  2304 | 1.00 | 1.00 |     177.3 |       177.3 |         172.9 |      169.4 
   ijkl-mink-jnlm |   1920 |  1920 |  1920 | 1.00 | 1.00 |     179.6 |       179.7 |         174.4 |      175.3 
   ijkl-minl-njmk |   1920 |  1600 |  2304 | 1.00 | 1.00 |     177.8 |       178.2 |         173.9 |      174.7 
     aqrs-pa-pqrs |     48 | 64000 |    48 | 0.00 | 0.00 |     128.2 |       107.9 |         102.1 |       62.9 
     abrs-qb-aqrs |     40 | 76800 |    48 | 1.00 | 1.00 |     126.0 |       126.9 |         124.9 |       75.0 
     abcs-rc-abrs |     40 | 76800 |    48 | 1.00 | 1.00 |     112.2 |       106.1 |         102.1 |       60.8 
       abj-bka-kj |  20736 |   128 |   144 | 1.00 | 1.00 |     134.9 |       137.0 |         133.4 |       83.9 
       ajb-kba-jk |  18432 |   144 |   144 | 1.00 | 1.00 |     147.0 |       147.9 |         151.1 |      127.4 
     abjc-cbka-kj |  92160 |    40 |    48 | 1.00 | 1.00 |      27.7 |        28.5 |          26.9 |       39.8 
     ajbc-ckba-jk |  92160 |    48 |    40 | 1.00 | 1.00 |      47.4 |        47.5 |          45.3 |       63.1 
     abjc-kbac-jk |  76800 |    48 |    48 | 1.00 | 1.00 |     101.3 |       105.7 |          89.1 |       58.1 
   abjcd-dkbac-jk | 230400 |    24 |    20 | 1.00 | 1.00 |      31.1 |        31.5 |          29.5 |       30.0 
   adbjc-cbdka-kj | 230400 |    20 |    24 | 1.00 | 1.00 |      16.6 |        16.6 |          16.1 |       17.0 
   ajbdc-ckbad-jk | 230400 |    24 |    20 | 1.00 | 1.00 |      31.6 |        31.7 |          29.6 |       32.4 
 abcijk-ijma-mkbc |   6912 |  1728 |    24 | 1.00 | 1.00 |     131.1 |       130.5 |         122.3 |      109.7 
 abcijk-ijmb-mkac |   3456 |  3456 |    24 | 1.00 | 0.67 |     122.8 |       123.7 |         117.9 |       66.6 
 abcijk-ijmc-mkab |   3456 |  3456 |    24 | 1.00 | 0.67 |     119.7 |       119.2 |         112.3 |       85.6 
 abcijk-ikma-mjbc |   6912 |  1728 |    24 | 1.00 | 1.00 |     129.7 |       131.2 |         121.6 |      109.4 
 abcijk-ikmb-mjac |   3456 |  3456 |    24 | 1.00 | 0.67 |     123.8 |       124.2 |         117.1 |       89.4 
 abcijk-ikmc-mjab |   3456 |  3456 |    24 | 1.00 | 0.67 |     119.9 |       119.7 |         113.2 |       78.5 
 abcijk-jkma-mibc |   6912 |  1728 |    24 | 1.00 | 1.00 |     132.9 |       133.3 |         123.3 |      110.7 
 abcijk-jkmb-miac |   3456 |  3456 |    24 | 1.00 | 0.67 |     123.4 |       122.0 |         113.7 |       48.5 
 abcijk-jkmc-miab |   3456 |  3456 |    24 | 1.00 | 0.67 |     119.0 |       118.7 |         113.4 |       61.3 
 abcijk-eiab-jkec |   3456 |  3456 |    24 | 1.00 | 0.67 |     120.3 |       120.6 |         113.8 |       63.3 
 abcijk-eiac-jkeb |   3456 |  3456 |    24 | 1.00 | 0.67 |     122.7 |       123.5 |         114.7 |       49.0 
 abcijk-eibc-jkea |   1728 |  6912 |    24 | 1.00 | 1.00 |     133.8 |       133.2 |         123.1 |      110.4 
 abcijk-ejab-ikec |   3456 |  3456 |    24 | 1.00 | 0.67 |     120.4 |       120.4 |         112.5 |       76.4 
 abcijk-ejac-ikeb |   3456 |  3456 |    24 | 1.00 | 0.67 |     123.9 |       123.5 |         116.7 |       89.8 
 abcijk-ejbc-ikea |   1728 |  6912 |    24 | 1.00 | 1.00 |     130.7 |       129.9 |         121.9 |      109.4 
 abcijk-ekab-ijec |   3456 |  3456 |    24 | 1.00 | 0.67 |     119.4 |       120.3 |         113.2 |       83.7 
 abcijk-ekac-ijeb |   3456 |  3456 |    24 | 1.00 | 0.67 |     124.0 |       123.7 |         116.9 |       66.0 
 abcijk-ekbc-ijea |   1728 |  6912 |    24 | 1.00 | 1.00 |     130.2 |       123.3 |         122.3 |      108.9 
       abc-bk-akc |    144 | 18432 |   128 | 1.00 | 1.00 |     167.1 |       167.8 |         161.5 |      127.2 

=== c64 ===
             case |      m |     n |     k | regA | regB | plan GF/s | packed GF/s | upstream GF/s | tblis GF/s 
------------------+--------+-------+-------+------+------+-----------+-------------+---------------+------------
         ij-ik-kj |   1464 |  1448 |  1464 | 1.00 | 1.00 |     190.7 |       190.8 |         189.3 |      185.2 
       ij-ikl-ljk |    144 |   128 | 18432 | 1.00 | 1.00 |     119.9 |       119.9 |         116.0 |      118.0 
       ij-kil-lkj |    144 |   128 | 20736 | 1.00 | 1.00 |     116.5 |       116.5 |         111.2 |      108.3 
       ijk-ikl-lj |  18432 |   128 |   144 | 1.00 | 1.00 |     179.9 |       180.7 |         178.2 |      135.0 
       ijk-il-jlk |    144 | 18432 |   128 | 1.00 | 1.00 |     137.8 |       137.5 |         136.8 |      168.9 
       ijk-ilk-jl |  18432 |   144 |   128 | 1.00 | 1.00 |     189.8 |       190.7 |         187.7 |      147.7 
       ijk-ilk-lj |  18432 |   128 |   144 | 1.00 | 1.00 |     184.8 |       184.3 |         181.9 |      143.9 
     ijk-ilmk-mjl |   1920 |    40 |  1920 | 1.00 | 1.00 |     147.4 |       148.1 |         144.4 |      108.0 
   ijkl-imjn-lnkm |   1920 |  1920 |  1600 | 1.00 | 0.90 |     187.3 |       187.3 |         183.7 |      180.8 
   ijkl-imjn-nlmk |   1920 |  1600 |  1920 | 1.00 | 0.90 |     188.1 |       188.1 |         185.8 |      180.0 
   ijkl-imkn-jnlm |   1920 |  1920 |  1600 | 1.00 | 1.00 |     190.3 |       190.2 |         187.4 |      179.2 
   ijkl-imkn-njml |   1920 |  1600 |  1920 | 1.00 | 0.90 |     189.7 |       189.8 |         187.0 |      179.4 
   ijkl-imln-jnkm |   1920 |  1920 |  1600 | 1.00 | 1.00 |     190.8 |       190.8 |         188.2 |      179.4 
   ijkl-imln-njmk |   1920 |  1600 |  1920 | 1.00 | 0.90 |     190.3 |       190.4 |         187.5 |      179.3 
   ijkl-imnj-nlkm |   1920 |  1600 |  1920 | 1.00 | 0.90 |     188.1 |       188.1 |         186.2 |      180.6 
   ijkl-imnk-njml |   1920 |  1600 |  1920 | 1.00 | 0.90 |     190.0 |       189.9 |         187.4 |      179.7 
   ijkl-minj-nlmk |   1920 |  1600 |  2304 | 1.00 | 0.90 |     185.5 |       185.4 |         183.6 |      178.9 
   ijkl-mink-jnlm |   1920 |  1920 |  1920 | 1.00 | 1.00 |     188.6 |       188.4 |         185.3 |      179.5 
   ijkl-minl-njmk |   1920 |  1600 |  2304 | 1.00 | 0.90 |     187.9 |       188.1 |         185.2 |      178.3 
     aqrs-pa-pqrs |     48 | 64000 |    48 | 1.00 | 1.00 |     147.7 |       147.5 |         141.9 |      113.2 
     abrs-qb-aqrs |     40 | 76800 |    48 | 1.00 | 1.00 |     155.3 |       153.2 |         152.0 |      100.8 
     abcs-rc-abrs |     40 | 76800 |    48 | 1.00 | 1.00 |     150.0 |       149.3 |         144.5 |       95.6 
       abj-bka-kj |  20736 |   128 |   144 | 1.00 | 1.00 |     156.5 |       156.3 |         153.4 |      114.3 
       ajb-kba-jk |  18432 |   144 |   144 | 1.00 | 1.00 |     189.6 |       190.2 |         187.9 |      153.1 
     abjc-cbka-kj |  92160 |    40 |    48 | 1.00 | 1.00 |      70.5 |        71.2 |          68.9 |       74.0 
     ajbc-ckba-jk |  92160 |    48 |    40 | 1.00 | 1.00 |      95.8 |        96.5 |          94.6 |      105.2 
     abjc-kbac-jk |  76800 |    48 |    48 | 1.00 | 1.00 |     155.6 |       155.7 |         156.8 |       78.2 
   abjcd-dkbac-jk | 230400 |    24 |    20 | 0.67 | 1.00 |      68.0 |        67.9 |          65.2 |       61.2 
   adbjc-cbdka-kj | 230400 |    20 |    24 | 0.67 | 1.00 |      38.6 |        39.5 |          36.4 |       47.4 
   ajbdc-ckbad-jk | 230400 |    24 |    20 | 1.00 | 1.00 |      58.3 |        58.5 |          55.9 |       67.0 
 abcijk-ijma-mkbc |   6912 |  1728 |    24 | 1.00 | 1.00 |     166.8 |       165.9 |         161.3 |      142.3 
 abcijk-ijmb-mkac |   3456 |  3456 |    24 | 1.00 | 1.00 |     171.0 |       171.2 |         166.5 |      107.8 
 abcijk-ijmc-mkab |   3456 |  3456 |    24 | 1.00 | 1.00 |     168.8 |       170.0 |         165.6 |      140.1 
 abcijk-ikma-mjbc |   6912 |  1728 |    24 | 1.00 | 1.00 |     166.6 |       166.2 |         159.7 |      142.4 
 abcijk-ikmb-mjac |   3456 |  3456 |    24 | 1.00 | 1.00 |     171.4 |       171.4 |         166.8 |      128.8 
 abcijk-ikmc-mjab |   3456 |  3456 |    24 | 1.00 | 1.00 |     168.0 |       168.7 |         166.0 |      124.7 
 abcijk-jkma-mibc |   6912 |  1728 |    24 | 1.00 | 1.00 |     166.8 |       167.1 |         161.9 |      143.1 
 abcijk-jkmb-miac |   3456 |  3456 |    24 | 1.00 | 1.00 |     170.8 |       170.6 |         165.3 |       85.0 
 abcijk-jkmc-miab |   3456 |  3456 |    24 | 1.00 | 1.00 |     165.4 |       166.7 |         163.2 |      100.1 
 abcijk-eiab-jkec |   3456 |  3456 |    24 | 1.00 | 1.00 |     167.5 |       167.1 |         162.5 |      101.0 
 abcijk-eiac-jkeb |   3456 |  3456 |    24 | 1.00 | 1.00 |     171.0 |       171.9 |         165.6 |       85.6 
 abcijk-eibc-jkea |   1728 |  6912 |    24 | 1.00 | 1.00 |     128.7 |       166.6 |         161.3 |      142.9 
 abcijk-ejab-ikec |   3456 |  3456 |    24 | 1.00 | 1.00 |     168.5 |       170.4 |         165.2 |      124.6 
 abcijk-ejac-ikeb |   3456 |  3456 |    24 | 1.00 | 1.00 |     170.2 |       171.3 |         164.7 |      127.6 
 abcijk-ejbc-ikea |   1728 |  6912 |    24 | 1.00 | 1.00 |     165.6 |       166.5 |         160.8 |      142.4 
 abcijk-ekab-ijec |   3456 |  3456 |    24 | 1.00 | 1.00 |     168.6 |       168.4 |         164.8 |      139.4 
 abcijk-ekac-ijeb |   3456 |  3456 |    24 | 1.00 | 1.00 |     171.3 |       171.0 |         166.9 |      108.7 
 abcijk-ekbc-ijea |   1728 |  6912 |    24 | 1.00 | 1.00 |     166.8 |       166.7 |         161.2 |      142.3 
       abc-bk-akc |    144 | 18432 |   128 | 1.00 | 1.00 |     190.7 |       190.6 |         187.7 |      146.6 

=== complex efficiency ratio (c64 GF/s over f64 GF/s; 1.0 = no penalty) ===
             case | plan c64/f64 | packed c64/f64 | upstream c64/f64 | tblis c64/f64 
------------------+--------------+----------------+------------------+---------------
         ij-ik-kj |        1.323 |          1.467 |            1.493 |         1.064 
       ij-ikl-ljk |        1.188 |          1.188 |            1.123 |         1.332 
       ij-kil-lkj |        1.191 |          1.190 |            1.173 |         1.357 
       ijk-ikl-lj |        1.129 |          1.122 |            1.160 |         1.261 
       ijk-il-jlk |        1.191 |          1.197 |            1.285 |         1.176 
       ijk-ilk-jl |        1.139 |          1.152 |            1.165 |         1.165 
       ijk-ilk-lj |        1.127 |          1.107 |            1.147 |         1.195 
     ijk-ilmk-mjl |        1.172 |          1.171 |            1.110 |         1.301 
   ijkl-imjn-lnkm |        1.041 |          1.038 |            1.057 |         1.014 
   ijkl-imjn-nlmk |        1.050 |          1.047 |            1.066 |         1.037 
   ijkl-imkn-jnlm |        1.050 |          1.047 |            1.059 |         1.018 
   ijkl-imkn-njml |        1.055 |          1.059 |            1.072 |         1.044 
   ijkl-imln-jnkm |        1.047 |          1.048 |            1.060 |         1.022 
   ijkl-imln-njmk |        1.059 |          1.058 |            1.073 |         1.044 
   ijkl-imnj-nlkm |        1.045 |          1.048 |            1.070 |         1.034 
   ijkl-imnk-njml |        1.060 |          1.060 |            1.070 |         1.033 
   ijkl-minj-nlmk |        1.046 |          1.046 |            1.062 |         1.056 
   ijkl-mink-jnlm |        1.050 |          1.049 |            1.063 |         1.024 
   ijkl-minl-njmk |        1.056 |          1.055 |            1.065 |         1.020 
     aqrs-pa-pqrs |        1.153 |          1.368 |            1.390 |         1.802 
     abrs-qb-aqrs |        1.232 |          1.207 |            1.218 |         1.343 
     abcs-rc-abrs |        1.337 |          1.406 |            1.415 |         1.571 
       abj-bka-kj |        1.160 |          1.140 |            1.150 |         1.362 
       ajb-kba-jk |        1.290 |          1.286 |            1.244 |         1.202 
     abjc-cbka-kj |        2.545 |          2.497 |            2.562 |         1.860 
     ajbc-ckba-jk |        2.021 |          2.029 |            2.088 |         1.666 
     abjc-kbac-jk |        1.536 |          1.473 |            1.761 |         1.346 
   abjcd-dkbac-jk |        2.189 |          2.159 |            2.207 |         2.042 
   adbjc-cbdka-kj |        2.326 |          2.375 |            2.267 |         2.790 
   ajbdc-ckbad-jk |        1.846 |          1.848 |            1.891 |         2.068 
 abcijk-ijma-mkbc |        1.272 |          1.271 |            1.319 |         1.297 
 abcijk-ijmb-mkac |        1.392 |          1.384 |            1.412 |         1.620 
 abcijk-ijmc-mkab |        1.410 |          1.426 |            1.474 |         1.636 
 abcijk-ikma-mjbc |        1.284 |          1.267 |            1.313 |         1.302 
 abcijk-ikmb-mjac |        1.384 |          1.380 |            1.424 |         1.442 
 abcijk-ikmc-mjab |        1.401 |          1.409 |            1.466 |         1.588 
 abcijk-jkma-mibc |        1.255 |          1.254 |            1.314 |         1.294 
 abcijk-jkmb-miac |        1.384 |          1.399 |            1.455 |         1.752 
 abcijk-jkmc-miab |        1.390 |          1.404 |            1.440 |         1.633 
 abcijk-eiab-jkec |        1.392 |          1.386 |            1.428 |         1.595 
 abcijk-eiac-jkeb |        1.393 |          1.392 |            1.444 |         1.748 
 abcijk-eibc-jkea |        0.962 |          1.251 |            1.310 |         1.294 
 abcijk-ejab-ikec |        1.400 |          1.416 |            1.469 |         1.630 
 abcijk-ejac-ikeb |        1.373 |          1.387 |            1.411 |         1.421 
 abcijk-ejbc-ikea |        1.267 |          1.282 |            1.320 |         1.302 
 abcijk-ekab-ijec |        1.412 |          1.400 |            1.457 |         1.665 
 abcijk-ekac-ijeb |        1.382 |          1.382 |            1.427 |         1.647 
 abcijk-ekbc-ijea |        1.281 |          1.352 |            1.318 |         1.307 
       abc-bk-akc |        1.141 |          1.136 |            1.162 |         1.153 
             MEAN |        1.323 |          1.337 |            1.366 |         1.399 

wrote /home/shinaoka/projects/tensor4all/tprims-rs/benchmarks/benchmarks/tcbench/results/scaling-layout/baseline/A-16m-4t.pending.csv
