# threads: requested=1 pool=1 budget=1
host        : shinaoka-EVO-X1Pro
target      : x86_64 / linux
cpu features: avx2 fma avx512f avx512dq 
caches      : L1=48KiB/12-way/2sh L2=1024KiB/16-way/2sh L3=16384KiB/16-way/8sh (via sysfs), blocking=legacy
l3 domains  : t1=1
baselines   : tblis=true blas=false
tblis       : abi 2.x, 1 thread(s)

running 49 cases at 16 MiB nominal tensor size, 5 reps, stress=none


=== f64 ===
             case |      m |     n |     k | regA | regB | plan GF/s | packed GF/s | upstream GF/s | tblis GF/s 
------------------+--------+-------+-------+------+------+-----------+-------------+---------------+------------
         ij-ik-kj |   1464 |  1448 |  1464 | 0.00 | 0.00 |      36.3 |        48.7 |          47.7 |       46.0 
       ij-ikl-ljk |    144 |   128 | 18432 | 1.00 | 1.00 |      38.0 |        38.1 |          36.9 |       27.3 
       ij-kil-lkj |    144 |   128 | 20736 | 1.00 | 1.00 |      36.0 |        36.1 |          34.9 |       25.3 
       ijk-ikl-lj |  18432 |   128 |   144 | 1.00 | 1.00 |      42.6 |        42.6 |          41.4 |       34.3 
       ijk-il-jlk |    144 | 18432 |   128 | 1.00 | 1.00 |      38.5 |        37.6 |          35.0 |       36.6 
       ijk-ilk-jl |  18432 |   144 |   128 | 1.00 | 1.00 |      44.3 |        44.4 |          44.4 |       36.0 
       ijk-ilk-lj |  18432 |   128 |   144 | 1.00 | 1.00 |      44.0 |        44.2 |          44.1 |       33.9 
     ijk-ilmk-mjl |   1920 |    40 |  1920 | 1.00 | 1.00 |      40.8 |        40.8 |          40.1 |       21.9 
   ijkl-imjn-lnkm |   1920 |  1920 |  1600 | 1.00 | 1.00 |      47.3 |        47.3 |          46.2 |       46.7 
   ijkl-imjn-nlmk |   1920 |  1600 |  1920 | 1.00 | 1.00 |      47.4 |        47.4 |          46.1 |       46.2 
   ijkl-imkn-jnlm |   1920 |  1920 |  1600 | 1.00 | 1.00 |      47.3 |        47.3 |          46.2 |       46.4 
   ijkl-imkn-njml |   1920 |  1600 |  1920 | 1.00 | 1.00 |      47.5 |        47.6 |          46.5 |       45.7 
   ijkl-imln-jnkm |   1920 |  1920 |  1600 | 1.00 | 1.00 |      47.4 |        47.4 |          46.2 |       46.1 
   ijkl-imln-njmk |   1920 |  1600 |  1920 | 1.00 | 1.00 |      47.7 |        47.7 |          46.6 |       45.6 
   ijkl-imnj-nlkm |   1920 |  1600 |  1920 | 1.00 | 1.00 |      47.4 |        47.1 |          46.1 |       46.2 
   ijkl-imnk-njml |   1920 |  1600 |  1920 | 1.00 | 1.00 |      47.6 |        47.6 |          46.6 |       46.2 
   ijkl-minj-nlmk |   1920 |  1600 |  2304 | 1.00 | 1.00 |      46.2 |        46.1 |          45.5 |       44.7 
   ijkl-mink-jnlm |   1920 |  1920 |  1920 | 1.00 | 1.00 |      46.7 |        46.7 |          46.2 |       46.2 
   ijkl-minl-njmk |   1920 |  1600 |  2304 | 1.00 | 1.00 |      46.7 |        46.7 |          45.6 |       45.6 
     aqrs-pa-pqrs |     48 | 64000 |    48 | 0.00 | 0.00 |      39.5 |        33.1 |          30.2 |       18.9 
     abrs-qb-aqrs |     40 | 76800 |    48 | 1.00 | 1.00 |      34.4 |        34.8 |          34.4 |       19.6 
     abcs-rc-abrs |     40 | 76800 |    48 | 1.00 | 1.00 |      30.5 |        31.0 |          28.8 |       21.5 
       abj-bka-kj |  20736 |   128 |   144 | 1.00 | 1.00 |      38.7 |        38.7 |          38.6 |       26.7 
       ajb-kba-jk |  18432 |   144 |   144 | 1.00 | 1.00 |      42.8 |        42.8 |          42.3 |       37.0 
     abjc-cbka-kj |  92160 |    40 |    48 | 1.00 | 1.00 |       9.5 |         9.5 |           9.3 |       13.5 
     ajbc-ckba-jk |  92160 |    48 |    40 | 1.00 | 1.00 |      17.8 |        17.8 |          17.2 |       19.6 
     abjc-kbac-jk |  76800 |    48 |    48 | 1.00 | 1.00 |      28.8 |        29.1 |          29.2 |       18.9 
   abjcd-dkbac-jk | 230400 |    24 |    20 | 1.00 | 1.00 |      13.1 |        13.1 |          12.0 |       10.1 
   adbjc-cbdka-kj | 230400 |    20 |    24 | 1.00 | 1.00 |       5.4 |         5.4 |           5.1 |        7.6 
   ajbdc-ckbad-jk | 230400 |    24 |    20 | 1.00 | 1.00 |      13.3 |        13.3 |          12.2 |       10.6 
 abcijk-ijma-mkbc |   6912 |  1728 |    24 | 1.00 | 1.00 |      41.6 |        41.4 |          39.7 |       33.2 
 abcijk-ijmb-mkac |   3456 |  3456 |    24 | 1.00 | 0.67 |      41.0 |        41.0 |          38.9 |       24.0 
 abcijk-ijmc-mkab |   3456 |  3456 |    24 | 1.00 | 0.67 |      39.7 |        39.7 |          37.6 |       31.5 
 abcijk-ikma-mjbc |   6912 |  1728 |    24 | 1.00 | 1.00 |      41.4 |        41.2 |          39.5 |       33.5 
 abcijk-ikmb-mjac |   3456 |  3456 |    24 | 1.00 | 0.67 |      41.1 |        40.9 |          38.9 |       29.4 
 abcijk-ikmc-mjab |   3456 |  3456 |    24 | 1.00 | 0.67 |      39.8 |        39.6 |          37.6 |       25.3 
 abcijk-jkma-mibc |   6912 |  1728 |    24 | 1.00 | 1.00 |      41.9 |        42.1 |          40.0 |       33.3 
 abcijk-jkmb-miac |   3456 |  3456 |    24 | 1.00 | 0.67 |      40.7 |        40.2 |          38.3 |       16.5 
 abcijk-jkmc-miab |   3456 |  3456 |    24 | 1.00 | 0.67 |      40.0 |        39.9 |          38.1 |       22.2 
 abcijk-eiab-jkec |   3456 |  3456 |    24 | 1.00 | 0.67 |      40.0 |        39.9 |          37.9 |       22.1 
 abcijk-eiac-jkeb |   3456 |  3456 |    24 | 1.00 | 0.67 |      40.9 |        41.0 |          38.7 |       16.4 
 abcijk-eibc-jkea |   1728 |  6912 |    24 | 1.00 | 1.00 |      41.8 |        41.3 |          40.0 |       33.2 
 abcijk-ejab-ikec |   3456 |  3456 |    24 | 1.00 | 0.67 |      39.6 |        39.6 |          37.6 |       25.4 
 abcijk-ejac-ikeb |   3456 |  3456 |    24 | 1.00 | 0.67 |      41.2 |        40.7 |          39.0 |       29.4 
 abcijk-ejbc-ikea |   1728 |  6912 |    24 | 1.00 | 1.00 |      41.4 |        41.3 |          39.2 |       33.4 
 abcijk-ekab-ijec |   3456 |  3456 |    24 | 1.00 | 0.67 |      39.6 |        39.7 |          37.7 |       31.4 
 abcijk-ekac-ijeb |   3456 |  3456 |    24 | 1.00 | 0.67 |      40.9 |        40.7 |          39.3 |       23.9 
 abcijk-ekbc-ijea |   1728 |  6912 |    24 | 1.00 | 1.00 |      41.1 |        41.1 |          39.1 |       33.6 
       abc-bk-akc |    144 | 18432 |   128 | 1.00 | 1.00 |      44.2 |        44.3 |          43.4 |       36.1 

=== c64 ===
             case |      m |     n |     k | regA | regB | plan GF/s | packed GF/s | upstream GF/s | tblis GF/s 
------------------+--------+-------+-------+------+------+-----------+-------------+---------------+------------
         ij-ik-kj |   1464 |  1448 |  1464 | 1.00 | 1.00 |      48.4 |        48.4 |          48.2 |       47.2 
       ij-ikl-ljk |    144 |   128 | 18432 | 1.00 | 1.00 |      42.4 |        42.4 |          40.3 |       33.6 
       ij-kil-lkj |    144 |   128 | 20736 | 1.00 | 1.00 |      40.4 |        40.4 |          38.5 |       31.2 
       ijk-ikl-lj |  18432 |   128 |   144 | 1.00 | 1.00 |      46.6 |        46.6 |          45.9 |       36.4 
       ijk-il-jlk |    144 | 18432 |   128 | 1.00 | 1.00 |      44.8 |        44.8 |          43.8 |       42.7 
       ijk-ilk-jl |  18432 |   144 |   128 | 1.00 | 1.00 |      48.8 |        48.8 |          48.1 |       39.4 
       ijk-ilk-lj |  18432 |   128 |   144 | 1.00 | 1.00 |      47.5 |        47.5 |          46.7 |       38.2 
     ijk-ilmk-mjl |   1920 |    40 |  1920 | 1.00 | 1.00 |      41.8 |        41.8 |          40.9 |       28.2 
   ijkl-imjn-lnkm |   1920 |  1920 |  1600 | 1.00 | 0.90 |      48.2 |        48.2 |          47.7 |       46.1 
   ijkl-imjn-nlmk |   1920 |  1600 |  1920 | 1.00 | 0.90 |      48.0 |        48.0 |          47.6 |       45.1 
   ijkl-imkn-jnlm |   1920 |  1920 |  1600 | 1.00 | 1.00 |      48.4 |        48.3 |          47.9 |       45.5 
   ijkl-imkn-njml |   1920 |  1600 |  1920 | 1.00 | 0.90 |      48.4 |        48.3 |          47.9 |       45.5 
   ijkl-imln-jnkm |   1920 |  1920 |  1600 | 1.00 | 1.00 |      48.5 |        48.5 |          48.0 |       45.8 
   ijkl-imln-njmk |   1920 |  1600 |  1920 | 1.00 | 0.90 |      48.5 |        48.5 |          48.0 |       45.8 
   ijkl-imnj-nlkm |   1920 |  1600 |  1920 | 1.00 | 0.90 |      48.1 |        48.0 |          47.7 |       45.4 
   ijkl-imnk-njml |   1920 |  1600 |  1920 | 1.00 | 0.90 |      48.4 |        48.4 |          47.9 |       45.3 
   ijkl-minj-nlmk |   1920 |  1600 |  2304 | 1.00 | 0.90 |      47.3 |        47.3 |          46.8 |       45.7 
   ijkl-mink-jnlm |   1920 |  1920 |  1920 | 1.00 | 1.00 |      47.7 |        47.7 |          47.1 |       45.8 
   ijkl-minl-njmk |   1920 |  1600 |  2304 | 1.00 | 0.90 |      47.8 |        47.7 |          47.2 |       45.9 
     aqrs-pa-pqrs |     48 | 64000 |    48 | 1.00 | 1.00 |      38.5 |        38.7 |          37.5 |       28.8 
     abrs-qb-aqrs |     40 | 76800 |    48 | 1.00 | 1.00 |      39.6 |        39.7 |          38.9 |       29.2 
     abcs-rc-abrs |     40 | 76800 |    48 | 1.00 | 1.00 |      39.4 |        39.4 |          38.1 |       29.3 
       abj-bka-kj |  20736 |   128 |   144 | 1.00 | 1.00 |      41.2 |        41.2 |          40.6 |       30.9 
       ajb-kba-jk |  18432 |   144 |   144 | 1.00 | 1.00 |      48.7 |        48.7 |          48.3 |       40.6 
     abjc-cbka-kj |  92160 |    40 |    48 | 1.00 | 1.00 |      19.2 |        19.1 |          18.9 |       22.8 
     ajbc-ckba-jk |  92160 |    48 |    40 | 1.00 | 1.00 |      25.7 |        25.7 |          25.1 |       32.8 
     abjc-kbac-jk |  76800 |    48 |    48 | 1.00 | 1.00 |      40.2 |        40.2 |          40.6 |       26.6 
   abjcd-dkbac-jk | 230400 |    24 |    20 | 0.67 | 1.00 |      21.2 |        21.2 |          20.0 |       19.1 
   adbjc-cbdka-kj | 230400 |    20 |    24 | 0.67 | 1.00 |      11.6 |        11.6 |          11.3 |       17.4 
   ajbdc-ckbad-jk | 230400 |    24 |    20 | 1.00 | 1.00 |      20.2 |        20.3 |          19.4 |       19.5 
 abcijk-ijma-mkbc |   6912 |  1728 |    24 | 1.00 | 1.00 |      43.7 |        43.7 |          42.6 |       37.1 
 abcijk-ijmb-mkac |   3456 |  3456 |    24 | 1.00 | 1.00 |      45.1 |        45.2 |          44.2 |       33.0 
 abcijk-ijmc-mkab |   3456 |  3456 |    24 | 1.00 | 1.00 |      44.3 |        44.3 |          43.3 |       39.2 
 abcijk-ikma-mjbc |   6912 |  1728 |    24 | 1.00 | 1.00 |      43.7 |        43.7 |          42.4 |       37.0 
 abcijk-ikmb-mjac |   3456 |  3456 |    24 | 1.00 | 1.00 |      45.2 |        45.1 |          44.1 |       35.3 
 abcijk-ikmc-mjab |   3456 |  3456 |    24 | 1.00 | 1.00 |      44.3 |        44.3 |          43.2 |       35.4 
 abcijk-jkma-mibc |   6912 |  1728 |    24 | 1.00 | 1.00 |      43.8 |        43.8 |          42.6 |       37.1 
 abcijk-jkmb-miac |   3456 |  3456 |    24 | 1.00 | 1.00 |      45.0 |        44.9 |          43.6 |       27.7 
 abcijk-jkmc-miab |   3456 |  3456 |    24 | 1.00 | 1.00 |      44.2 |        44.3 |          43.0 |       34.1 
 abcijk-eiab-jkec |   3456 |  3456 |    24 | 1.00 | 1.00 |      44.2 |        44.3 |          43.1 |       34.2 
 abcijk-eiac-jkeb |   3456 |  3456 |    24 | 1.00 | 1.00 |      44.9 |        44.9 |          43.6 |       27.8 
 abcijk-eibc-jkea |   1728 |  6912 |    24 | 1.00 | 1.00 |      43.8 |        43.8 |          42.7 |       37.1 
 abcijk-ejab-ikec |   3456 |  3456 |    24 | 1.00 | 1.00 |      44.3 |        44.3 |          43.4 |       35.5 
 abcijk-ejac-ikeb |   3456 |  3456 |    24 | 1.00 | 1.00 |      45.2 |        45.2 |          44.2 |       35.4 
 abcijk-ejbc-ikea |   1728 |  6912 |    24 | 1.00 | 1.00 |      43.7 |        43.7 |          42.5 |       36.9 
 abcijk-ekab-ijec |   3456 |  3456 |    24 | 1.00 | 1.00 |      44.3 |        44.4 |          43.3 |       39.3 
 abcijk-ekac-ijeb |   3456 |  3456 |    24 | 1.00 | 1.00 |      45.2 |        45.2 |          44.1 |       33.1 
 abcijk-ekbc-ijea |   1728 |  6912 |    24 | 1.00 | 1.00 |      43.8 |        43.8 |          42.7 |       36.9 
       abc-bk-akc |    144 | 18432 |   128 | 1.00 | 1.00 |      48.7 |        48.6 |          48.0 |       39.1 

=== complex efficiency ratio (c64 GF/s over f64 GF/s; 1.0 = no penalty) ===
             case | plan c64/f64 | packed c64/f64 | upstream c64/f64 | tblis c64/f64 
------------------+--------------+----------------+------------------+---------------
         ij-ik-kj |        1.333 |          0.993 |            1.010 |         1.025 
       ij-ikl-ljk |        1.113 |          1.114 |            1.091 |         1.230 
       ij-kil-lkj |        1.123 |          1.118 |            1.101 |         1.233 
       ijk-ikl-lj |        1.094 |          1.094 |            1.110 |         1.060 
       ijk-il-jlk |        1.163 |          1.190 |            1.251 |         1.166 
       ijk-ilk-jl |        1.102 |          1.100 |            1.081 |         1.095 
       ijk-ilk-lj |        1.078 |          1.073 |            1.059 |         1.126 
     ijk-ilmk-mjl |        1.025 |          1.025 |            1.021 |         1.288 
   ijkl-imjn-lnkm |        1.018 |          1.018 |            1.033 |         0.987 
   ijkl-imjn-nlmk |        1.013 |          1.013 |            1.033 |         0.977 
   ijkl-imkn-jnlm |        1.024 |          1.022 |            1.037 |         0.980 
   ijkl-imkn-njml |        1.017 |          1.016 |            1.029 |         0.996 
   ijkl-imln-jnkm |        1.022 |          1.022 |            1.039 |         0.993 
   ijkl-imln-njmk |        1.017 |          1.017 |            1.029 |         1.004 
   ijkl-imnj-nlkm |        1.015 |          1.020 |            1.034 |         0.982 
   ijkl-imnk-njml |        1.016 |          1.016 |            1.027 |         0.981 
   ijkl-minj-nlmk |        1.024 |          1.025 |            1.027 |         1.022 
   ijkl-mink-jnlm |        1.022 |          1.020 |            1.020 |         0.992 
   ijkl-minl-njmk |        1.023 |          1.023 |            1.034 |         1.007 
     aqrs-pa-pqrs |        0.977 |          1.168 |            1.241 |         1.527 
     abrs-qb-aqrs |        1.151 |          1.140 |            1.133 |         1.488 
     abcs-rc-abrs |        1.291 |          1.269 |            1.326 |         1.362 
       abj-bka-kj |        1.065 |          1.064 |            1.051 |         1.158 
       ajb-kba-jk |        1.139 |          1.139 |            1.142 |         1.097 
     abjc-cbka-kj |        2.010 |          2.007 |            2.034 |         1.698 
     ajbc-ckba-jk |        1.446 |          1.444 |            1.458 |         1.670 
     abjc-kbac-jk |        1.396 |          1.379 |            1.389 |         1.409 
   abjcd-dkbac-jk |        1.618 |          1.621 |            1.665 |         1.895 
   adbjc-cbdka-kj |        2.174 |          2.173 |            2.209 |         2.277 
   ajbdc-ckbad-jk |        1.526 |          1.532 |            1.586 |         1.835 
 abcijk-ijma-mkbc |        1.050 |          1.055 |            1.074 |         1.117 
 abcijk-ijmb-mkac |        1.102 |          1.102 |            1.135 |         1.374 
 abcijk-ijmc-mkab |        1.116 |          1.117 |            1.150 |         1.246 
 abcijk-ikma-mjbc |        1.055 |          1.060 |            1.074 |         1.105 
 abcijk-ikmb-mjac |        1.099 |          1.102 |            1.134 |         1.204 
 abcijk-ikmc-mjab |        1.115 |          1.117 |            1.150 |         1.398 
 abcijk-jkma-mibc |        1.046 |          1.041 |            1.067 |         1.115 
 abcijk-jkmb-miac |        1.105 |          1.117 |            1.137 |         1.676 
 abcijk-jkmc-miab |        1.107 |          1.108 |            1.129 |         1.533 
 abcijk-eiab-jkec |        1.107 |          1.111 |            1.136 |         1.551 
 abcijk-eiac-jkeb |        1.100 |          1.095 |            1.125 |         1.696 
 abcijk-eibc-jkea |        1.049 |          1.062 |            1.067 |         1.117 
 abcijk-ejab-ikec |        1.119 |          1.118 |            1.154 |         1.396 
 abcijk-ejac-ikeb |        1.097 |          1.109 |            1.132 |         1.204 
 abcijk-ejbc-ikea |        1.056 |          1.057 |            1.084 |         1.104 
 abcijk-ekab-ijec |        1.118 |          1.118 |            1.149 |         1.251 
 abcijk-ekac-ijeb |        1.104 |          1.110 |            1.123 |         1.381 
 abcijk-ekbc-ijea |        1.066 |          1.065 |            1.092 |         1.098 
       abc-bk-akc |        1.101 |          1.097 |            1.106 |         1.084 
             MEAN |        1.158 |          1.156 |            1.174 |         1.270 

wrote /home/shinaoka/projects/tensor4all/tprims-rs/benchmarks/benchmarks/tcbench/results/scaling-layout/baseline/A-16m-1t.pending.csv
