# threads: requested=8 pool=8 budget=8
host        : shinaoka-EVO-X1Pro
target      : x86_64 / linux
cpu features: avx2 fma avx512f avx512dq 
caches      : L1=48KiB/12-way/2sh L2=1024KiB/16-way/2sh L3=16384KiB/16-way/8sh (via sysfs), blocking=legacy
l3 domains  : t1=1 t4=1 t8=2 t16=4
baselines   : tblis=true blas=false
tblis       : abi 2.x, 8 thread(s)

running 49 cases at 1 MiB nominal tensor size, 5 reps, stress=none


=== f64 ===
             case |     m |    n |    k | regA | regB | plan GF/s | packed GF/s | upstream GF/s | tblis GF/s 
------------------+-------+------+------+------+------+-----------+-------------+---------------+------------
         ij-ik-kj |   384 |  364 |  384 | 0.00 | 0.00 |     262.6 |       254.4 |         182.6 |      176.8 
       ij-ikl-ljk |    72 |   52 | 3744 | 1.00 | 1.00 |      91.0 |        91.6 |          70.5 |       48.6 
       ij-kil-lkj |    72 |   52 | 5184 | 1.00 | 1.00 |      87.9 |        89.2 |          68.0 |       48.4 
       ijk-ikl-lj |  3744 |   52 |   72 | 1.00 | 1.00 |     197.5 |       204.0 |         108.8 |      118.3 
       ijk-il-jlk |    72 | 3744 |   52 | 1.00 | 1.00 |      73.3 |       211.3 |         121.6 |      131.0 
       ijk-ilk-jl |  3744 |   72 |   52 | 1.00 | 1.00 |     110.8 |       113.0 |          80.2 |      131.7 
       ijk-ilk-lj |  3744 |   52 |   72 | 1.00 | 1.00 |     202.4 |       203.9 |         102.6 |      116.7 
     ijk-ilmk-mjl |   480 |   20 |  480 | 1.00 | 1.00 |     107.9 |       117.5 |          49.2 |       58.3 
   ijkl-imjn-lnkm |   480 |  480 |  400 | 1.00 | 0.80 |     214.3 |       215.3 |         187.0 |      185.9 
   ijkl-imjn-nlmk |   480 |  400 |  480 | 1.00 | 0.80 |     234.7 |       239.1 |         206.7 |      211.5 
   ijkl-imkn-jnlm |   480 |  480 |  400 | 1.00 | 1.00 |     310.2 |       311.9 |         263.9 |      267.6 
   ijkl-imkn-njml |   480 |  400 |  480 | 1.00 | 0.80 |     312.4 |       316.1 |         268.9 |      261.0 
   ijkl-imln-jnkm |   480 |  480 |  400 | 1.00 | 1.00 |     310.4 |       309.7 |         267.3 |      267.8 
   ijkl-imln-njmk |   480 |  400 |  480 | 1.00 | 0.80 |     305.3 |       310.7 |         267.3 |      262.2 
   ijkl-imnj-nlkm |   480 |  400 |  480 | 1.00 | 0.80 |     305.9 |       309.4 |         265.4 |      263.8 
   ijkl-imnk-njml |   480 |  400 |  480 | 1.00 | 0.80 |     306.0 |       309.7 |         262.8 |      263.4 
   ijkl-minj-nlmk |   480 |  400 |  576 | 1.00 | 0.80 |     302.0 |       304.0 |         262.0 |      256.3 
   ijkl-mink-jnlm |   480 |  480 |  480 | 1.00 | 1.00 |     298.0 |       307.5 |         269.0 |      256.5 
   ijkl-minl-njmk |   480 |  400 |  576 | 1.00 | 0.80 |     293.3 |       308.0 |         265.3 |      258.3 
     aqrs-pa-pqrs |    24 | 8000 |   24 | 0.00 | 0.00 |     210.8 |       174.1 |          77.2 |       60.7 
     abrs-qb-aqrs |    20 | 9600 |   24 | 1.00 | 1.00 |     162.9 |       165.5 |          57.2 |       57.8 
     abcs-rc-abrs |    20 | 9600 |   24 | 1.00 | 1.00 |     156.9 |       166.5 |          56.0 |       58.8 
       abj-bka-kj |  5184 |   52 |   72 | 1.00 | 1.00 |     248.0 |       250.4 |         138.9 |      158.4 
       ajb-kba-jk |  3744 |   72 |   72 | 1.00 | 1.00 |     296.0 |       305.5 |         164.7 |      196.5 
     abjc-cbka-kj | 11520 |   20 |   24 | 1.00 | 1.00 |      71.2 |        70.3 |          43.4 |       57.2 
     ajbc-ckba-jk | 11520 |   24 |   20 | 1.00 | 1.00 |      28.1 |       126.5 |          57.1 |       62.5 
     abjc-kbac-jk |  9600 |   24 |   24 | 1.00 | 1.00 |     185.1 |       180.7 |          70.8 |       67.9 
   abjcd-dkbac-jk | 82944 |   24 |   12 | 1.00 | 1.00 |      46.1 |        51.0 |          42.5 |       31.8 
   adbjc-cbdka-kj | 82944 |   12 |   24 | 1.00 | 1.00 |      15.8 |        16.2 |          14.9 |       22.5 
   ajbdc-ckbad-jk | 82944 |   24 |   12 | 1.00 | 1.00 |      50.8 |        48.9 |          41.3 |       32.6 
 abcijk-ijma-mkbc |  4608 |  512 |   24 | 1.00 | 1.00 |     149.0 |       156.9 |         141.4 |      164.8 
 abcijk-ijmb-mkac |  1536 | 1536 |   24 | 1.00 | 1.00 |     201.6 |       228.6 |         175.9 |      103.3 
 abcijk-ijmc-mkab |  1536 | 1536 |   24 | 1.00 | 1.00 |     197.4 |       193.3 |         169.9 |      137.3 
 abcijk-ikma-mjbc |  4608 |  512 |   24 | 1.00 | 1.00 |     149.2 |       150.9 |         134.0 |      163.5 
 abcijk-ikmb-mjac |  1536 | 1536 |   24 | 1.00 | 1.00 |     204.2 |       207.5 |         176.6 |      161.7 
 abcijk-ikmc-mjab |  1536 | 1536 |   24 | 1.00 | 1.00 |     191.2 |       206.1 |         168.0 |      111.0 
 abcijk-jkma-mibc |  4608 |  512 |   24 | 1.00 | 1.00 |     145.7 |       149.9 |         132.2 |      168.4 
 abcijk-jkmb-miac |  1536 | 1536 |   24 | 1.00 | 1.00 |     208.2 |       211.5 |         164.8 |      104.4 
 abcijk-jkmc-miab |  1536 | 1536 |   24 | 1.00 | 1.00 |     191.3 |       215.0 |         172.9 |      127.1 
 abcijk-eiab-jkec |  1536 | 1536 |   24 | 1.00 | 1.00 |     200.1 |       217.1 |         165.7 |      133.2 
 abcijk-eiac-jkeb |  1536 | 1536 |   24 | 1.00 | 1.00 |     197.7 |       227.1 |         175.5 |      103.4 
 abcijk-eibc-jkea |   512 | 4608 |   24 | 1.00 | 1.00 |     150.4 |       152.4 |         138.4 |      177.1 
 abcijk-ejab-ikec |  1536 | 1536 |   24 | 1.00 | 1.00 |     198.9 |       230.4 |         173.1 |      120.3 
 abcijk-ejac-ikeb |  1536 | 1536 |   24 | 1.00 | 1.00 |     200.7 |       218.4 |         169.5 |      144.0 
 abcijk-ejbc-ikea |   512 | 4608 |   24 | 1.00 | 1.00 |     151.3 |       172.4 |         138.7 |      169.3 
 abcijk-ekab-ijec |  1536 | 1536 |   24 | 1.00 | 1.00 |     210.0 |       228.2 |         166.7 |      137.1 
 abcijk-ekac-ijeb |  1536 | 1536 |   24 | 1.00 | 1.00 |     204.3 |       217.9 |         168.6 |      103.5 
 abcijk-ekbc-ijea |   512 | 4608 |   24 | 1.00 | 1.00 |     158.4 |       177.2 |         134.4 |      162.9 
       abc-bk-akc |    72 | 3744 |   52 | 1.00 | 1.00 |     120.7 |       153.9 |         108.3 |      181.5 

=== c64 ===
             case |     m |    n |    k | regA | regB | plan GF/s | packed GF/s | upstream GF/s | tblis GF/s 
------------------+-------+------+------+------+------+-----------+-------------+---------------+------------
         ij-ik-kj |   384 |  364 |  384 | 1.00 | 1.00 |     271.6 |       271.9 |         240.0 |      235.7 
       ij-ikl-ljk |    72 |   52 | 3744 | 1.00 | 1.00 |     117.1 |       117.4 |         104.0 |      116.5 
       ij-kil-lkj |    72 |   52 | 5184 | 1.00 | 1.00 |     104.6 |       104.2 |          91.2 |      111.3 
       ijk-ikl-lj |  3744 |   52 |   72 | 1.00 | 1.00 |     229.8 |       241.5 |         186.2 |      182.3 
       ijk-il-jlk |    72 | 3744 |   52 | 1.00 | 1.00 |     224.0 |       222.7 |         185.4 |      205.5 
       ijk-ilk-jl |  3744 |   72 |   52 | 0.89 | 1.00 |     163.6 |       161.6 |         135.6 |      203.5 
       ijk-ilk-lj |  3744 |   52 |   72 | 0.89 | 1.00 |     226.5 |       242.2 |         184.9 |      189.5 
     ijk-ilmk-mjl |   480 |   20 |  480 | 0.67 | 1.00 |     168.5 |       168.4 |         107.4 |      136.9 
   ijkl-imjn-lnkm |   480 |  480 |  400 | 0.67 | 0.80 |     244.4 |       245.0 |         229.7 |      221.1 
   ijkl-imjn-nlmk |   480 |  400 |  480 | 0.67 | 0.81 |     290.8 |       296.6 |         280.1 |      301.5 
   ijkl-imkn-jnlm |   480 |  480 |  400 | 0.67 | 1.00 |     338.9 |       339.5 |         312.4 |      292.0 
   ijkl-imkn-njml |   480 |  400 |  480 | 0.67 | 0.81 |     343.0 |       341.9 |         321.3 |      310.0 
   ijkl-imln-jnkm |   480 |  480 |  400 | 0.67 | 1.00 |     340.5 |       339.0 |         312.3 |      295.2 
   ijkl-imln-njmk |   480 |  400 |  480 | 0.67 | 0.81 |     343.1 |       343.7 |         320.3 |      317.8 
   ijkl-imnj-nlkm |   480 |  400 |  480 | 0.67 | 0.81 |     340.9 |       342.9 |         318.1 |      314.0 
   ijkl-imnk-njml |   480 |  400 |  480 | 0.67 | 0.81 |     343.9 |       341.6 |         320.3 |      318.5 
   ijkl-minj-nlmk |   480 |  400 |  576 | 0.67 | 0.81 |     331.7 |       328.7 |         305.8 |      299.2 
   ijkl-mink-jnlm |   480 |  480 |  480 | 0.67 | 1.00 |     339.3 |       339.8 |         320.6 |      306.2 
   ijkl-minl-njmk |   480 |  400 |  576 | 0.67 | 0.81 |     331.9 |       335.2 |         313.5 |      308.2 
     aqrs-pa-pqrs |    24 | 8000 |   24 | 1.00 | 1.00 |     170.2 |       165.8 |         126.3 |      153.7 
     abrs-qb-aqrs |    20 | 9600 |   24 | 1.00 | 1.00 |     270.7 |       276.1 |         152.0 |      140.9 
     abcs-rc-abrs |    20 | 9600 |   24 | 1.00 | 1.00 |     241.4 |       245.0 |         135.5 |      143.6 
       abj-bka-kj |  5184 |   52 |   72 | 0.89 | 1.00 |     306.4 |       305.8 |         240.0 |      184.1 
       ajb-kba-jk |  3744 |   72 |   72 | 0.89 | 1.00 |     346.0 |       351.6 |         268.2 |      266.1 
     abjc-cbka-kj | 11520 |   20 |   24 | 0.67 | 1.00 |     167.3 |       177.1 |         111.4 |      127.9 
     ajbc-ckba-jk | 11520 |   24 |   20 | 1.00 | 1.00 |      39.6 |        39.8 |          31.0 |      134.1 
     abjc-kbac-jk |  9600 |   24 |   24 | 0.67 | 1.00 |     271.5 |       280.0 |         169.1 |      157.3 
   abjcd-dkbac-jk | 82944 |   24 |   12 | 0.67 | 1.00 |      84.9 |        84.3 |          79.2 |       63.8 
   adbjc-cbdka-kj | 82944 |   12 |   24 | 0.67 | 1.00 |      51.0 |        51.3 |          49.0 |       42.1 
   ajbdc-ckbad-jk | 82944 |   24 |   12 | 1.00 | 1.00 |      51.6 |        51.7 |          49.0 |       70.2 
 abcijk-ijma-mkbc |  4608 |  512 |   24 | 1.00 | 0.97 |     166.9 |       162.7 |         153.0 |      207.2 
 abcijk-ijmb-mkac |  1536 | 1536 |   24 | 1.00 | 0.75 |     260.5 |       255.5 |         237.2 |      168.2 
 abcijk-ijmc-mkab |  1536 | 1536 |   24 | 1.00 | 0.50 |     276.2 |       257.8 |         238.1 |      209.6 
 abcijk-ikma-mjbc |  4608 |  512 |   24 | 1.00 | 0.97 |     156.5 |       159.6 |         141.5 |      204.0 
 abcijk-ikmb-mjac |  1536 | 1536 |   24 | 1.00 | 0.75 |     264.5 |       262.6 |         236.4 |      187.1 
 abcijk-ikmc-mjab |  1536 | 1536 |   24 | 1.00 | 0.50 |     271.3 |       256.4 |         237.2 |      178.0 
 abcijk-jkma-mibc |  4608 |  512 |   24 | 1.00 | 0.97 |     150.0 |       159.1 |         142.1 |      221.7 
 abcijk-jkmb-miac |  1536 | 1536 |   24 | 1.00 | 0.75 |     262.7 |       262.1 |         233.9 |      154.9 
 abcijk-jkmc-miab |  1536 | 1536 |   24 | 1.00 | 0.50 |     274.7 |       253.1 |         239.3 |      194.9 
 abcijk-eiab-jkec |  1536 | 1536 |   24 | 1.00 | 0.50 |     267.8 |       268.1 |         240.6 |      198.5 
 abcijk-eiac-jkeb |  1536 | 1536 |   24 | 1.00 | 0.75 |     255.9 |       258.3 |         239.0 |      154.4 
 abcijk-eibc-jkea |   512 | 4608 |   24 | 1.00 | 0.97 |     156.1 |       158.4 |         143.5 |      218.9 
 abcijk-ejab-ikec |  1536 | 1536 |   24 | 1.00 | 0.50 |     262.9 |       268.3 |         240.8 |      183.7 
 abcijk-ejac-ikeb |  1536 | 1536 |   24 | 1.00 | 0.75 |     255.2 |       255.7 |         238.3 |      182.8 
 abcijk-ejbc-ikea |   512 | 4608 |   24 | 1.00 | 0.97 |     162.5 |       165.8 |         157.2 |      205.5 
 abcijk-ekab-ijec |  1536 | 1536 |   24 | 1.00 | 0.50 |     264.0 |       275.2 |         239.1 |      213.0 
 abcijk-ekac-ijeb |  1536 | 1536 |   24 | 1.00 | 0.75 |     260.7 |       267.6 |         233.6 |      165.3 
 abcijk-ekbc-ijea |   512 | 4608 |   24 | 1.00 | 0.97 |     169.6 |       166.6 |         152.2 |      205.4 
       abc-bk-akc |    72 | 3744 |   52 | 0.89 | 1.00 |     226.8 |       224.8 |         184.8 |      283.6 

=== complex efficiency ratio (c64 GF/s over f64 GF/s; 1.0 = no penalty) ===
             case | plan c64/f64 | packed c64/f64 | upstream c64/f64 | tblis c64/f64 
------------------+--------------+----------------+------------------+---------------
         ij-ik-kj |        1.034 |          1.069 |            1.315 |         1.333 
       ij-ikl-ljk |        1.287 |          1.282 |            1.474 |         2.398 
       ij-kil-lkj |        1.190 |          1.168 |            1.341 |         2.301 
       ijk-ikl-lj |        1.164 |          1.184 |            1.711 |         1.540 
       ijk-il-jlk |        3.056 |          1.054 |            1.524 |         1.569 
       ijk-ilk-jl |        1.477 |          1.430 |            1.692 |         1.545 
       ijk-ilk-lj |        1.119 |          1.188 |            1.802 |         1.624 
     ijk-ilmk-mjl |        1.561 |          1.433 |            2.181 |         2.348 
   ijkl-imjn-lnkm |        1.141 |          1.138 |            1.228 |         1.189 
   ijkl-imjn-nlmk |        1.239 |          1.241 |            1.355 |         1.426 
   ijkl-imkn-jnlm |        1.092 |          1.089 |            1.184 |         1.091 
   ijkl-imkn-njml |        1.098 |          1.082 |            1.195 |         1.188 
   ijkl-imln-jnkm |        1.097 |          1.095 |            1.168 |         1.102 
   ijkl-imln-njmk |        1.124 |          1.106 |            1.198 |         1.212 
   ijkl-imnj-nlkm |        1.114 |          1.108 |            1.199 |         1.190 
   ijkl-imnk-njml |        1.124 |          1.103 |            1.219 |         1.209 
   ijkl-minj-nlmk |        1.098 |          1.081 |            1.167 |         1.168 
   ijkl-mink-jnlm |        1.139 |          1.105 |            1.192 |         1.194 
   ijkl-minl-njmk |        1.132 |          1.088 |            1.182 |         1.193 
     aqrs-pa-pqrs |        0.807 |          0.952 |            1.636 |         2.533 
     abrs-qb-aqrs |        1.662 |          1.668 |            2.657 |         2.439 
     abcs-rc-abrs |        1.539 |          1.471 |            2.421 |         2.441 
       abj-bka-kj |        1.236 |          1.221 |            1.728 |         1.162 
       ajb-kba-jk |        1.169 |          1.151 |            1.628 |         1.354 
     abjc-cbka-kj |        2.349 |          2.519 |            2.568 |         2.237 
     ajbc-ckba-jk |        1.410 |          0.315 |            0.543 |         2.146 
     abjc-kbac-jk |        1.467 |          1.549 |            2.389 |         2.317 
   abjcd-dkbac-jk |        1.841 |          1.653 |            1.864 |         2.009 
   adbjc-cbdka-kj |        3.234 |          3.158 |            3.294 |         1.870 
   ajbdc-ckbad-jk |        1.015 |          1.058 |            1.187 |         2.152 
 abcijk-ijma-mkbc |        1.120 |          1.037 |            1.082 |         1.257 
 abcijk-ijmb-mkac |        1.292 |          1.117 |            1.349 |         1.629 
 abcijk-ijmc-mkab |        1.399 |          1.333 |            1.401 |         1.527 
 abcijk-ikma-mjbc |        1.049 |          1.057 |            1.056 |         1.248 
 abcijk-ikmb-mjac |        1.295 |          1.265 |            1.339 |         1.157 
 abcijk-ikmc-mjab |        1.419 |          1.245 |            1.412 |         1.604 
 abcijk-jkma-mibc |        1.030 |          1.062 |            1.074 |         1.316 
 abcijk-jkmb-miac |        1.262 |          1.239 |            1.420 |         1.484 
 abcijk-jkmc-miab |        1.436 |          1.177 |            1.384 |         1.534 
 abcijk-eiab-jkec |        1.338 |          1.235 |            1.452 |         1.490 
 abcijk-eiac-jkeb |        1.294 |          1.137 |            1.362 |         1.493 
 abcijk-eibc-jkea |        1.037 |          1.040 |            1.037 |         1.236 
 abcijk-ejab-ikec |        1.322 |          1.164 |            1.390 |         1.526 
 abcijk-ejac-ikeb |        1.271 |          1.171 |            1.406 |         1.269 
 abcijk-ejbc-ikea |        1.075 |          0.961 |            1.133 |         1.214 
 abcijk-ekab-ijec |        1.257 |          1.206 |            1.435 |         1.554 
 abcijk-ekac-ijeb |        1.276 |          1.228 |            1.385 |         1.597 
 abcijk-ekbc-ijea |        1.071 |          0.940 |            1.133 |         1.261 
       abc-bk-akc |        1.880 |          1.461 |            1.705 |         1.562 
             MEAN |        1.350 |          1.242 |            1.494 |         1.580 

wrote /home/shinaoka/projects/tensor4all/tprims-rs/benchmarks/benchmarks/tcbench/results/scaling-layout/baseline/A-1m-8t.pending.csv
