# threads: requested=4 pool=4 budget=4
host        : shinaoka-EVO-X1Pro
target      : x86_64 / linux
cpu features: avx2 fma avx512f avx512dq 
caches      : L1=48KiB/12-way/2sh L2=1024KiB/16-way/2sh L3=16384KiB/16-way/8sh (via sysfs), blocking=legacy
l3 domains  : t1=1 t4=1 t8=2
baselines   : tblis=true blas=false
tblis       : abi 2.x, 4 thread(s)

running 49 cases at 1 MiB nominal tensor size, 5 reps, stress=none


=== f64 ===
             case |     m |    n |    k | regA | regB | plan GF/s | packed GF/s | upstream GF/s | tblis GF/s 
------------------+-------+------+------+------+------+-----------+-------------+---------------+------------
         ij-ik-kj |   384 |  364 |  384 | 0.00 | 0.00 |     144.8 |       133.6 |         122.1 |      104.2 
       ij-ikl-ljk |    72 |   52 | 3744 | 1.00 | 1.00 |      64.0 |        62.5 |          53.3 |       38.2 
       ij-kil-lkj |    72 |   52 | 5184 | 1.00 | 1.00 |      62.0 |        62.5 |          52.5 |       38.1 
       ijk-ikl-lj |  3744 |   52 |   72 | 1.00 | 1.00 |     105.8 |       113.3 |          87.2 |       69.2 
       ijk-il-jlk |    72 | 3744 |   52 | 1.00 | 1.00 |      56.3 |       117.0 |          94.8 |       76.3 
       ijk-ilk-jl |  3744 |   72 |   52 | 1.00 | 1.00 |     122.7 |       123.2 |          91.0 |       79.9 
       ijk-ilk-lj |  3744 |   52 |   72 | 1.00 | 1.00 |     128.7 |       130.4 |         100.5 |       82.8 
     ijk-ilmk-mjl |   480 |   20 |  480 | 1.00 | 1.00 |     108.4 |       114.7 |          59.9 |       50.8 
   ijkl-imjn-lnkm |   480 |  480 |  400 | 1.00 | 0.80 |     185.5 |       186.7 |         171.5 |      145.0 
   ijkl-imjn-nlmk |   480 |  400 |  480 | 1.00 | 0.80 |     191.5 |       192.0 |         177.7 |      149.6 
   ijkl-imkn-jnlm |   480 |  480 |  400 | 1.00 | 1.00 |     192.5 |       193.5 |         172.6 |      153.5 
   ijkl-imkn-njml |   480 |  400 |  480 | 1.00 | 0.80 |     193.6 |       193.7 |         176.7 |      151.3 
   ijkl-imln-jnkm |   480 |  480 |  400 | 1.00 | 1.00 |     192.8 |       192.7 |         173.3 |      152.5 
   ijkl-imln-njmk |   480 |  400 |  480 | 1.00 | 0.80 |     193.4 |       193.4 |         175.9 |      153.4 
   ijkl-imnj-nlkm |   480 |  400 |  480 | 1.00 | 0.80 |     191.9 |       192.0 |         176.3 |      154.1 
   ijkl-imnk-njml |   480 |  400 |  480 | 1.00 | 0.80 |     189.8 |       194.3 |         179.2 |      153.6 
   ijkl-minj-nlmk |   480 |  400 |  576 | 1.00 | 0.80 |     186.5 |       187.7 |         172.2 |      150.1 
   ijkl-mink-jnlm |   480 |  480 |  480 | 1.00 | 1.00 |     184.0 |       191.1 |         177.0 |      149.1 
   ijkl-minl-njmk |   480 |  400 |  576 | 1.00 | 0.80 |     190.2 |       189.4 |         172.6 |      151.9 
     aqrs-pa-pqrs |    24 | 8000 |   24 | 0.00 | 0.00 |      80.3 |        31.5 |          74.3 |       43.2 
     abrs-qb-aqrs |    20 | 9600 |   24 | 1.00 | 1.00 |     104.5 |       106.5 |          68.3 |       40.2 
     abcs-rc-abrs |    20 | 9600 |   24 | 1.00 | 1.00 |     104.0 |       106.3 |          64.6 |       40.7 
       abj-bka-kj |  5184 |   52 |   72 | 1.00 | 1.00 |     129.3 |       130.9 |         107.0 |       83.1 
       ajb-kba-jk |  3744 |   72 |   72 | 1.00 | 1.00 |     164.5 |       167.7 |         131.3 |      112.4 
     abjc-cbka-kj | 11520 |   20 |   24 | 1.00 | 1.00 |      51.9 |        53.0 |          47.1 |       39.5 
     ajbc-ckba-jk | 11520 |   24 |   20 | 1.00 | 1.00 |      83.2 |        86.1 |          54.1 |       43.3 
     abjc-kbac-jk |  9600 |   24 |   24 | 1.00 | 1.00 |     112.7 |       114.1 |          73.6 |       48.2 
   abjcd-dkbac-jk | 82944 |   24 |   12 | 1.00 | 1.00 |      36.7 |        39.7 |          35.0 |       23.2 
   adbjc-cbdka-kj | 82944 |   12 |   24 | 1.00 | 1.00 |       9.7 |         9.5 |           8.6 |       18.3 
   ajbdc-ckbad-jk | 82944 |   24 |   12 | 1.00 | 1.00 |      38.7 |        38.7 |          34.5 |       24.1 
 abcijk-ijma-mkbc |  4608 |  512 |   24 | 1.00 | 1.00 |     132.3 |       134.5 |         112.3 |      100.3 
 abcijk-ijmb-mkac |  1536 | 1536 |   24 | 1.00 | 1.00 |     150.5 |       142.8 |         125.2 |       61.7 
 abcijk-ijmc-mkab |  1536 | 1536 |   24 | 1.00 | 1.00 |     130.0 |       139.1 |         117.8 |       94.7 
 abcijk-ikma-mjbc |  4608 |  512 |   24 | 1.00 | 1.00 |     127.6 |       141.0 |         116.0 |      100.9 
 abcijk-ikmb-mjac |  1536 | 1536 |   24 | 1.00 | 1.00 |     130.5 |       149.5 |         127.2 |       96.1 
 abcijk-ikmc-mjab |  1536 | 1536 |   24 | 1.00 | 1.00 |     135.5 |       105.7 |         126.2 |       84.7 
 abcijk-jkma-mibc |  4608 |  512 |   24 | 1.00 | 1.00 |     105.1 |       137.2 |         118.6 |      109.0 
 abcijk-jkmb-miac |  1536 | 1536 |   24 | 1.00 | 1.00 |     144.7 |       148.2 |         127.9 |       59.7 
 abcijk-jkmc-miab |  1536 | 1536 |   24 | 1.00 | 1.00 |     139.5 |       141.0 |         120.0 |       83.8 
 abcijk-eiab-jkec |  1536 | 1536 |   24 | 1.00 | 1.00 |      84.3 |       134.4 |         123.8 |       85.9 
 abcijk-eiac-jkeb |  1536 | 1536 |   24 | 1.00 | 1.00 |     144.1 |       141.6 |         133.6 |       61.4 
 abcijk-eibc-jkea |   512 | 4608 |   24 | 1.00 | 1.00 |     127.3 |       136.6 |         114.6 |      108.4 
 abcijk-ejab-ikec |  1536 | 1536 |   24 | 1.00 | 1.00 |     130.0 |       139.9 |         120.9 |       84.3 
 abcijk-ejac-ikeb |  1536 | 1536 |   24 | 1.00 | 1.00 |     141.7 |       124.8 |         130.1 |       98.7 
 abcijk-ejbc-ikea |   512 | 4608 |   24 | 1.00 | 1.00 |     125.9 |       131.0 |         120.8 |      100.2 
 abcijk-ekab-ijec |  1536 | 1536 |   24 | 1.00 | 1.00 |     128.5 |       145.7 |         120.1 |       90.1 
 abcijk-ekac-ijeb |  1536 | 1536 |   24 | 1.00 | 1.00 |     132.9 |       142.3 |         129.8 |       63.3 
 abcijk-ekbc-ijea |   512 | 4608 |   24 | 1.00 | 1.00 |     123.8 |       133.3 |         115.0 |       99.8 
       abc-bk-akc |    72 | 3744 |   52 | 1.00 | 1.00 |     166.5 |       170.7 |         122.2 |      109.7 

=== c64 ===
             case |     m |    n |    k | regA | regB | plan GF/s | packed GF/s | upstream GF/s | tblis GF/s 
------------------+-------+------+------+------+------+-----------+-------------+---------------+------------
         ij-ik-kj |   384 |  364 |  384 | 1.00 | 1.00 |     137.2 |       137.5 |         131.7 |      125.6 
       ij-ikl-ljk |    72 |   52 | 3744 | 1.00 | 1.00 |      64.7 |        64.6 |          60.8 |       77.9 
       ij-kil-lkj |    72 |   52 | 5184 | 1.00 | 1.00 |      59.0 |        59.3 |          55.9 |       74.8 
       ijk-ikl-lj |  3744 |   52 |   72 | 1.00 | 1.00 |     122.4 |       122.1 |         113.9 |       92.0 
       ijk-il-jlk |    72 | 3744 |   52 | 1.00 | 1.00 |      70.5 |        69.5 |          67.4 |      108.8 
       ijk-ilk-jl |  3744 |   72 |   52 | 0.89 | 1.00 |     134.5 |       136.4 |         123.6 |      117.0 
       ijk-ilk-lj |  3744 |   52 |   72 | 0.89 | 1.00 |     147.0 |       149.1 |         135.5 |      118.5 
     ijk-ilmk-mjl |   480 |   20 |  480 | 0.67 | 1.00 |     114.9 |       124.2 |         104.0 |      108.7 
   ijkl-imjn-lnkm |   480 |  480 |  400 | 0.67 | 0.80 |     172.8 |       174.0 |         168.1 |      166.3 
   ijkl-imjn-nlmk |   480 |  400 |  480 | 0.67 | 0.81 |     172.1 |       174.4 |         170.9 |      165.9 
   ijkl-imkn-jnlm |   480 |  480 |  400 | 0.67 | 1.00 |     114.0 |       173.3 |         169.2 |      168.2 
   ijkl-imkn-njml |   480 |  400 |  480 | 0.67 | 0.81 |     175.3 |       176.1 |         171.7 |      165.9 
   ijkl-imln-jnkm |   480 |  480 |  400 | 0.67 | 1.00 |     173.0 |       174.6 |         169.7 |      167.3 
   ijkl-imln-njmk |   480 |  400 |  480 | 0.67 | 0.81 |     174.8 |       176.3 |         172.7 |      169.4 
   ijkl-imnj-nlkm |   480 |  400 |  480 | 0.67 | 0.81 |     176.0 |       155.9 |         171.1 |      169.7 
   ijkl-imnk-njml |   480 |  400 |  480 | 0.67 | 0.81 |     154.4 |       174.8 |         171.0 |      170.9 
   ijkl-minj-nlmk |   480 |  400 |  576 | 0.67 | 0.81 |     169.9 |       169.1 |         164.5 |      161.7 
   ijkl-mink-jnlm |   480 |  480 |  480 | 0.67 | 1.00 |     160.5 |       173.1 |         169.7 |      168.0 
   ijkl-minl-njmk |   480 |  400 |  576 | 0.67 | 0.81 |     152.0 |       170.0 |         165.6 |      165.3 
     aqrs-pa-pqrs |    24 | 8000 |   24 | 1.00 | 1.00 |     104.0 |       103.9 |          89.9 |       90.2 
     abrs-qb-aqrs |    20 | 9600 |   24 | 1.00 | 1.00 |     149.6 |       149.9 |         119.1 |       81.0 
     abcs-rc-abrs |    20 | 9600 |   24 | 1.00 | 1.00 |     130.7 |       130.5 |         104.1 |       80.3 
       abj-bka-kj |  5184 |   52 |   72 | 0.89 | 1.00 |     156.3 |       155.5 |         140.9 |       98.9 
       ajb-kba-jk |  3744 |   72 |   72 | 0.89 | 1.00 |     174.1 |       173.6 |         153.4 |      127.0 
     abjc-cbka-kj | 11520 |   20 |   24 | 0.67 | 1.00 |      95.0 |        96.0 |          79.0 |       73.5 
     ajbc-ckba-jk | 11520 |   24 |   20 | 1.00 | 1.00 |     102.5 |       102.7 |          83.5 |       70.2 
     abjc-kbac-jk |  9600 |   24 |   24 | 0.67 | 1.00 |     147.2 |       147.3 |         121.8 |       84.6 
   abjcd-dkbac-jk | 82944 |   24 |   12 | 0.67 | 1.00 |      62.1 |        61.6 |          57.5 |       46.1 
   adbjc-cbdka-kj | 82944 |   12 |   24 | 0.67 | 1.00 |      29.4 |        29.7 |          29.2 |       33.1 
   ajbdc-ckbad-jk | 82944 |   24 |   12 | 1.00 | 1.00 |      61.2 |        59.5 |          54.6 |       49.3 
 abcijk-ijma-mkbc |  4608 |  512 |   24 | 1.00 | 0.97 |     156.7 |       157.4 |         147.4 |      123.4 
 abcijk-ijmb-mkac |  1536 | 1536 |   24 | 1.00 | 0.75 |     170.6 |       168.2 |         160.0 |      112.9 
 abcijk-ijmc-mkab |  1536 | 1536 |   24 | 1.00 | 0.50 |     167.8 |       165.1 |         161.0 |      133.2 
 abcijk-ikma-mjbc |  4608 |  512 |   24 | 1.00 | 0.97 |     153.6 |       154.4 |         148.0 |      123.8 
 abcijk-ikmb-mjac |  1536 | 1536 |   24 | 1.00 | 0.75 |     169.1 |       169.0 |         161.4 |      123.7 
 abcijk-ikmc-mjab |  1536 | 1536 |   24 | 1.00 | 0.50 |     165.8 |       162.0 |         161.7 |      125.6 
 abcijk-jkma-mibc |  4608 |  512 |   24 | 1.00 | 0.97 |     158.4 |       157.4 |         149.7 |      136.1 
 abcijk-jkmb-miac |  1536 | 1536 |   24 | 1.00 | 0.75 |     169.3 |       167.5 |         159.4 |      105.9 
 abcijk-jkmc-miab |  1536 | 1536 |   24 | 1.00 | 0.50 |     165.4 |       165.7 |         155.6 |      121.5 
 abcijk-eiab-jkec |  1536 | 1536 |   24 | 1.00 | 0.50 |     164.1 |       164.4 |         157.8 |      125.3 
 abcijk-eiac-jkeb |  1536 | 1536 |   24 | 1.00 | 0.75 |     168.5 |       167.2 |         158.1 |      105.7 
 abcijk-eibc-jkea |   512 | 4608 |   24 | 1.00 | 0.97 |     156.1 |       154.3 |         149.1 |      136.1 
 abcijk-ejab-ikec |  1536 | 1536 |   24 | 1.00 | 0.50 |     168.8 |       166.2 |         160.0 |      125.2 
 abcijk-ejac-ikeb |  1536 | 1536 |   24 | 1.00 | 0.75 |     169.8 |       168.9 |         159.2 |      123.7 
 abcijk-ejbc-ikea |   512 | 4608 |   24 | 1.00 | 0.97 |     156.2 |       154.4 |         152.1 |      125.2 
 abcijk-ekab-ijec |  1536 | 1536 |   24 | 1.00 | 0.50 |     167.6 |       166.2 |         158.2 |      133.1 
 abcijk-ekac-ijeb |  1536 | 1536 |   24 | 1.00 | 0.75 |     169.8 |       169.5 |         159.8 |      116.6 
 abcijk-ekbc-ijea |   512 | 4608 |   24 | 1.00 | 0.97 |     157.2 |       155.9 |         151.7 |      123.8 
       abc-bk-akc |    72 | 3744 |   52 | 0.89 | 1.00 |     178.4 |       178.1 |         165.4 |      142.6 

=== complex efficiency ratio (c64 GF/s over f64 GF/s; 1.0 = no penalty) ===
             case | plan c64/f64 | packed c64/f64 | upstream c64/f64 | tblis c64/f64 
------------------+--------------+----------------+------------------+---------------
         ij-ik-kj |        0.947 |          1.029 |            1.078 |         1.205 
       ij-ikl-ljk |        1.010 |          1.033 |            1.140 |         2.039 
       ij-kil-lkj |        0.950 |          0.949 |            1.066 |         1.962 
       ijk-ikl-lj |        1.157 |          1.077 |            1.306 |         1.328 
       ijk-il-jlk |        1.252 |          0.594 |            0.711 |         1.425 
       ijk-ilk-jl |        1.097 |          1.107 |            1.358 |         1.464 
       ijk-ilk-lj |        1.142 |          1.144 |            1.349 |         1.431 
     ijk-ilmk-mjl |        1.060 |          1.083 |            1.735 |         2.141 
   ijkl-imjn-lnkm |        0.932 |          0.932 |            0.980 |         1.147 
   ijkl-imjn-nlmk |        0.899 |          0.908 |            0.962 |         1.109 
   ijkl-imkn-jnlm |        0.592 |          0.896 |            0.981 |         1.096 
   ijkl-imkn-njml |        0.905 |          0.909 |            0.971 |         1.096 
   ijkl-imln-jnkm |        0.898 |          0.906 |            0.979 |         1.097 
   ijkl-imln-njmk |        0.904 |          0.911 |            0.982 |         1.104 
   ijkl-imnj-nlkm |        0.917 |          0.812 |            0.970 |         1.101 
   ijkl-imnk-njml |        0.814 |          0.900 |            0.954 |         1.113 
   ijkl-minj-nlmk |        0.911 |          0.901 |            0.955 |         1.077 
   ijkl-mink-jnlm |        0.872 |          0.906 |            0.959 |         1.127 
   ijkl-minl-njmk |        0.799 |          0.898 |            0.959 |         1.088 
     aqrs-pa-pqrs |        1.294 |          3.302 |            1.211 |         2.087 
     abrs-qb-aqrs |        1.433 |          1.407 |            1.744 |         2.015 
     abcs-rc-abrs |        1.257 |          1.228 |            1.610 |         1.974 
       abj-bka-kj |        1.208 |          1.188 |            1.317 |         1.191 
       ajb-kba-jk |        1.059 |          1.035 |            1.168 |         1.130 
     abjc-cbka-kj |        1.832 |          1.811 |            1.679 |         1.860 
     ajbc-ckba-jk |        1.231 |          1.192 |            1.544 |         1.620 
     abjc-kbac-jk |        1.306 |          1.291 |            1.654 |         1.754 
   abjcd-dkbac-jk |        1.691 |          1.554 |            1.643 |         1.991 
   adbjc-cbdka-kj |        3.039 |          3.128 |            3.390 |         1.807 
   ajbdc-ckbad-jk |        1.581 |          1.538 |            1.583 |         2.049 
 abcijk-ijma-mkbc |        1.184 |          1.171 |            1.313 |         1.230 
 abcijk-ijmb-mkac |        1.133 |          1.178 |            1.278 |         1.830 
 abcijk-ijmc-mkab |        1.291 |          1.187 |            1.367 |         1.407 
 abcijk-ikma-mjbc |        1.204 |          1.095 |            1.276 |         1.227 
 abcijk-ikmb-mjac |        1.296 |          1.130 |            1.268 |         1.287 
 abcijk-ikmc-mjab |        1.223 |          1.534 |            1.281 |         1.482 
 abcijk-jkma-mibc |        1.507 |          1.147 |            1.262 |         1.248 
 abcijk-jkmb-miac |        1.170 |          1.130 |            1.246 |         1.775 
 abcijk-jkmc-miab |        1.185 |          1.175 |            1.296 |         1.449 
 abcijk-eiab-jkec |        1.947 |          1.222 |            1.275 |         1.460 
 abcijk-eiac-jkeb |        1.170 |          1.180 |            1.184 |         1.722 
 abcijk-eibc-jkea |        1.227 |          1.130 |            1.300 |         1.256 
 abcijk-ejab-ikec |        1.298 |          1.188 |            1.324 |         1.485 
 abcijk-ejac-ikeb |        1.199 |          1.353 |            1.224 |         1.253 
 abcijk-ejbc-ikea |        1.241 |          1.179 |            1.259 |         1.249 
 abcijk-ekab-ijec |        1.304 |          1.141 |            1.317 |         1.478 
 abcijk-ekac-ijeb |        1.277 |          1.191 |            1.232 |         1.844 
 abcijk-ekbc-ijea |        1.269 |          1.170 |            1.319 |         1.241 
       abc-bk-akc |        1.071 |          1.043 |            1.353 |         1.300 
             MEAN |        1.208 |          1.206 |            1.292 |         1.466 

wrote /home/shinaoka/projects/tensor4all/tprims-rs/benchmarks/benchmarks/tcbench/results/scaling-layout/baseline/A-1m-4t.pending.csv
