# threads: requested=1 pool=1 budget=1
host        : shinaoka-EVO-X1Pro
target      : x86_64 / linux
cpu features: avx2 fma avx512f avx512dq 
caches      : L1=48KiB/12-way/2sh L2=1024KiB/16-way/2sh L3=16384KiB/16-way/8sh (via sysfs), blocking=legacy
l3 domains  : t1=1
baselines   : tblis=true blas=false
tblis       : abi 2.x, 1 thread(s)

running 49 cases at 1 MiB nominal tensor size, 5 reps, stress=none


=== f64 ===
             case |     m |    n |    k | regA | regB | plan GF/s | packed GF/s | upstream GF/s | tblis GF/s 
------------------+-------+------+------+------+------+-----------+-------------+---------------+------------
         ij-ik-kj |   384 |  364 |  384 | 0.00 | 0.00 |      37.1 |        34.9 |          34.2 |       29.6 
       ij-ikl-ljk |    72 |   52 | 3744 | 1.00 | 1.00 |      38.2 |        38.2 |          37.0 |       21.8 
       ij-kil-lkj |    72 |   52 | 5184 | 1.00 | 1.00 |      34.8 |        34.9 |          34.5 |       21.4 
       ijk-ikl-lj |  3744 |   52 |   72 | 1.00 | 1.00 |      42.8 |        42.8 |          41.3 |       26.5 
       ijk-il-jlk |    72 | 3744 |   52 | 1.00 | 1.00 |      43.8 |        43.8 |          41.5 |       29.3 
       ijk-ilk-jl |  3744 |   72 |   52 | 1.00 | 1.00 |      45.4 |        45.5 |          44.1 |       30.6 
       ijk-ilk-lj |  3744 |   52 |   72 | 1.00 | 1.00 |      42.6 |        42.9 |          41.6 |       27.0 
     ijk-ilmk-mjl |   480 |   20 |  480 | 1.00 | 1.00 |      35.6 |        35.6 |          35.0 |       16.3 
   ijkl-imjn-lnkm |   480 |  480 |  400 | 1.00 | 0.80 |      48.3 |        48.3 |          47.8 |       41.7 
   ijkl-imjn-nlmk |   480 |  400 |  480 | 1.00 | 0.80 |      49.1 |        49.2 |          48.5 |       39.7 
   ijkl-imkn-jnlm |   480 |  480 |  400 | 1.00 | 1.00 |      49.1 |        49.2 |          48.3 |       41.8 
   ijkl-imkn-njml |   480 |  400 |  480 | 1.00 | 0.80 |      49.3 |        49.3 |          48.8 |       41.0 
   ijkl-imln-jnkm |   480 |  480 |  400 | 1.00 | 1.00 |      49.2 |        49.3 |          48.4 |       42.3 
   ijkl-imln-njmk |   480 |  400 |  480 | 1.00 | 0.80 |      49.4 |        49.4 |          48.8 |       40.7 
   ijkl-imnj-nlkm |   480 |  400 |  480 | 1.00 | 0.80 |      49.1 |        49.1 |          48.5 |       41.6 
   ijkl-imnk-njml |   480 |  400 |  480 | 1.00 | 0.80 |      49.5 |        49.6 |          48.9 |       41.9 
   ijkl-minj-nlmk |   480 |  400 |  576 | 1.00 | 0.80 |      48.0 |        48.1 |          47.2 |       41.1 
   ijkl-mink-jnlm |   480 |  480 |  480 | 1.00 | 1.00 |      48.2 |        48.5 |          47.6 |       41.4 
   ijkl-minl-njmk |   480 |  400 |  576 | 1.00 | 0.80 |      48.4 |        48.4 |          47.6 |       41.3 
     aqrs-pa-pqrs |    24 | 8000 |   24 | 0.00 | 0.00 |      49.2 |        32.8 |          30.7 |       14.0 
     abrs-qb-aqrs |    20 | 9600 |   24 | 1.00 | 1.00 |      32.0 |        32.0 |          30.3 |       13.3 
     abcs-rc-abrs |    20 | 9600 |   24 | 1.00 | 1.00 |      31.6 |        31.6 |          29.7 |       13.3 
       abj-bka-kj |  5184 |   52 |   72 | 1.00 | 1.00 |      35.0 |        34.4 |          33.3 |       23.4 
       ajb-kba-jk |  3744 |   72 |   72 | 1.00 | 1.00 |      43.3 |        44.5 |          43.6 |       30.1 
     abjc-cbka-kj | 11520 |   20 |   24 | 1.00 | 1.00 |      19.7 |        19.5 |          16.7 |       12.9 
     ajbc-ckba-jk | 11520 |   24 |   20 | 1.00 | 1.00 |      25.0 |        25.1 |          22.9 |       15.0 
     abjc-kbac-jk |  9600 |   24 |   24 | 1.00 | 1.00 |      34.2 |        34.2 |          32.4 |       16.2 
   abjcd-dkbac-jk | 82944 |   24 |   12 | 1.00 | 1.00 |      15.4 |        15.5 |          14.5 |        8.2 
   adbjc-cbdka-kj | 82944 |   12 |   24 | 1.00 | 1.00 |       5.3 |         5.2 |           5.1 |        6.3 
   ajbdc-ckbad-jk | 82944 |   24 |   12 | 1.00 | 1.00 |      15.7 |        15.6 |          15.0 |        8.7 
 abcijk-ijma-mkbc |  4608 |  512 |   24 | 1.00 | 1.00 |      40.3 |        40.3 |          38.3 |       28.9 
 abcijk-ijmb-mkac |  1536 | 1536 |   24 | 1.00 | 1.00 |      41.8 |        42.5 |          40.6 |       26.3 
 abcijk-ijmc-mkab |  1536 | 1536 |   24 | 1.00 | 1.00 |      41.5 |        41.8 |          39.6 |       32.5 
 abcijk-ikma-mjbc |  4608 |  512 |   24 | 1.00 | 1.00 |      40.2 |        40.4 |          38.3 |       27.7 
 abcijk-ikmb-mjac |  1536 | 1536 |   24 | 1.00 | 1.00 |      41.9 |        42.5 |          40.5 |       26.6 
 abcijk-ikmc-mjab |  1536 | 1536 |   24 | 1.00 | 1.00 |      41.4 |        41.9 |          39.5 |       27.7 
 abcijk-jkma-mibc |  4608 |  512 |   24 | 1.00 | 1.00 |      40.4 |        40.4 |          38.3 |       31.2 
 abcijk-jkmb-miac |  1536 | 1536 |   24 | 1.00 | 1.00 |      42.1 |        42.6 |          40.5 |       21.5 
 abcijk-jkmc-miab |  1536 | 1536 |   24 | 1.00 | 1.00 |      41.7 |        41.8 |          39.8 |       30.0 
 abcijk-eiab-jkec |  1536 | 1536 |   24 | 1.00 | 1.00 |      41.6 |        42.1 |          39.9 |       30.3 
 abcijk-eiac-jkeb |  1536 | 1536 |   24 | 1.00 | 1.00 |      42.0 |        42.3 |          40.8 |       21.2 
 abcijk-eibc-jkea |   512 | 4608 |   24 | 1.00 | 1.00 |      40.4 |        40.3 |          38.5 |       31.2 
 abcijk-ejab-ikec |  1536 | 1536 |   24 | 1.00 | 1.00 |      41.6 |        42.0 |          39.7 |       28.8 
 abcijk-ejac-ikeb |  1536 | 1536 |   24 | 1.00 | 1.00 |      42.0 |        41.9 |          40.4 |       26.7 
 abcijk-ejbc-ikea |   512 | 4608 |   24 | 1.00 | 1.00 |      40.2 |        40.5 |          38.3 |       28.3 
 abcijk-ekab-ijec |  1536 | 1536 |   24 | 1.00 | 1.00 |      41.6 |        42.0 |          39.7 |       32.4 
 abcijk-ekac-ijeb |  1536 | 1536 |   24 | 1.00 | 1.00 |      41.7 |        42.3 |          40.6 |       26.6 
 abcijk-ekbc-ijea |   512 | 4608 |   24 | 1.00 | 1.00 |      40.4 |        40.5 |          38.2 |       28.0 
       abc-bk-akc |    72 | 3744 |   52 | 1.00 | 1.00 |      45.7 |        45.7 |          44.6 |       30.9 

=== c64 ===
             case |     m |    n |    k | regA | regB | plan GF/s | packed GF/s | upstream GF/s | tblis GF/s 
------------------+-------+------+------+------+------+-----------+-------------+---------------+------------
         ij-ik-kj |   384 |  364 |  384 | 1.00 | 1.00 |      35.1 |        35.1 |          34.5 |       41.1 
       ij-ikl-ljk |    72 |   52 | 3744 | 1.00 | 1.00 |      37.4 |        37.1 |          35.8 |       30.9 
       ij-kil-lkj |    72 |   52 | 5184 | 1.00 | 1.00 |      32.5 |        32.6 |          31.7 |       28.9 
       ijk-ikl-lj |  3744 |   52 |   72 | 1.00 | 1.00 |      44.5 |        44.4 |          43.9 |       29.1 
       ijk-il-jlk |    72 | 3744 |   52 | 1.00 | 1.00 |      40.7 |        38.9 |          38.0 |       37.9 
       ijk-ilk-jl |  3744 |   72 |   52 | 0.89 | 1.00 |      46.4 |        45.9 |          45.8 |       35.4 
       ijk-ilk-lj |  3744 |   52 |   72 | 0.89 | 1.00 |      44.0 |        43.9 |          43.7 |       30.2 
     ijk-ilmk-mjl |   480 |   20 |  480 | 0.67 | 1.00 |      37.6 |        37.5 |          36.8 |       29.2 
   ijkl-imjn-lnkm |   480 |  480 |  400 | 0.67 | 0.80 |      48.1 |        48.1 |          47.5 |       44.7 
   ijkl-imjn-nlmk |   480 |  400 |  480 | 0.67 | 0.81 |      48.2 |        48.3 |          47.6 |       43.5 
   ijkl-imkn-jnlm |   480 |  480 |  400 | 0.67 | 1.00 |      48.0 |        48.2 |          47.2 |       44.5 
   ijkl-imkn-njml |   480 |  400 |  480 | 0.67 | 0.81 |      48.1 |        48.2 |          47.6 |       43.6 
   ijkl-imln-jnkm |   480 |  480 |  400 | 0.67 | 1.00 |      48.2 |        48.2 |          47.4 |       44.7 
   ijkl-imln-njmk |   480 |  400 |  480 | 0.67 | 0.81 |      48.2 |        48.2 |          47.6 |       44.3 
   ijkl-imnj-nlkm |   480 |  400 |  480 | 0.67 | 0.81 |      48.2 |        48.2 |          47.7 |       44.6 
   ijkl-imnk-njml |   480 |  400 |  480 | 0.67 | 0.81 |      48.0 |        48.2 |          47.4 |       44.3 
   ijkl-minj-nlmk |   480 |  400 |  576 | 0.67 | 0.81 |      46.6 |        46.7 |          45.8 |       43.5 
   ijkl-mink-jnlm |   480 |  480 |  480 | 0.67 | 1.00 |      47.5 |        47.6 |          46.9 |       44.5 
   ijkl-minl-njmk |   480 |  400 |  576 | 0.67 | 0.81 |      46.8 |        46.8 |          46.0 |       43.9 
     aqrs-pa-pqrs |    24 | 8000 |   24 | 1.00 | 1.00 |      30.3 |        30.2 |          28.6 |       25.2 
     abrs-qb-aqrs |    20 | 9600 |   24 | 1.00 | 1.00 |      39.8 |        39.3 |          37.8 |       22.5 
     abcs-rc-abrs |    20 | 9600 |   24 | 1.00 | 1.00 |      33.9 |        33.6 |          32.9 |       23.5 
       abj-bka-kj |  5184 |   52 |   72 | 0.89 | 1.00 |      41.3 |        41.1 |          40.2 |       28.0 
       ajb-kba-jk |  3744 |   72 |   72 | 0.89 | 1.00 |      44.7 |        43.9 |          42.3 |       31.9 
     abjc-cbka-kj | 11520 |   20 |   24 | 0.67 | 1.00 |      24.0 |        24.1 |          22.8 |       21.9 
     ajbc-ckba-jk | 11520 |   24 |   20 | 1.00 | 1.00 |      27.6 |        27.2 |          24.5 |       21.6 
     abjc-kbac-jk |  9600 |   24 |   24 | 0.67 | 1.00 |      37.2 |        36.8 |          35.6 |       26.1 
   abjcd-dkbac-jk | 82944 |   24 |   12 | 0.67 | 1.00 |      22.3 |        22.1 |          20.5 |       15.9 
   adbjc-cbdka-kj | 82944 |   12 |   24 | 0.67 | 1.00 |      10.3 |        10.3 |          10.0 |       13.3 
   ajbdc-ckbad-jk | 82944 |   24 |   12 | 1.00 | 1.00 |      25.6 |        26.1 |          23.3 |       15.6 
 abcijk-ijma-mkbc |  4608 |  512 |   24 | 1.00 | 0.97 |      42.8 |        42.6 |          40.9 |       33.0 
 abcijk-ijmb-mkac |  1536 | 1536 |   24 | 1.00 | 0.75 |      44.9 |        44.8 |          42.4 |       32.9 
 abcijk-ijmc-mkab |  1536 | 1536 |   24 | 1.00 | 0.50 |      45.0 |        45.0 |          42.4 |       37.9 
 abcijk-ikma-mjbc |  4608 |  512 |   24 | 1.00 | 0.97 |      42.6 |        42.3 |          41.3 |       33.1 
 abcijk-ikmb-mjac |  1536 | 1536 |   24 | 1.00 | 0.75 |      45.3 |        45.1 |          43.3 |       33.9 
 abcijk-ikmc-mjab |  1536 | 1536 |   24 | 1.00 | 0.50 |      45.0 |        45.0 |          42.5 |       35.0 
 abcijk-jkma-mibc |  4608 |  512 |   24 | 1.00 | 0.97 |      42.7 |        42.7 |          41.0 |       36.1 
 abcijk-jkmb-miac |  1536 | 1536 |   24 | 1.00 | 0.75 |      44.8 |        45.0 |          43.2 |       29.4 
 abcijk-jkmc-miab |  1536 | 1536 |   24 | 1.00 | 0.50 |      44.9 |        45.0 |          42.4 |       37.6 
 abcijk-eiab-jkec |  1536 | 1536 |   24 | 1.00 | 0.50 |      45.0 |        44.9 |          42.4 |       37.4 
 abcijk-eiac-jkeb |  1536 | 1536 |   24 | 1.00 | 0.75 |      44.8 |        45.3 |          43.2 |       30.0 
 abcijk-eibc-jkea |   512 | 4608 |   24 | 1.00 | 0.97 |      42.8 |        42.4 |          40.8 |       36.1 
 abcijk-ejab-ikec |  1536 | 1536 |   24 | 1.00 | 0.50 |      45.0 |        45.0 |          42.4 |       35.6 
 abcijk-ejac-ikeb |  1536 | 1536 |   24 | 1.00 | 0.75 |      45.2 |        45.1 |          43.1 |       33.9 
 abcijk-ejbc-ikea |   512 | 4608 |   24 | 1.00 | 0.97 |      42.7 |        42.4 |          41.3 |       32.9 
 abcijk-ekab-ijec |  1536 | 1536 |   24 | 1.00 | 0.50 |      45.0 |        44.9 |          42.4 |       37.9 
 abcijk-ekac-ijeb |  1536 | 1536 |   24 | 1.00 | 0.75 |      44.8 |        44.9 |          43.1 |       32.9 
 abcijk-ekbc-ijea |   512 | 4608 |   24 | 1.00 | 0.97 |      42.7 |        42.4 |          40.7 |       33.0 
       abc-bk-akc |    72 | 3744 |   52 | 0.89 | 1.00 |      46.8 |        46.4 |          45.7 |       34.7 

=== complex efficiency ratio (c64 GF/s over f64 GF/s; 1.0 = no penalty) ===
             case | plan c64/f64 | packed c64/f64 | upstream c64/f64 | tblis c64/f64 
------------------+--------------+----------------+------------------+---------------
         ij-ik-kj |        0.946 |          1.007 |            1.009 |         1.387 
       ij-ikl-ljk |        0.978 |          0.971 |            0.968 |         1.416 
       ij-kil-lkj |        0.934 |          0.936 |            0.920 |         1.355 
       ijk-ikl-lj |        1.039 |          1.037 |            1.064 |         1.097 
       ijk-il-jlk |        0.930 |          0.888 |            0.916 |         1.293 
       ijk-ilk-jl |        1.021 |          1.009 |            1.039 |         1.156 
       ijk-ilk-lj |        1.033 |          1.024 |            1.049 |         1.121 
     ijk-ilmk-mjl |        1.055 |          1.054 |            1.050 |         1.790 
   ijkl-imjn-lnkm |        0.996 |          0.995 |            0.995 |         1.072 
   ijkl-imjn-nlmk |        0.980 |          0.981 |            0.981 |         1.095 
   ijkl-imkn-jnlm |        0.978 |          0.979 |            0.977 |         1.064 
   ijkl-imkn-njml |        0.975 |          0.978 |            0.974 |         1.063 
   ijkl-imln-jnkm |        0.979 |          0.978 |            0.980 |         1.056 
   ijkl-imln-njmk |        0.976 |          0.975 |            0.976 |         1.088 
   ijkl-imnj-nlkm |        0.981 |          0.982 |            0.983 |         1.072 
   ijkl-imnk-njml |        0.969 |          0.971 |            0.970 |         1.058 
   ijkl-minj-nlmk |        0.972 |          0.969 |            0.970 |         1.060 
   ijkl-mink-jnlm |        0.986 |          0.982 |            0.987 |         1.076 
   ijkl-minl-njmk |        0.967 |          0.967 |            0.966 |         1.064 
     aqrs-pa-pqrs |        0.617 |          0.920 |            0.930 |         1.792 
     abrs-qb-aqrs |        1.242 |          1.227 |            1.249 |         1.699 
     abcs-rc-abrs |        1.073 |          1.063 |            1.107 |         1.765 
       abj-bka-kj |        1.182 |          1.194 |            1.207 |         1.193 
       ajb-kba-jk |        1.031 |          0.986 |            0.970 |         1.060 
     abjc-cbka-kj |        1.219 |          1.235 |            1.367 |         1.696 
     ajbc-ckba-jk |        1.107 |          1.085 |            1.070 |         1.447 
     abjc-kbac-jk |        1.089 |          1.076 |            1.096 |         1.608 
   abjcd-dkbac-jk |        1.451 |          1.428 |            1.414 |         1.934 
   adbjc-cbdka-kj |        1.920 |          1.955 |            1.977 |         2.120 
   ajbdc-ckbad-jk |        1.633 |          1.670 |            1.555 |         1.788 
 abcijk-ijma-mkbc |        1.060 |          1.057 |            1.067 |         1.145 
 abcijk-ijmb-mkac |        1.075 |          1.056 |            1.044 |         1.248 
 abcijk-ijmc-mkab |        1.085 |          1.077 |            1.071 |         1.169 
 abcijk-ikma-mjbc |        1.060 |          1.046 |            1.078 |         1.193 
 abcijk-ikmb-mjac |        1.081 |          1.062 |            1.068 |         1.276 
 abcijk-ikmc-mjab |        1.087 |          1.075 |            1.075 |         1.263 
 abcijk-jkma-mibc |        1.058 |          1.055 |            1.070 |         1.157 
 abcijk-jkmb-miac |        1.065 |          1.056 |            1.064 |         1.365 
 abcijk-jkmc-miab |        1.077 |          1.075 |            1.064 |         1.255 
 abcijk-eiab-jkec |        1.079 |          1.068 |            1.064 |         1.235 
 abcijk-eiac-jkeb |        1.067 |          1.071 |            1.059 |         1.417 
 abcijk-eibc-jkea |        1.058 |          1.051 |            1.059 |         1.157 
 abcijk-ejab-ikec |        1.081 |          1.071 |            1.069 |         1.237 
 abcijk-ejac-ikeb |        1.076 |          1.076 |            1.068 |         1.271 
 abcijk-ejbc-ikea |        1.062 |          1.046 |            1.079 |         1.165 
 abcijk-ekab-ijec |        1.084 |          1.070 |            1.070 |         1.170 
 abcijk-ekac-ijeb |        1.074 |          1.061 |            1.063 |         1.238 
 abcijk-ekbc-ijea |        1.058 |          1.046 |            1.066 |         1.180 
       abc-bk-akc |        1.023 |          1.015 |            1.024 |         1.123 
             MEAN |        1.073 |          1.075 |            1.080 |         1.301 

wrote /home/shinaoka/projects/tensor4all/tprims-rs/benchmarks/benchmarks/tcbench/results/scaling-layout/baseline/A-1m-1t.pending.csv
