# threads: requested=1 pool=1 budget=1
host        : shinaoka-EVO-X1Pro
target      : x86_64 / linux
cpu features: avx2 fma avx512f avx512dq 
caches      : L1=48KiB/12-way/2sh L2=1024KiB/16-way/2sh L3=16384KiB/16-way/8sh (via sysfs), blocking=legacy
l3 domains  : t1=1
baselines   : tblis=true blas=false
tblis       : abi 2.x, 1 thread(s)

running 49 cases at 16 MiB nominal tensor size, 5 reps, stress=none


=== f64 ===
             case |      m |     n |     k | regA | regB | plan GF/s | packed GF/s | upstream GF/s | tblis GF/s 
------------------+--------+-------+-------+------+------+-----------+-------------+---------------+------------
         ij-ik-kj |   1464 |  1448 |  1464 | 0.00 | 0.00 |      36.3 |        48.7 |          47.7 |       46.0 
       ij-ikl-ljk |    144 |   128 | 18432 | 1.00 | 1.00 |      37.9 |        37.9 |          36.9 |       27.5 
       ij-kil-lkj |    144 |   128 | 20736 | 1.00 | 1.00 |      36.0 |        36.1 |          35.2 |       25.4 
       ijk-ikl-lj |  18432 |   128 |   144 | 1.00 | 1.00 |      42.8 |        42.7 |          41.2 |       35.0 
       ijk-il-jlk |    144 | 18432 |   128 | 1.00 | 1.00 |      38.3 |        38.5 |          35.1 |       36.7 
       ijk-ilk-jl |  18432 |   144 |   128 | 1.00 | 1.00 |      44.7 |        44.7 |          44.3 |       36.3 
       ijk-ilk-lj |  18432 |   128 |   144 | 1.00 | 1.00 |      44.4 |        44.3 |          44.2 |       34.1 
     ijk-ilmk-mjl |   1920 |    40 |  1920 | 1.00 | 1.00 |      40.8 |        40.9 |          40.0 |       21.9 
   ijkl-imjn-lnkm |   1920 |  1920 |  1600 | 1.00 | 1.00 |      47.2 |        47.4 |          46.0 |       47.1 
   ijkl-imjn-nlmk |   1920 |  1600 |  1920 | 1.00 | 1.00 |      47.4 |        47.4 |          46.0 |       46.1 
   ijkl-imkn-jnlm |   1920 |  1920 |  1600 | 1.00 | 1.00 |      47.3 |        47.3 |          45.8 |       46.2 
   ijkl-imkn-njml |   1920 |  1600 |  1920 | 1.00 | 1.00 |      47.6 |        47.6 |          46.3 |       45.7 
   ijkl-imln-jnkm |   1920 |  1920 |  1600 | 1.00 | 1.00 |      47.4 |        47.4 |          45.7 |       46.0 
   ijkl-imln-njmk |   1920 |  1600 |  1920 | 1.00 | 1.00 |      47.7 |        47.7 |          46.4 |       45.4 
   ijkl-imnj-nlkm |   1920 |  1600 |  1920 | 1.00 | 1.00 |      47.4 |        47.5 |          46.1 |       46.2 
   ijkl-imnk-njml |   1920 |  1600 |  1920 | 1.00 | 1.00 |      47.7 |        47.7 |          46.5 |       46.3 
   ijkl-minj-nlmk |   1920 |  1600 |  2304 | 1.00 | 1.00 |      46.3 |        46.3 |          45.6 |       44.9 
   ijkl-mink-jnlm |   1920 |  1920 |  1920 | 1.00 | 1.00 |      46.8 |        46.8 |          46.2 |       46.7 
   ijkl-minl-njmk |   1920 |  1600 |  2304 | 1.00 | 1.00 |      46.8 |        46.7 |          45.5 |       45.8 
     aqrs-pa-pqrs |     48 | 64000 |    48 | 0.00 | 0.00 |      39.5 |        33.3 |          30.2 |       19.1 
     abrs-qb-aqrs |     40 | 76800 |    48 | 1.00 | 1.00 |      34.3 |        34.7 |          34.6 |       19.7 
     abcs-rc-abrs |     40 | 76800 |    48 | 1.00 | 1.00 |      30.7 |        30.9 |          28.8 |       21.4 
       abj-bka-kj |  20736 |   128 |   144 | 1.00 | 1.00 |      38.7 |        38.7 |          38.7 |       26.6 
       ajb-kba-jk |  18432 |   144 |   144 | 1.00 | 1.00 |      42.7 |        42.7 |          42.7 |       37.2 
     abjc-cbka-kj |  92160 |    40 |    48 | 1.00 | 1.00 |       9.6 |         9.6 |           9.2 |       13.5 
     ajbc-ckba-jk |  92160 |    48 |    40 | 1.00 | 1.00 |      17.8 |        17.9 |          17.2 |       19.4 
     abjc-kbac-jk |  76800 |    48 |    48 | 1.00 | 1.00 |      29.0 |        29.2 |          29.4 |       18.5 
   abjcd-dkbac-jk | 230400 |    24 |    20 | 1.00 | 1.00 |      13.3 |        13.3 |          12.3 |       10.1 
   adbjc-cbdka-kj | 230400 |    20 |    24 | 1.00 | 1.00 |       5.4 |         5.4 |           5.2 |        6.4 
   ajbdc-ckbad-jk | 230400 |    24 |    20 | 1.00 | 1.00 |      12.8 |        12.8 |          11.8 |       10.6 
 abcijk-ijma-mkbc |   6912 |  1728 |    24 | 1.00 | 1.00 |      41.5 |        41.4 |          39.4 |       33.7 
 abcijk-ijmb-mkac |   3456 |  3456 |    24 | 1.00 | 0.67 |      41.2 |        41.0 |          38.9 |       24.2 
 abcijk-ijmc-mkab |   3456 |  3456 |    24 | 1.00 | 0.67 |      39.7 |        39.7 |          37.3 |       31.3 
 abcijk-ikma-mjbc |   6912 |  1728 |    24 | 1.00 | 1.00 |      41.1 |        41.1 |          39.0 |       33.4 
 abcijk-ikmb-mjac |   3456 |  3456 |    24 | 1.00 | 0.67 |      41.0 |        40.8 |          39.2 |       29.8 
 abcijk-ikmc-mjab |   3456 |  3456 |    24 | 1.00 | 0.67 |      39.6 |        39.7 |          37.3 |       26.1 
 abcijk-jkma-mibc |   6912 |  1728 |    24 | 1.00 | 1.00 |      42.3 |        42.4 |          40.3 |       33.4 
 abcijk-jkmb-miac |   3456 |  3456 |    24 | 1.00 | 0.67 |      41.0 |        40.9 |          38.5 |       16.1 
 abcijk-jkmc-miab |   3456 |  3456 |    24 | 1.00 | 0.67 |      40.0 |        39.9 |          37.5 |       21.9 
 abcijk-eiab-jkec |   3456 |  3456 |    24 | 1.00 | 0.67 |      40.1 |        39.9 |          37.7 |       22.3 
 abcijk-eiac-jkeb |   3456 |  3456 |    24 | 1.00 | 0.67 |      41.2 |        41.0 |          37.7 |       16.0 
 abcijk-eibc-jkea |   1728 |  6912 |    24 | 1.00 | 1.00 |      41.4 |        41.1 |          39.3 |       33.7 
 abcijk-ejab-ikec |   3456 |  3456 |    24 | 1.00 | 0.67 |      39.7 |        39.6 |          37.2 |       26.1 
 abcijk-ejac-ikeb |   3456 |  3456 |    24 | 1.00 | 0.67 |      41.1 |        40.8 |          38.8 |       29.7 
 abcijk-ejbc-ikea |   1728 |  6912 |    24 | 1.00 | 1.00 |      41.4 |        41.0 |          38.6 |       33.8 
 abcijk-ekab-ijec |   3456 |  3456 |    24 | 1.00 | 0.67 |      39.6 |        39.6 |          37.3 |       31.3 
 abcijk-ekac-ijeb |   3456 |  3456 |    24 | 1.00 | 0.67 |      41.1 |        40.7 |          39.2 |       24.1 
 abcijk-ekbc-ijea |   1728 |  6912 |    24 | 1.00 | 1.00 |      41.0 |        40.9 |          38.9 |       33.6 
       abc-bk-akc |    144 | 18432 |   128 | 1.00 | 1.00 |      44.1 |        44.3 |          43.3 |       35.7 

=== c64 ===
             case |      m |     n |     k | regA | regB | plan GF/s | packed GF/s | upstream GF/s | tblis GF/s 
------------------+--------+-------+-------+------+------+-----------+-------------+---------------+------------
         ij-ik-kj |   1464 |  1448 |  1464 | 1.00 | 1.00 |      48.4 |        48.3 |          48.0 |       47.7 
       ij-ikl-ljk |    144 |   128 | 18432 | 1.00 | 1.00 |      42.2 |        42.1 |          40.2 |       34.1 
       ij-kil-lkj |    144 |   128 | 20736 | 1.00 | 1.00 |      40.4 |        40.4 |          38.4 |       31.2 
       ijk-ikl-lj |  18432 |   128 |   144 | 1.00 | 1.00 |      46.5 |        46.5 |          45.8 |       36.7 
       ijk-il-jlk |    144 | 18432 |   128 | 1.00 | 1.00 |      44.6 |        44.8 |          43.6 |       42.9 
       ijk-ilk-jl |  18432 |   144 |   128 | 1.00 | 1.00 |      48.7 |        48.7 |          48.2 |       39.5 
       ijk-ilk-lj |  18432 |   128 |   144 | 1.00 | 1.00 |      47.4 |        47.4 |          46.8 |       38.1 
     ijk-ilmk-mjl |   1920 |    40 |  1920 | 1.00 | 1.00 |      41.7 |        41.8 |          40.9 |       28.2 
   ijkl-imjn-lnkm |   1920 |  1920 |  1600 | 1.00 | 0.90 |      48.2 |        48.2 |          47.8 |       45.4 
   ijkl-imjn-nlmk |   1920 |  1600 |  1920 | 1.00 | 0.90 |      48.0 |        48.0 |          47.6 |       45.1 
   ijkl-imkn-jnlm |   1920 |  1920 |  1600 | 1.00 | 1.00 |      48.3 |        48.3 |          47.9 |       45.9 
   ijkl-imkn-njml |   1920 |  1600 |  1920 | 1.00 | 0.90 |      48.4 |        48.4 |          47.9 |       44.9 
   ijkl-imln-jnkm |   1920 |  1920 |  1600 | 1.00 | 1.00 |      48.5 |        48.5 |          48.0 |       45.9 
   ijkl-imln-njmk |   1920 |  1600 |  1920 | 1.00 | 0.90 |      48.5 |        48.5 |          48.0 |       45.3 
   ijkl-imnj-nlkm |   1920 |  1600 |  1920 | 1.00 | 0.90 |      48.0 |        48.1 |          47.7 |       45.2 
   ijkl-imnk-njml |   1920 |  1600 |  1920 | 1.00 | 0.90 |      48.4 |        48.3 |          47.9 |       45.4 
   ijkl-minj-nlmk |   1920 |  1600 |  2304 | 1.00 | 0.90 |      47.3 |        47.3 |          46.7 |       45.3 
   ijkl-mink-jnlm |   1920 |  1920 |  1920 | 1.00 | 1.00 |      47.7 |        47.7 |          47.0 |       45.9 
   ijkl-minl-njmk |   1920 |  1600 |  2304 | 1.00 | 0.90 |      47.7 |        47.7 |          47.2 |       45.2 
     aqrs-pa-pqrs |     48 | 64000 |    48 | 1.00 | 1.00 |      38.7 |        38.8 |          37.4 |       29.2 
     abrs-qb-aqrs |     40 | 76800 |    48 | 1.00 | 1.00 |      39.5 |        39.6 |          38.9 |       29.1 
     abcs-rc-abrs |     40 | 76800 |    48 | 1.00 | 1.00 |      39.2 |        39.1 |          37.9 |       29.2 
       abj-bka-kj |  20736 |   128 |   144 | 1.00 | 1.00 |      41.1 |        41.1 |          40.4 |       31.1 
       ajb-kba-jk |  18432 |   144 |   144 | 1.00 | 1.00 |      48.6 |        48.6 |          48.1 |       40.6 
     abjc-cbka-kj |  92160 |    40 |    48 | 1.00 | 1.00 |      19.1 |        19.1 |          18.8 |       22.6 
     ajbc-ckba-jk |  92160 |    48 |    40 | 1.00 | 1.00 |      25.7 |        25.7 |          25.0 |       33.0 
     abjc-kbac-jk |  76800 |    48 |    48 | 1.00 | 1.00 |      40.0 |        39.9 |          39.0 |       26.7 
   abjcd-dkbac-jk | 230400 |    24 |    20 | 0.67 | 1.00 |      21.2 |        21.2 |          19.9 |       19.4 
   adbjc-cbdka-kj | 230400 |    20 |    24 | 0.67 | 1.00 |      11.6 |        11.6 |          11.4 |       18.0 
   ajbdc-ckbad-jk | 230400 |    24 |    20 | 1.00 | 1.00 |      20.3 |        20.4 |          19.3 |       19.4 
 abcijk-ijma-mkbc |   6912 |  1728 |    24 | 1.00 | 1.00 |      43.8 |        43.8 |          42.3 |       37.4 
 abcijk-ijmb-mkac |   3456 |  3456 |    24 | 1.00 | 1.00 |      45.3 |        45.3 |          43.7 |       33.2 
 abcijk-ijmc-mkab |   3456 |  3456 |    24 | 1.00 | 1.00 |      44.4 |        44.4 |          43.0 |       39.3 
 abcijk-ikma-mjbc |   6912 |  1728 |    24 | 1.00 | 1.00 |      43.7 |        43.8 |          42.0 |       37.3 
 abcijk-ikmb-mjac |   3456 |  3456 |    24 | 1.00 | 1.00 |      45.2 |        45.2 |          43.7 |       35.0 
 abcijk-ikmc-mjab |   3456 |  3456 |    24 | 1.00 | 1.00 |      44.4 |        44.4 |          43.0 |       35.3 
 abcijk-jkma-mibc |   6912 |  1728 |    24 | 1.00 | 1.00 |      43.9 |        43.9 |          42.3 |       37.4 
 abcijk-jkmb-miac |   3456 |  3456 |    24 | 1.00 | 1.00 |      45.0 |        45.0 |          43.1 |       28.3 
 abcijk-jkmc-miab |   3456 |  3456 |    24 | 1.00 | 1.00 |      44.4 |        44.3 |          42.5 |       34.6 
 abcijk-eiab-jkec |   3456 |  3456 |    24 | 1.00 | 1.00 |      44.3 |        44.3 |          42.7 |       34.9 
 abcijk-eiac-jkeb |   3456 |  3456 |    24 | 1.00 | 1.00 |      45.0 |        45.0 |          43.1 |       28.3 
 abcijk-eibc-jkea |   1728 |  6912 |    24 | 1.00 | 1.00 |      43.9 |        43.9 |          42.3 |       37.4 
 abcijk-ejab-ikec |   3456 |  3456 |    24 | 1.00 | 1.00 |      44.4 |        44.4 |          43.0 |       35.5 
 abcijk-ejac-ikeb |   3456 |  3456 |    24 | 1.00 | 1.00 |      45.2 |        45.2 |          43.7 |       34.8 
 abcijk-ejbc-ikea |   1728 |  6912 |    24 | 1.00 | 1.00 |      43.7 |        43.7 |          42.2 |       37.3 
 abcijk-ekab-ijec |   3456 |  3456 |    24 | 1.00 | 1.00 |      44.4 |        44.4 |          43.1 |       39.4 
 abcijk-ekac-ijeb |   3456 |  3456 |    24 | 1.00 | 1.00 |      45.1 |        45.2 |          43.7 |       33.3 
 abcijk-ekbc-ijea |   1728 |  6912 |    24 | 1.00 | 1.00 |      43.8 |        43.9 |          42.3 |       37.3 
       abc-bk-akc |    144 | 18432 |   128 | 1.00 | 1.00 |      48.7 |        48.7 |          47.9 |       39.3 

=== complex efficiency ratio (c64 GF/s over f64 GF/s; 1.0 = no penalty) ===
             case | plan c64/f64 | packed c64/f64 | upstream c64/f64 | tblis c64/f64 
------------------+--------------+----------------+------------------+---------------
         ij-ik-kj |        1.335 |          0.992 |            1.007 |         1.035 
       ij-ikl-ljk |        1.113 |          1.112 |            1.091 |         1.238 
       ij-kil-lkj |        1.123 |          1.120 |            1.093 |         1.228 
       ijk-ikl-lj |        1.087 |          1.087 |            1.112 |         1.048 
       ijk-il-jlk |        1.165 |          1.164 |            1.245 |         1.169 
       ijk-ilk-jl |        1.089 |          1.089 |            1.088 |         1.089 
       ijk-ilk-lj |        1.067 |          1.069 |            1.059 |         1.117 
     ijk-ilmk-mjl |        1.022 |          1.023 |            1.022 |         1.286 
   ijkl-imjn-lnkm |        1.021 |          1.017 |            1.039 |         0.963 
   ijkl-imjn-nlmk |        1.013 |          1.012 |            1.034 |         0.979 
   ijkl-imkn-jnlm |        1.022 |          1.022 |            1.046 |         0.993 
   ijkl-imkn-njml |        1.018 |          1.017 |            1.034 |         0.984 
   ijkl-imln-jnkm |        1.023 |          1.023 |            1.049 |         0.997 
   ijkl-imln-njmk |        1.016 |          1.016 |            1.035 |         0.998 
   ijkl-imnj-nlkm |        1.012 |          1.013 |            1.035 |         0.979 
   ijkl-imnk-njml |        1.014 |          1.014 |            1.031 |         0.980 
   ijkl-minj-nlmk |        1.021 |          1.022 |            1.025 |         1.008 
   ijkl-mink-jnlm |        1.018 |          1.019 |            1.019 |         0.982 
   ijkl-minl-njmk |        1.021 |          1.021 |            1.036 |         0.987 
     aqrs-pa-pqrs |        0.979 |          1.164 |            1.242 |         1.534 
     abrs-qb-aqrs |        1.151 |          1.140 |            1.126 |         1.480 
     abcs-rc-abrs |        1.278 |          1.265 |            1.317 |         1.364 
       abj-bka-kj |        1.063 |          1.061 |            1.044 |         1.166 
       ajb-kba-jk |        1.139 |          1.138 |            1.127 |         1.092 
     abjc-cbka-kj |        2.001 |          2.001 |            2.047 |         1.670 
     ajbc-ckba-jk |        1.443 |          1.439 |            1.451 |         1.705 
     abjc-kbac-jk |        1.376 |          1.367 |            1.330 |         1.440 
   abjcd-dkbac-jk |        1.588 |          1.590 |            1.619 |         1.919 
   adbjc-cbdka-kj |        2.141 |          2.144 |            2.202 |         2.819 
   ajbdc-ckbad-jk |        1.587 |          1.593 |            1.639 |         1.827 
 abcijk-ijma-mkbc |        1.055 |          1.058 |            1.072 |         1.110 
 abcijk-ijmb-mkac |        1.098 |          1.106 |            1.124 |         1.371 
 abcijk-ijmc-mkab |        1.118 |          1.119 |            1.154 |         1.256 
 abcijk-ikma-mjbc |        1.063 |          1.066 |            1.078 |         1.119 
 abcijk-ikmb-mjac |        1.102 |          1.106 |            1.114 |         1.173 
 abcijk-ikmc-mjab |        1.121 |          1.119 |            1.151 |         1.351 
 abcijk-jkma-mibc |        1.038 |          1.035 |            1.049 |         1.118 
 abcijk-jkmb-miac |        1.096 |          1.101 |            1.122 |         1.760 
 abcijk-jkmc-miab |        1.108 |          1.109 |            1.134 |         1.576 
 abcijk-eiab-jkec |        1.106 |          1.111 |            1.133 |         1.568 
 abcijk-eiac-jkeb |        1.093 |          1.097 |            1.144 |         1.770 
 abcijk-eibc-jkea |        1.060 |          1.066 |            1.078 |         1.108 
 abcijk-ejab-ikec |        1.118 |          1.121 |            1.156 |         1.359 
 abcijk-ejac-ikeb |        1.099 |          1.107 |            1.125 |         1.172 
 abcijk-ejbc-ikea |        1.054 |          1.067 |            1.095 |         1.104 
 abcijk-ekab-ijec |        1.120 |          1.121 |            1.156 |         1.257 
 abcijk-ekac-ijeb |        1.099 |          1.109 |            1.115 |         1.383 
 abcijk-ekbc-ijea |        1.068 |          1.072 |            1.086 |         1.109 
       abc-bk-akc |        1.103 |          1.100 |            1.108 |         1.101 
             MEAN |        1.156 |          1.154 |            1.172 |         1.282 

wrote /home/shinaoka/projects/tensor4all/tprims-rs/benchmarks/benchmarks/tcbench/results/scaling-layout/baseline/A2-16m-1t.pending.csv
