# threads: requested=8 pool=8 budget=8
host        : shinaoka-EVO-X1Pro
target      : x86_64 / linux
cpu features: avx2 fma avx512f avx512dq 
caches      : L1=48KiB/12-way/2sh L2=1024KiB/16-way/2sh L3=16384KiB/16-way/8sh (via sysfs), blocking=legacy
l3 domains  : t1=1 t4=1 t8=2 t16=4
baselines   : tblis=true blas=false
tblis       : abi 2.x, 8 thread(s)

running 49 cases at 16 MiB nominal tensor size, 5 reps, stress=none


=== f64 ===
             case |      m |     n |     k | regA | regB | plan GF/s | packed GF/s | upstream GF/s | tblis GF/s 
------------------+--------+-------+-------+------+------+-----------+-------------+---------------+------------
         ij-ik-kj |   1464 |  1448 |  1464 | 0.00 | 0.00 |     282.8 |       254.5 |         247.5 |      321.1 
       ij-ikl-ljk |    144 |   128 | 18432 | 1.00 | 1.00 |     193.0 |       212.2 |         193.9 |      134.1 
       ij-kil-lkj |    144 |   128 | 20736 | 1.00 | 1.00 |     182.2 |       183.0 |         168.6 |      118.3 
       ijk-ikl-lj |  18432 |   128 |   144 | 1.00 | 1.00 |     280.7 |       286.0 |         275.6 |      166.3 
       ijk-il-jlk |    144 | 18432 |   128 | 1.00 | 1.00 |     290.9 |       286.5 |         270.5 |      261.6 
       ijk-ilk-jl |  18432 |   144 |   128 | 1.00 | 1.00 |     303.6 |       308.8 |         292.8 |      195.7 
       ijk-ilk-lj |  18432 |   128 |   144 | 1.00 | 1.00 |     296.0 |       298.1 |         290.2 |      187.0 
     ijk-ilmk-mjl |   1920 |    40 |  1920 | 1.00 | 1.00 |     169.4 |       212.6 |         190.8 |      151.8 
   ijkl-imjn-lnkm |   1920 |  1920 |  1600 | 1.00 | 1.00 |     332.9 |       331.6 |         321.4 |      332.4 
   ijkl-imjn-nlmk |   1920 |  1600 |  1920 | 1.00 | 1.00 |     327.8 |       327.3 |         319.2 |      327.1 
   ijkl-imkn-jnlm |   1920 |  1920 |  1600 | 1.00 | 1.00 |     346.2 |       348.3 |         341.4 |      325.6 
   ijkl-imkn-njml |   1920 |  1600 |  1920 | 1.00 | 1.00 |     346.5 |       342.5 |         340.0 |      327.5 
   ijkl-imln-jnkm |   1920 |  1920 |  1600 | 1.00 | 1.00 |     351.3 |       349.6 |         343.7 |      324.4 
   ijkl-imln-njmk |   1920 |  1600 |  1920 | 1.00 | 1.00 |     347.4 |       346.1 |         346.2 |      328.1 
   ijkl-imnj-nlkm |   1920 |  1600 |  1920 | 1.00 | 1.00 |     326.4 |       326.5 |         317.0 |      330.0 
   ijkl-imnk-njml |   1920 |  1600 |  1920 | 1.00 | 1.00 |     344.7 |       346.1 |         339.2 |      330.0 
   ijkl-minj-nlmk |   1920 |  1600 |  2304 | 1.00 | 1.00 |     325.7 |       325.8 |         316.7 |      311.8 
   ijkl-mink-jnlm |   1920 |  1920 |  1920 | 1.00 | 1.00 |     349.3 |       349.2 |         344.7 |      327.0 
   ijkl-minl-njmk |   1920 |  1600 |  2304 | 1.00 | 1.00 |     337.7 |       337.9 |         327.4 |      312.8 
     aqrs-pa-pqrs |     48 | 64000 |    48 | 0.00 | 0.00 |     202.1 |       176.5 |         162.0 |      106.2 
     abrs-qb-aqrs |     40 | 76800 |    48 | 1.00 | 1.00 |     193.9 |       193.5 |         175.8 |      105.6 
     abcs-rc-abrs |     40 | 76800 |    48 | 1.00 | 1.00 |     147.5 |       149.7 |         139.0 |       70.3 
       abj-bka-kj |  20736 |   128 |   144 | 1.00 | 1.00 |     178.7 |       174.7 |         165.5 |      117.1 
       ajb-kba-jk |  18432 |   144 |   144 | 1.00 | 1.00 |     239.5 |       278.4 |         262.7 |      201.2 
     abjc-cbka-kj |  92160 |    40 |    48 | 1.00 | 1.00 |      42.5 |        41.9 |          40.9 |       55.0 
     ajbc-ckba-jk |  92160 |    48 |    40 | 1.00 | 1.00 |      69.4 |        69.3 |          66.4 |       86.6 
     abjc-kbac-jk |  76800 |    48 |    48 | 1.00 | 1.00 |     145.2 |       144.9 |         136.9 |       72.8 
   abjcd-dkbac-jk | 230400 |    24 |    20 | 1.00 | 1.00 |      49.7 |        50.0 |          46.1 |       42.9 
   adbjc-cbdka-kj | 230400 |    20 |    24 | 1.00 | 1.00 |      27.1 |        27.2 |          26.3 |       22.6 
   ajbdc-ckbad-jk | 230400 |    24 |    20 | 1.00 | 1.00 |      50.3 |        50.3 |          46.6 |       46.8 
 abcijk-ijma-mkbc |   6912 |  1728 |    24 | 1.00 | 1.00 |     156.6 |       156.5 |         155.3 |      147.9 
 abcijk-ijmb-mkac |   3456 |  3456 |    24 | 1.00 | 0.67 |     161.1 |       161.4 |         152.5 |       84.0 
 abcijk-ijmc-mkab |   3456 |  3456 |    24 | 1.00 | 0.67 |     158.1 |       156.1 |         152.5 |      107.2 
 abcijk-ikma-mjbc |   6912 |  1728 |    24 | 1.00 | 1.00 |     157.3 |       156.1 |         153.6 |      146.9 
 abcijk-ikmb-mjac |   3456 |  3456 |    24 | 1.00 | 0.67 |     161.3 |       159.1 |         153.2 |      120.0 
 abcijk-ikmc-mjab |   3456 |  3456 |    24 | 1.00 | 0.67 |     155.1 |       157.1 |         153.2 |      106.0 
 abcijk-jkma-mibc |   6912 |  1728 |    24 | 1.00 | 1.00 |     154.8 |       155.5 |         151.6 |      149.3 
 abcijk-jkmb-miac |   3456 |  3456 |    24 | 1.00 | 0.67 |     163.3 |       158.7 |         152.2 |       77.6 
 abcijk-jkmc-miab |   3456 |  3456 |    24 | 1.00 | 0.67 |     155.7 |       158.2 |         150.5 |       84.8 
 abcijk-eiab-jkec |   3456 |  3456 |    24 | 1.00 | 0.67 |     158.3 |       156.6 |         152.2 |       85.5 
 abcijk-eiac-jkeb |   3456 |  3456 |    24 | 1.00 | 0.67 |     158.9 |       160.7 |         152.2 |       78.5 
 abcijk-eibc-jkea |   1728 |  6912 |    24 | 1.00 | 1.00 |     154.4 |       154.7 |         151.2 |      150.2 
 abcijk-ejab-ikec |   3456 |  3456 |    24 | 1.00 | 0.67 |     158.5 |       157.6 |         152.4 |      107.0 
 abcijk-ejac-ikeb |   3456 |  3456 |    24 | 1.00 | 0.67 |     161.9 |       159.9 |         152.5 |      120.0 
 abcijk-ejbc-ikea |   1728 |  6912 |    24 | 1.00 | 1.00 |     156.7 |       156.3 |         154.2 |      146.6 
 abcijk-ekab-ijec |   3456 |  3456 |    24 | 1.00 | 0.67 |     157.3 |       159.6 |         153.7 |      105.3 
 abcijk-ekac-ijeb |   3456 |  3456 |    24 | 1.00 | 0.67 |     161.4 |       159.0 |         153.0 |       86.8 
 abcijk-ekbc-ijea |   1728 |  6912 |    24 | 1.00 | 1.00 |     156.5 |       155.6 |         153.0 |      147.9 
       abc-bk-akc |    144 | 18432 |   128 | 1.00 | 1.00 |     301.3 |       309.2 |         289.3 |      199.3 

=== c64 ===
             case |      m |     n |     k | regA | regB | plan GF/s | packed GF/s | upstream GF/s | tblis GF/s 
------------------+--------+-------+-------+------+------+-----------+-------------+---------------+------------
         ij-ik-kj |   1464 |  1448 |  1464 | 1.00 | 1.00 |     349.4 |       347.7 |         339.7 |      359.3 
       ij-ikl-ljk |    144 |   128 | 18432 | 1.00 | 1.00 |     168.7 |       168.4 |         162.6 |      193.4 
       ij-kil-lkj |    144 |   128 | 20736 | 1.00 | 1.00 |     164.2 |       162.5 |         156.3 |      172.6 
       ijk-ikl-lj |  18432 |   128 |   144 | 1.00 | 1.00 |     344.1 |       345.3 |         337.8 |      229.9 
       ijk-il-jlk |    144 | 18432 |   128 | 1.00 | 1.00 |     202.2 |       202.0 |         200.8 |      330.3 
       ijk-ilk-jl |  18432 |   144 |   128 | 1.00 | 1.00 |     372.7 |       366.5 |         361.4 |      257.9 
       ijk-ilk-lj |  18432 |   128 |   144 | 1.00 | 1.00 |     342.1 |       356.4 |         353.0 |      251.0 
     ijk-ilmk-mjl |   1920 |    40 |  1920 | 1.00 | 1.00 |     251.6 |       271.2 |         257.2 |      200.5 
   ijkl-imjn-lnkm |   1920 |  1920 |  1600 | 1.00 | 0.90 |     349.1 |       347.4 |         339.2 |      352.2 
   ijkl-imjn-nlmk |   1920 |  1600 |  1920 | 1.00 | 0.90 |     352.5 |       352.6 |         346.3 |      353.0 
   ijkl-imkn-jnlm |   1920 |  1920 |  1600 | 1.00 | 1.00 |     363.5 |       363.3 |         354.3 |      345.6 
   ijkl-imkn-njml |   1920 |  1600 |  1920 | 1.00 | 0.90 |     359.2 |       358.4 |         351.6 |      348.9 
   ijkl-imln-jnkm |   1920 |  1920 |  1600 | 1.00 | 1.00 |     365.0 |       364.4 |         356.5 |      346.6 
   ijkl-imln-njmk |   1920 |  1600 |  1920 | 1.00 | 0.90 |     359.8 |       359.7 |         350.5 |      351.6 
   ijkl-imnj-nlkm |   1920 |  1600 |  1920 | 1.00 | 0.90 |     353.4 |       353.1 |         347.0 |      352.2 
   ijkl-imnk-njml |   1920 |  1600 |  1920 | 1.00 | 0.90 |     360.0 |       360.3 |         350.3 |      350.3 
   ijkl-minj-nlmk |   1920 |  1600 |  2304 | 1.00 | 0.90 |     353.8 |       353.5 |         348.8 |      347.4 
   ijkl-mink-jnlm |   1920 |  1920 |  1920 | 1.00 | 1.00 |     365.1 |       365.0 |         357.2 |      349.6 
   ijkl-minl-njmk |   1920 |  1600 |  2304 | 1.00 | 0.90 |     361.4 |       360.7 |         353.0 |      350.2 
     aqrs-pa-pqrs |     48 | 64000 |    48 | 1.00 | 1.00 |     272.2 |       273.3 |         263.9 |      199.6 
     abrs-qb-aqrs |     40 | 76800 |    48 | 1.00 | 1.00 |     287.7 |       285.7 |         279.3 |      139.2 
     abcs-rc-abrs |     40 | 76800 |    48 | 1.00 | 1.00 |     256.1 |       253.3 |         241.8 |      132.5 
       abj-bka-kj |  20736 |   128 |   144 | 1.00 | 1.00 |     284.9 |       278.5 |         275.9 |      194.5 
       ajb-kba-jk |  18432 |   144 |   144 | 1.00 | 1.00 |     369.0 |       367.0 |         359.2 |      267.7 
     abjc-cbka-kj |  92160 |    40 |    48 | 1.00 | 1.00 |     121.8 |       121.0 |         117.0 |      110.5 
     ajbc-ckba-jk |  92160 |    48 |    40 | 1.00 | 1.00 |      35.3 |        35.2 |          33.8 |      141.8 
     abjc-kbac-jk |  76800 |    48 |    48 | 1.00 | 1.00 |     207.0 |       207.5 |         204.2 |      131.5 
   abjcd-dkbac-jk | 230400 |    24 |    20 | 0.67 | 1.00 |      99.9 |        99.2 |          96.6 |       82.4 
   adbjc-cbdka-kj | 230400 |    20 |    24 | 0.67 | 1.00 |      64.3 |        64.0 |          63.2 |       61.8 
   ajbdc-ckbad-jk | 230400 |    24 |    20 | 1.00 | 1.00 |      31.4 |        31.0 |          28.4 |       91.5 
 abcijk-ijma-mkbc |   6912 |  1728 |    24 | 1.00 | 1.00 |     226.8 |       225.3 |         218.7 |      232.4 
 abcijk-ijmb-mkac |   3456 |  3456 |    24 | 1.00 | 1.00 |     266.4 |       261.4 |         267.3 |      170.9 
 abcijk-ijmc-mkab |   3456 |  3456 |    24 | 1.00 | 1.00 |     260.9 |       260.8 |         256.2 |      221.2 
 abcijk-ikma-mjbc |   6912 |  1728 |    24 | 1.00 | 1.00 |     218.7 |       219.0 |         214.5 |      233.3 
 abcijk-ikmb-mjac |   3456 |  3456 |    24 | 1.00 | 1.00 |     265.3 |       254.7 |         268.4 |      210.9 
 abcijk-ikmc-mjab |   3456 |  3456 |    24 | 1.00 | 1.00 |     260.8 |       261.1 |         255.6 |      197.6 
 abcijk-jkma-mibc |   6912 |  1728 |    24 | 1.00 | 1.00 |     227.0 |       226.6 |         218.5 |      236.1 
 abcijk-jkmb-miac |   3456 |  3456 |    24 | 1.00 | 1.00 |     285.1 |       284.4 |         280.4 |      138.1 
 abcijk-jkmc-miab |   3456 |  3456 |    24 | 1.00 | 1.00 |     257.5 |       258.9 |         251.0 |      158.5 
 abcijk-eiab-jkec |   3456 |  3456 |    24 | 1.00 | 1.00 |     260.9 |       262.6 |         254.3 |      158.9 
 abcijk-eiac-jkeb |   3456 |  3456 |    24 | 1.00 | 1.00 |     286.8 |       287.7 |         280.0 |      136.5 
 abcijk-eibc-jkea |   1728 |  6912 |    24 | 1.00 | 1.00 |     223.2 |       224.2 |         220.0 |      233.9 
 abcijk-ejab-ikec |   3456 |  3456 |    24 | 1.00 | 1.00 |     259.7 |       264.2 |         256.0 |      196.6 
 abcijk-ejac-ikeb |   3456 |  3456 |    24 | 1.00 | 1.00 |     267.3 |       253.5 |         275.5 |      210.2 
 abcijk-ejbc-ikea |   1728 |  6912 |    24 | 1.00 | 1.00 |     221.2 |       222.0 |         214.5 |      231.5 
 abcijk-ekab-ijec |   3456 |  3456 |    24 | 1.00 | 1.00 |     261.9 |       261.3 |         255.3 |      220.8 
 abcijk-ekac-ijeb |   3456 |  3456 |    24 | 1.00 | 1.00 |     270.8 |       269.7 |         274.6 |      171.1 
 abcijk-ekbc-ijea |   1728 |  6912 |    24 | 1.00 | 1.00 |     226.0 |       227.1 |         220.7 |      233.0 
       abc-bk-akc |    144 | 18432 |   128 | 1.00 | 1.00 |     371.0 |       368.9 |         362.8 |      258.3 

=== complex efficiency ratio (c64 GF/s over f64 GF/s; 1.0 = no penalty) ===
             case | plan c64/f64 | packed c64/f64 | upstream c64/f64 | tblis c64/f64 
------------------+--------------+----------------+------------------+---------------
         ij-ik-kj |        1.236 |          1.366 |            1.372 |         1.119 
       ij-ikl-ljk |        0.874 |          0.794 |            0.838 |         1.442 
       ij-kil-lkj |        0.901 |          0.888 |            0.927 |         1.458 
       ijk-ikl-lj |        1.226 |          1.207 |            1.226 |         1.383 
       ijk-il-jlk |        0.695 |          0.705 |            0.743 |         1.263 
       ijk-ilk-jl |        1.228 |          1.187 |            1.234 |         1.318 
       ijk-ilk-lj |        1.156 |          1.195 |            1.216 |         1.343 
     ijk-ilmk-mjl |        1.485 |          1.276 |            1.348 |         1.321 
   ijkl-imjn-lnkm |        1.049 |          1.048 |            1.055 |         1.059 
   ijkl-imjn-nlmk |        1.075 |          1.077 |            1.085 |         1.079 
   ijkl-imkn-jnlm |        1.050 |          1.043 |            1.038 |         1.061 
   ijkl-imkn-njml |        1.037 |          1.046 |            1.034 |         1.065 
   ijkl-imln-jnkm |        1.039 |          1.042 |            1.037 |         1.068 
   ijkl-imln-njmk |        1.036 |          1.039 |            1.012 |         1.072 
   ijkl-imnj-nlkm |        1.083 |          1.082 |            1.095 |         1.067 
   ijkl-imnk-njml |        1.044 |          1.041 |            1.033 |         1.061 
   ijkl-minj-nlmk |        1.086 |          1.085 |            1.101 |         1.114 
   ijkl-mink-jnlm |        1.045 |          1.045 |            1.036 |         1.069 
   ijkl-minl-njmk |        1.070 |          1.067 |            1.078 |         1.119 
     aqrs-pa-pqrs |        1.347 |          1.549 |            1.629 |         1.879 
     abrs-qb-aqrs |        1.484 |          1.476 |            1.589 |         1.318 
     abcs-rc-abrs |        1.736 |          1.693 |            1.740 |         1.885 
       abj-bka-kj |        1.595 |          1.594 |            1.667 |         1.662 
       ajb-kba-jk |        1.541 |          1.318 |            1.368 |         1.330 
     abjc-cbka-kj |        2.867 |          2.888 |            2.857 |         2.010 
     ajbc-ckba-jk |        0.508 |          0.508 |            0.509 |         1.638 
     abjc-kbac-jk |        1.426 |          1.432 |            1.492 |         1.807 
   abjcd-dkbac-jk |        2.012 |          1.985 |            2.096 |         1.919 
   adbjc-cbdka-kj |        2.368 |          2.353 |            2.402 |         2.737 
   ajbdc-ckbad-jk |        0.625 |          0.617 |            0.610 |         1.958 
 abcijk-ijma-mkbc |        1.448 |          1.440 |            1.408 |         1.571 
 abcijk-ijmb-mkac |        1.653 |          1.619 |            1.752 |         2.035 
 abcijk-ijmc-mkab |        1.650 |          1.671 |            1.680 |         2.064 
 abcijk-ikma-mjbc |        1.391 |          1.403 |            1.396 |         1.588 
 abcijk-ikmb-mjac |        1.645 |          1.601 |            1.753 |         1.757 
 abcijk-ikmc-mjab |        1.681 |          1.663 |            1.669 |         1.863 
 abcijk-jkma-mibc |        1.466 |          1.457 |            1.441 |         1.581 
 abcijk-jkmb-miac |        1.745 |          1.793 |            1.843 |         1.780 
 abcijk-jkmc-miab |        1.654 |          1.636 |            1.668 |         1.869 
 abcijk-eiab-jkec |        1.648 |          1.677 |            1.671 |         1.858 
 abcijk-eiac-jkeb |        1.805 |          1.790 |            1.839 |         1.738 
 abcijk-eibc-jkea |        1.446 |          1.449 |            1.455 |         1.557 
 abcijk-ejab-ikec |        1.638 |          1.676 |            1.680 |         1.837 
 abcijk-ejac-ikeb |        1.651 |          1.585 |            1.806 |         1.751 
 abcijk-ejbc-ikea |        1.411 |          1.421 |            1.391 |         1.579 
 abcijk-ekab-ijec |        1.665 |          1.637 |            1.661 |         2.097 
 abcijk-ekac-ijeb |        1.678 |          1.696 |            1.795 |         1.970 
 abcijk-ekbc-ijea |        1.444 |          1.459 |            1.442 |         1.576 
       abc-bk-akc |        1.231 |          1.193 |            1.254 |         1.296 
             MEAN |        1.385 |          1.378 |            1.410 |         1.551 

wrote /home/shinaoka/projects/tensor4all/tprims-rs/benchmarks/benchmarks/tcbench/results/scaling-layout/baseline/A2-16m-8t.pending.csv
