# threads: requested=1 pool=1 budget=1
host        : shinaoka-EVO-X1Pro
target      : x86_64 / linux
cpu features: avx2 fma avx512f avx512dq 
caches      : L1=48KiB/12-way/2sh L2=1024KiB/16-way/2sh L3=16384KiB/16-way/8sh (via sysfs), blocking=legacy
l3 domains  : t1=1
baselines   : tblis=true blas=false
tblis       : abi 2.x, 1 thread(s)

running 49 cases at 1 MiB nominal tensor size, 5 reps, stress=none


=== f64 ===
             case |     m |    n |    k | regA | regB | plan GF/s | packed GF/s | upstream GF/s | tblis GF/s 
------------------+-------+------+------+------+------+-----------+-------------+---------------+------------
         ij-ik-kj |   384 |  364 |  384 | 0.00 | 0.00 |      37.2 |        34.8 |          34.3 |       29.4 
       ij-ikl-ljk |    72 |   52 | 3744 | 1.00 | 1.00 |      38.3 |        38.1 |          36.9 |       21.7 
       ij-kil-lkj |    72 |   52 | 5184 | 1.00 | 1.00 |      35.3 |        35.6 |          34.3 |       21.4 
       ijk-ikl-lj |  3744 |   52 |   72 | 1.00 | 1.00 |      42.7 |        42.8 |          41.6 |       26.3 
       ijk-il-jlk |    72 | 3744 |   52 | 1.00 | 1.00 |      43.4 |        43.6 |          41.7 |       29.2 
       ijk-ilk-jl |  3744 |   72 |   52 | 1.00 | 1.00 |      45.2 |        45.3 |          43.9 |       30.3 
       ijk-ilk-lj |  3744 |   52 |   72 | 1.00 | 1.00 |      42.8 |        42.8 |          41.5 |       26.7 
     ijk-ilmk-mjl |   480 |   20 |  480 | 1.00 | 1.00 |      35.6 |        35.6 |          35.1 |       16.1 
   ijkl-imjn-lnkm |   480 |  480 |  400 | 1.00 | 0.80 |      48.2 |        48.1 |          47.8 |       41.5 
   ijkl-imjn-nlmk |   480 |  400 |  480 | 1.00 | 0.80 |      48.6 |        49.2 |          48.3 |       40.3 
   ijkl-imkn-jnlm |   480 |  480 |  400 | 1.00 | 1.00 |      48.6 |        49.2 |          48.0 |       41.3 
   ijkl-imkn-njml |   480 |  400 |  480 | 1.00 | 0.80 |      49.4 |        49.5 |          48.6 |       39.4 
   ijkl-imln-jnkm |   480 |  480 |  400 | 1.00 | 1.00 |      48.7 |        49.1 |          48.3 |       41.9 
   ijkl-imln-njmk |   480 |  400 |  480 | 1.00 | 0.80 |      49.4 |        49.5 |          48.6 |       41.0 
   ijkl-imnj-nlkm |   480 |  400 |  480 | 1.00 | 0.80 |      49.3 |        49.2 |          48.2 |       42.0 
   ijkl-imnk-njml |   480 |  400 |  480 | 1.00 | 0.80 |      49.5 |        49.6 |          48.7 |       42.0 
   ijkl-minj-nlmk |   480 |  400 |  576 | 1.00 | 0.80 |      48.1 |        48.0 |          47.1 |       41.3 
   ijkl-mink-jnlm |   480 |  480 |  480 | 1.00 | 1.00 |      47.5 |        48.4 |          47.7 |       41.3 
   ijkl-minl-njmk |   480 |  400 |  576 | 1.00 | 0.80 |      48.5 |        48.5 |          47.5 |       41.4 
     aqrs-pa-pqrs |    24 | 8000 |   24 | 0.00 | 0.00 |      48.9 |        32.9 |          30.7 |       13.9 
     abrs-qb-aqrs |    20 | 9600 |   24 | 1.00 | 1.00 |      32.0 |        32.1 |          30.4 |       13.4 
     abcs-rc-abrs |    20 | 9600 |   24 | 1.00 | 1.00 |      31.4 |        31.6 |          29.6 |       13.2 
       abj-bka-kj |  5184 |   52 |   72 | 1.00 | 1.00 |      34.9 |        34.4 |          33.3 |       23.8 
       ajb-kba-jk |  3744 |   72 |   72 | 1.00 | 1.00 |      44.2 |        44.6 |          43.3 |       30.2 
     abjc-cbka-kj | 11520 |   20 |   24 | 1.00 | 1.00 |      19.6 |        18.9 |          16.6 |       12.9 
     ajbc-ckba-jk | 11520 |   24 |   20 | 1.00 | 1.00 |      25.1 |        25.8 |          22.4 |       15.0 
     abjc-kbac-jk |  9600 |   24 |   24 | 1.00 | 1.00 |      32.3 |        34.1 |          32.0 |       16.1 
   abjcd-dkbac-jk | 82944 |   24 |   12 | 1.00 | 1.00 |      15.5 |        15.7 |          14.5 |        8.2 
   adbjc-cbdka-kj | 82944 |   12 |   24 | 1.00 | 1.00 |       5.5 |         5.5 |           5.3 |        6.3 
   ajbdc-ckbad-jk | 82944 |   24 |   12 | 1.00 | 1.00 |      15.9 |        16.0 |          15.0 |        8.8 
 abcijk-ijma-mkbc |  4608 |  512 |   24 | 1.00 | 1.00 |      40.4 |        40.3 |          38.2 |       28.1 
 abcijk-ijmb-mkac |  1536 | 1536 |   24 | 1.00 | 1.00 |      42.0 |        42.6 |          40.3 |       26.4 
 abcijk-ijmc-mkab |  1536 | 1536 |   24 | 1.00 | 1.00 |      41.7 |        41.9 |          40.0 |       32.5 
 abcijk-ikma-mjbc |  4608 |  512 |   24 | 1.00 | 1.00 |      40.1 |        40.5 |          38.3 |       28.1 
 abcijk-ikmb-mjac |  1536 | 1536 |   24 | 1.00 | 1.00 |      42.0 |        42.6 |          40.5 |       26.4 
 abcijk-ikmc-mjab |  1536 | 1536 |   24 | 1.00 | 1.00 |      41.6 |        42.0 |          39.7 |       28.4 
 abcijk-jkma-mibc |  4608 |  512 |   24 | 1.00 | 1.00 |      40.4 |        40.6 |          38.2 |       31.4 
 abcijk-jkmb-miac |  1536 | 1536 |   24 | 1.00 | 1.00 |      42.0 |        42.8 |          40.8 |       21.4 
 abcijk-jkmc-miab |  1536 | 1536 |   24 | 1.00 | 1.00 |      41.6 |        41.9 |          39.7 |       30.1 
 abcijk-eiab-jkec |  1536 | 1536 |   24 | 1.00 | 1.00 |      41.8 |        41.8 |          39.4 |       29.5 
 abcijk-eiac-jkeb |  1536 | 1536 |   24 | 1.00 | 1.00 |      41.5 |        42.2 |          40.7 |       21.3 
 abcijk-eibc-jkea |   512 | 4608 |   24 | 1.00 | 1.00 |      40.5 |        40.9 |          38.5 |       31.0 
 abcijk-ejab-ikec |  1536 | 1536 |   24 | 1.00 | 1.00 |      41.6 |        41.9 |          39.6 |       29.1 
 abcijk-ejac-ikeb |  1536 | 1536 |   24 | 1.00 | 1.00 |      41.9 |        42.5 |          40.6 |       26.5 
 abcijk-ejbc-ikea |   512 | 4608 |   24 | 1.00 | 1.00 |      40.2 |        40.5 |          38.1 |       27.8 
 abcijk-ekab-ijec |  1536 | 1536 |   24 | 1.00 | 1.00 |      41.7 |        42.2 |          39.5 |       32.6 
 abcijk-ekac-ijeb |  1536 | 1536 |   24 | 1.00 | 1.00 |      41.8 |        42.4 |          40.2 |       26.3 
 abcijk-ekbc-ijea |   512 | 4608 |   24 | 1.00 | 1.00 |      40.3 |        40.4 |          38.2 |       28.1 
       abc-bk-akc |    72 | 3744 |   52 | 1.00 | 1.00 |      45.8 |        45.9 |          44.7 |       30.9 

=== c64 ===
             case |     m |    n |    k | regA | regB | plan GF/s | packed GF/s | upstream GF/s | tblis GF/s 
------------------+-------+------+------+------+------+-----------+-------------+---------------+------------
         ij-ik-kj |   384 |  364 |  384 | 1.00 | 1.00 |      35.1 |        35.2 |          34.7 |       40.8 
       ij-ikl-ljk |    72 |   52 | 3744 | 1.00 | 1.00 |      37.7 |        37.6 |          36.2 |       30.4 
       ij-kil-lkj |    72 |   52 | 5184 | 1.00 | 1.00 |      32.4 |        32.7 |          31.7 |       28.8 
       ijk-ikl-lj |  3744 |   52 |   72 | 1.00 | 1.00 |      44.5 |        44.0 |          43.8 |       28.7 
       ijk-il-jlk |    72 | 3744 |   52 | 1.00 | 1.00 |      39.6 |        39.2 |          38.2 |       37.9 
       ijk-ilk-jl |  3744 |   72 |   52 | 0.89 | 1.00 |      46.6 |        46.1 |          45.6 |       35.0 
       ijk-ilk-lj |  3744 |   52 |   72 | 0.89 | 1.00 |      44.3 |        44.1 |          43.7 |       29.7 
     ijk-ilmk-mjl |   480 |   20 |  480 | 0.67 | 1.00 |      37.4 |        37.4 |          36.8 |       28.6 
   ijkl-imjn-lnkm |   480 |  480 |  400 | 0.67 | 0.80 |      48.1 |        48.0 |          47.5 |       44.7 
   ijkl-imjn-nlmk |   480 |  400 |  480 | 0.67 | 0.81 |      48.0 |        47.8 |          47.6 |       43.4 
   ijkl-imkn-jnlm |   480 |  480 |  400 | 0.67 | 1.00 |      48.0 |        48.0 |          47.0 |       44.6 
   ijkl-imkn-njml |   480 |  400 |  480 | 0.67 | 0.81 |      47.9 |        48.0 |          47.5 |       43.1 
   ijkl-imln-jnkm |   480 |  480 |  400 | 0.67 | 1.00 |      48.1 |        48.1 |          47.3 |       44.6 
   ijkl-imln-njmk |   480 |  400 |  480 | 0.67 | 0.81 |      48.1 |        48.2 |          47.5 |       43.9 
   ijkl-imnj-nlkm |   480 |  400 |  480 | 0.67 | 0.81 |      48.1 |        48.1 |          47.8 |       44.3 
   ijkl-imnk-njml |   480 |  400 |  480 | 0.67 | 0.81 |      47.9 |        47.9 |          47.5 |       43.9 
   ijkl-minj-nlmk |   480 |  400 |  576 | 0.67 | 0.81 |      46.5 |        46.4 |          45.8 |       43.2 
   ijkl-mink-jnlm |   480 |  480 |  480 | 0.67 | 1.00 |      47.6 |        47.2 |          46.5 |       44.3 
   ijkl-minl-njmk |   480 |  400 |  576 | 0.67 | 0.81 |      46.7 |        46.7 |          45.8 |       44.1 
     aqrs-pa-pqrs |    24 | 8000 |   24 | 1.00 | 1.00 |      30.2 |        29.3 |          29.0 |       25.7 
     abrs-qb-aqrs |    20 | 9600 |   24 | 1.00 | 1.00 |      39.6 |        39.4 |          38.1 |       22.3 
     abcs-rc-abrs |    20 | 9600 |   24 | 1.00 | 1.00 |      33.4 |        33.3 |          32.5 |       23.9 
       abj-bka-kj |  5184 |   52 |   72 | 0.89 | 1.00 |      40.9 |        40.8 |          40.2 |       27.8 
       ajb-kba-jk |  3744 |   72 |   72 | 0.89 | 1.00 |      44.3 |        44.0 |          42.8 |       32.1 
     abjc-cbka-kj | 11520 |   20 |   24 | 0.67 | 1.00 |      23.8 |        24.4 |          23.3 |       23.2 
     ajbc-ckba-jk | 11520 |   24 |   20 | 1.00 | 1.00 |      27.5 |        27.5 |          24.5 |       21.7 
     abjc-kbac-jk |  9600 |   24 |   24 | 0.67 | 1.00 |      36.5 |        37.5 |          35.4 |       24.3 
   abjcd-dkbac-jk | 82944 |   24 |   12 | 0.67 | 1.00 |      22.5 |        22.2 |          20.9 |       15.7 
   adbjc-cbdka-kj | 82944 |   12 |   24 | 0.67 | 1.00 |      10.3 |        10.3 |          10.0 |       13.6 
   ajbdc-ckbad-jk | 82944 |   24 |   12 | 1.00 | 1.00 |      25.8 |        26.1 |          23.9 |       15.7 
 abcijk-ijma-mkbc |  4608 |  512 |   24 | 1.00 | 0.97 |      42.8 |        42.7 |          41.4 |       32.9 
 abcijk-ijmb-mkac |  1536 | 1536 |   24 | 1.00 | 0.75 |      44.8 |        44.7 |          42.7 |       33.3 
 abcijk-ijmc-mkab |  1536 | 1536 |   24 | 1.00 | 0.50 |      45.1 |        45.1 |          42.4 |       37.7 
 abcijk-ikma-mjbc |  4608 |  512 |   24 | 1.00 | 0.97 |      42.6 |        42.4 |          41.3 |       33.0 
 abcijk-ikmb-mjac |  1536 | 1536 |   24 | 1.00 | 0.75 |      45.1 |        45.1 |          43.1 |       33.9 
 abcijk-ikmc-mjab |  1536 | 1536 |   24 | 1.00 | 0.50 |      45.1 |        45.1 |          42.6 |       35.1 
 abcijk-jkma-mibc |  4608 |  512 |   24 | 1.00 | 0.97 |      42.4 |        42.4 |          40.8 |       36.0 
 abcijk-jkmb-miac |  1536 | 1536 |   24 | 1.00 | 0.75 |      45.1 |        45.1 |          43.0 |       29.4 
 abcijk-jkmc-miab |  1536 | 1536 |   24 | 1.00 | 0.50 |      45.0 |        45.0 |          42.6 |       36.9 
 abcijk-eiab-jkec |  1536 | 1536 |   24 | 1.00 | 0.50 |      44.9 |        45.0 |          42.5 |       37.0 
 abcijk-eiac-jkeb |  1536 | 1536 |   24 | 1.00 | 0.75 |      44.8 |        44.9 |          43.2 |       30.0 
 abcijk-eibc-jkea |   512 | 4608 |   24 | 1.00 | 0.97 |      42.4 |        42.4 |          40.8 |       36.0 
 abcijk-ejab-ikec |  1536 | 1536 |   24 | 1.00 | 0.50 |      45.1 |        45.2 |          42.5 |       35.4 
 abcijk-ejac-ikeb |  1536 | 1536 |   24 | 1.00 | 0.75 |      45.0 |        44.8 |          42.6 |       34.0 
 abcijk-ejbc-ikea |   512 | 4608 |   24 | 1.00 | 0.97 |      42.6 |        42.4 |          41.5 |       33.0 
 abcijk-ekab-ijec |  1536 | 1536 |   24 | 1.00 | 0.50 |      45.1 |        45.1 |          42.5 |       37.7 
 abcijk-ekac-ijeb |  1536 | 1536 |   24 | 1.00 | 0.75 |      44.8 |        44.8 |          42.5 |       32.9 
 abcijk-ekbc-ijea |   512 | 4608 |   24 | 1.00 | 0.97 |      42.7 |        42.7 |          40.8 |       32.9 
       abc-bk-akc |    72 | 3744 |   52 | 0.89 | 1.00 |      46.6 |        46.0 |          45.5 |       35.0 

=== complex efficiency ratio (c64 GF/s over f64 GF/s; 1.0 = no penalty) ===
             case | plan c64/f64 | packed c64/f64 | upstream c64/f64 | tblis c64/f64 
------------------+--------------+----------------+------------------+---------------
         ij-ik-kj |        0.945 |          1.010 |            1.013 |         1.386 
       ij-ikl-ljk |        0.984 |          0.987 |            0.983 |         1.402 
       ij-kil-lkj |        0.917 |          0.916 |            0.923 |         1.345 
       ijk-ikl-lj |        1.044 |          1.028 |            1.051 |         1.091 
       ijk-il-jlk |        0.911 |          0.899 |            0.916 |         1.297 
       ijk-ilk-jl |        1.031 |          1.017 |            1.038 |         1.154 
       ijk-ilk-lj |        1.037 |          1.030 |            1.053 |         1.112 
     ijk-ilmk-mjl |        1.050 |          1.050 |            1.049 |         1.773 
   ijkl-imjn-lnkm |        0.998 |          0.998 |            0.995 |         1.077 
   ijkl-imjn-nlmk |        0.987 |          0.972 |            0.987 |         1.077 
   ijkl-imkn-jnlm |        0.986 |          0.976 |            0.978 |         1.079 
   ijkl-imkn-njml |        0.970 |          0.970 |            0.977 |         1.094 
   ijkl-imln-jnkm |        0.989 |          0.980 |            0.980 |         1.064 
   ijkl-imln-njmk |        0.973 |          0.972 |            0.978 |         1.069 
   ijkl-imnj-nlkm |        0.974 |          0.978 |            0.990 |         1.055 
   ijkl-imnk-njml |        0.966 |          0.966 |            0.975 |         1.044 
   ijkl-minj-nlmk |        0.967 |          0.967 |            0.972 |         1.048 
   ijkl-mink-jnlm |        1.002 |          0.975 |            0.974 |         1.074 
   ijkl-minl-njmk |        0.963 |          0.964 |            0.965 |         1.064 
     aqrs-pa-pqrs |        0.617 |          0.891 |            0.943 |         1.846 
     abrs-qb-aqrs |        1.237 |          1.228 |            1.253 |         1.670 
     abcs-rc-abrs |        1.062 |          1.054 |            1.100 |         1.816 
       abj-bka-kj |        1.172 |          1.187 |            1.206 |         1.167 
       ajb-kba-jk |        1.001 |          0.986 |            0.989 |         1.064 
     abjc-cbka-kj |        1.213 |          1.289 |            1.404 |         1.799 
     ajbc-ckba-jk |        1.093 |          1.067 |            1.094 |         1.445 
     abjc-kbac-jk |        1.129 |          1.101 |            1.106 |         1.508 
   abjcd-dkbac-jk |        1.448 |          1.412 |            1.438 |         1.910 
   adbjc-cbdka-kj |        1.877 |          1.856 |            1.871 |         2.157 
   ajbdc-ckbad-jk |        1.629 |          1.628 |            1.600 |         1.778 
 abcijk-ijma-mkbc |        1.058 |          1.059 |            1.084 |         1.173 
 abcijk-ijmb-mkac |        1.067 |          1.050 |            1.058 |         1.263 
 abcijk-ijmc-mkab |        1.081 |          1.076 |            1.060 |         1.162 
 abcijk-ikma-mjbc |        1.062 |          1.047 |            1.076 |         1.173 
 abcijk-ikmb-mjac |        1.076 |          1.058 |            1.065 |         1.282 
 abcijk-ikmc-mjab |        1.084 |          1.075 |            1.073 |         1.237 
 abcijk-jkma-mibc |        1.051 |          1.045 |            1.069 |         1.148 
 abcijk-jkmb-miac |        1.074 |          1.054 |            1.052 |         1.374 
 abcijk-jkmc-miab |        1.081 |          1.073 |            1.073 |         1.227 
 abcijk-eiab-jkec |        1.075 |          1.077 |            1.078 |         1.253 
 abcijk-eiac-jkeb |        1.079 |          1.064 |            1.061 |         1.407 
 abcijk-eibc-jkea |        1.048 |          1.036 |            1.058 |         1.160 
 abcijk-ejab-ikec |        1.084 |          1.078 |            1.074 |         1.216 
 abcijk-ejac-ikeb |        1.073 |          1.054 |            1.050 |         1.281 
 abcijk-ejbc-ikea |        1.059 |          1.047 |            1.089 |         1.188 
 abcijk-ekab-ijec |        1.082 |          1.067 |            1.078 |         1.156 
 abcijk-ekac-ijeb |        1.071 |          1.059 |            1.055 |         1.249 
 abcijk-ekbc-ijea |        1.059 |          1.056 |            1.068 |         1.172 
       abc-bk-akc |        1.016 |          1.004 |            1.019 |         1.131 
             MEAN |        1.071 |          1.070 |            1.083 |         1.300 

wrote /home/shinaoka/projects/tensor4all/tprims-rs/benchmarks/benchmarks/tcbench/results/scaling-layout/baseline/A2-1m-1t.pending.csv
