# threads: requested=4 pool=4 budget=4
host        : shinaoka-EVO-X1Pro
target      : x86_64 / linux
cpu features: avx2 fma avx512f avx512dq 
caches      : L1=48KiB/12-way/2sh L2=1024KiB/16-way/2sh L3=16384KiB/16-way/8sh (via sysfs), blocking=legacy
l3 domains  : t1=1 t4=1 t8=2
baselines   : tblis=true blas=false
tblis       : abi 2.x, 4 thread(s)

running 49 cases at 1 MiB nominal tensor size, 5 reps, stress=none


=== f64 ===
             case |     m |    n |    k | regA | regB | plan GF/s | packed GF/s | upstream GF/s | tblis GF/s 
------------------+-------+------+------+------+------+-----------+-------------+---------------+------------
         ij-ik-kj |   384 |  364 |  384 | 0.00 | 0.00 |     143.0 |       135.0 |         121.4 |      105.7 
       ij-ikl-ljk |    72 |   52 | 3744 | 1.00 | 1.00 |      64.6 |        64.0 |          54.2 |       38.2 
       ij-kil-lkj |    72 |   52 | 5184 | 1.00 | 1.00 |      62.6 |        62.9 |          53.5 |       38.4 
       ijk-ikl-lj |  3744 |   52 |   72 | 1.00 | 1.00 |     104.5 |       115.0 |          87.3 |       70.2 
       ijk-il-jlk |    72 | 3744 |   52 | 1.00 | 1.00 |      44.4 |       115.9 |          95.0 |       76.8 
       ijk-ilk-jl |  3744 |   72 |   52 | 1.00 | 1.00 |     120.2 |       123.8 |          90.9 |       80.3 
       ijk-ilk-lj |  3744 |   52 |   72 | 1.00 | 1.00 |     129.8 |       132.6 |         101.1 |       81.7 
     ijk-ilmk-mjl |   480 |   20 |  480 | 1.00 | 1.00 |     113.0 |       113.1 |          66.0 |       51.1 
   ijkl-imjn-lnkm |   480 |  480 |  400 | 1.00 | 0.80 |     185.4 |       186.2 |         170.6 |      147.2 
   ijkl-imjn-nlmk |   480 |  400 |  480 | 1.00 | 0.80 |     190.6 |       191.6 |         177.0 |      151.4 
   ijkl-imkn-jnlm |   480 |  480 |  400 | 1.00 | 1.00 |     191.0 |       191.8 |         175.1 |      153.3 
   ijkl-imkn-njml |   480 |  400 |  480 | 1.00 | 0.80 |     193.3 |       194.2 |         178.2 |      150.9 
   ijkl-imln-jnkm |   480 |  480 |  400 | 1.00 | 1.00 |     192.2 |       192.1 |         174.4 |      152.9 
   ijkl-imln-njmk |   480 |  400 |  480 | 1.00 | 0.80 |     193.8 |       194.7 |         179.9 |      153.4 
   ijkl-imnj-nlkm |   480 |  400 |  480 | 1.00 | 0.80 |     188.0 |       192.7 |         176.6 |      153.1 
   ijkl-imnk-njml |   480 |  400 |  480 | 1.00 | 0.80 |     193.3 |       194.6 |         179.2 |      152.3 
   ijkl-minj-nlmk |   480 |  400 |  576 | 1.00 | 0.80 |     184.7 |       187.9 |         173.2 |      147.6 
   ijkl-mink-jnlm |   480 |  480 |  480 | 1.00 | 1.00 |     191.9 |       191.8 |         173.9 |      150.7 
   ijkl-minl-njmk |   480 |  400 |  576 | 1.00 | 0.80 |     190.2 |       190.4 |         172.9 |      151.7 
     aqrs-pa-pqrs |    24 | 8000 |   24 | 0.00 | 0.00 |      57.6 |        75.2 |          65.0 |       43.0 
     abrs-qb-aqrs |    20 | 9600 |   24 | 1.00 | 1.00 |     106.2 |       107.9 |          64.1 |       40.3 
     abcs-rc-abrs |    20 | 9600 |   24 | 1.00 | 1.00 |     105.0 |       107.4 |          68.4 |       40.0 
       abj-bka-kj |  5184 |   52 |   72 | 1.00 | 1.00 |     128.2 |       129.0 |         107.2 |       82.4 
       ajb-kba-jk |  3744 |   72 |   72 | 1.00 | 1.00 |     166.1 |       169.6 |         130.7 |      113.5 
     abjc-cbka-kj | 11520 |   20 |   24 | 1.00 | 1.00 |      50.2 |        52.3 |          35.7 |       39.6 
     ajbc-ckba-jk | 11520 |   24 |   20 | 1.00 | 1.00 |      83.8 |        84.1 |          51.8 |       43.1 
     abjc-kbac-jk |  9600 |   24 |   24 | 1.00 | 1.00 |     112.9 |       114.4 |          67.5 |       47.4 
   abjcd-dkbac-jk | 82944 |   24 |   12 | 1.00 | 1.00 |      36.8 |        40.0 |          35.8 |       23.4 
   adbjc-cbdka-kj | 82944 |   12 |   24 | 1.00 | 1.00 |       9.5 |         9.3 |           8.5 |       18.5 
   ajbdc-ckbad-jk | 82944 |   24 |   12 | 1.00 | 1.00 |      38.2 |        38.5 |          33.8 |       24.4 
 abcijk-ijma-mkbc |  4608 |  512 |   24 | 1.00 | 1.00 |     125.8 |       137.0 |         118.4 |      100.1 
 abcijk-ijmb-mkac |  1536 | 1536 |   24 | 1.00 | 1.00 |     135.5 |       153.2 |         129.1 |       62.2 
 abcijk-ijmc-mkab |  1536 | 1536 |   24 | 1.00 | 1.00 |     126.6 |       132.4 |         120.5 |       96.7 
 abcijk-ikma-mjbc |  4608 |  512 |   24 | 1.00 | 1.00 |     127.5 |       134.6 |         117.9 |      101.8 
 abcijk-ikmb-mjac |  1536 | 1536 |   24 | 1.00 | 1.00 |      85.5 |       149.4 |         128.8 |       97.3 
 abcijk-ikmc-mjab |  1536 | 1536 |   24 | 1.00 | 1.00 |     136.0 |       141.9 |         125.0 |       81.6 
 abcijk-jkma-mibc |  4608 |  512 |   24 | 1.00 | 1.00 |     129.9 |       140.0 |         114.5 |      110.4 
 abcijk-jkmb-miac |  1536 | 1536 |   24 | 1.00 | 1.00 |     143.1 |       136.6 |         126.1 |       59.7 
 abcijk-jkmc-miab |  1536 | 1536 |   24 | 1.00 | 1.00 |     139.2 |       142.3 |         120.6 |       83.1 
 abcijk-eiab-jkec |  1536 | 1536 |   24 | 1.00 | 1.00 |     138.5 |       140.0 |         120.1 |       79.9 
 abcijk-eiac-jkeb |  1536 | 1536 |   24 | 1.00 | 1.00 |     139.7 |       142.0 |         126.7 |       61.8 
 abcijk-eibc-jkea |   512 | 4608 |   24 | 1.00 | 1.00 |     130.1 |       134.8 |         117.9 |      108.7 
 abcijk-ejab-ikec |  1536 | 1536 |   24 | 1.00 | 1.00 |     103.3 |       141.2 |         123.1 |       84.1 
 abcijk-ejac-ikeb |  1536 | 1536 |   24 | 1.00 | 1.00 |     139.1 |       150.0 |         127.6 |       95.3 
 abcijk-ejbc-ikea |   512 | 4608 |   24 | 1.00 | 1.00 |     124.1 |       133.6 |         114.3 |      100.6 
 abcijk-ekab-ijec |  1536 | 1536 |   24 | 1.00 | 1.00 |     136.7 |       134.6 |         122.3 |       94.7 
 abcijk-ekac-ijeb |  1536 | 1536 |   24 | 1.00 | 1.00 |     137.6 |       137.7 |         130.0 |       63.0 
 abcijk-ekbc-ijea |   512 | 4608 |   24 | 1.00 | 1.00 |     128.3 |       133.3 |         114.8 |      100.3 
       abc-bk-akc |    72 | 3744 |   52 | 1.00 | 1.00 |     156.6 |       169.1 |         122.8 |      109.3 

=== c64 ===
             case |     m |    n |    k | regA | regB | plan GF/s | packed GF/s | upstream GF/s | tblis GF/s 
------------------+-------+------+------+------+------+-----------+-------------+---------------+------------
         ij-ik-kj |   384 |  364 |  384 | 1.00 | 1.00 |     137.4 |       138.1 |         132.2 |      125.9 
       ij-ikl-ljk |    72 |   52 | 3744 | 1.00 | 1.00 |      65.2 |        64.9 |          61.6 |       77.1 
       ij-kil-lkj |    72 |   52 | 5184 | 1.00 | 1.00 |      60.3 |        59.9 |          56.8 |       77.0 
       ijk-ikl-lj |  3744 |   52 |   72 | 1.00 | 1.00 |     121.7 |       125.3 |         114.7 |       92.6 
       ijk-il-jlk |    72 | 3744 |   52 | 1.00 | 1.00 |      70.0 |        71.5 |          68.1 |      107.7 
       ijk-ilk-jl |  3744 |   72 |   52 | 0.89 | 1.00 |     134.2 |       135.5 |         126.1 |      115.7 
       ijk-ilk-lj |  3744 |   52 |   72 | 0.89 | 1.00 |     148.5 |       149.6 |         139.9 |      117.3 
     ijk-ilmk-mjl |   480 |   20 |  480 | 0.67 | 1.00 |     123.9 |       125.2 |         106.0 |      111.8 
   ijkl-imjn-lnkm |   480 |  480 |  400 | 0.67 | 0.80 |     169.6 |       161.0 |         168.5 |      166.1 
   ijkl-imjn-nlmk |   480 |  400 |  480 | 0.67 | 0.81 |     175.2 |       175.6 |         170.1 |      164.3 
   ijkl-imkn-jnlm |   480 |  480 |  400 | 0.67 | 1.00 |     173.3 |       174.8 |         169.1 |      167.6 
   ijkl-imkn-njml |   480 |  400 |  480 | 0.67 | 0.81 |     175.0 |       175.3 |         171.6 |      166.8 
   ijkl-imln-jnkm |   480 |  480 |  400 | 0.67 | 1.00 |     174.0 |       175.4 |         169.4 |      166.4 
   ijkl-imln-njmk |   480 |  400 |  480 | 0.67 | 0.81 |     174.5 |       175.8 |         171.9 |      168.4 
   ijkl-imnj-nlkm |   480 |  400 |  480 | 0.67 | 0.81 |     174.8 |       176.2 |         171.6 |      170.2 
   ijkl-imnk-njml |   480 |  400 |  480 | 0.67 | 0.81 |     174.8 |       174.2 |         170.8 |      170.5 
   ijkl-minj-nlmk |   480 |  400 |  576 | 0.67 | 0.81 |     168.9 |       168.5 |         164.2 |      162.1 
   ijkl-mink-jnlm |   480 |  480 |  480 | 0.67 | 1.00 |     173.8 |       173.9 |         169.3 |      165.2 
   ijkl-minl-njmk |   480 |  400 |  576 | 0.67 | 0.81 |     170.1 |       169.7 |         166.3 |      166.0 
     aqrs-pa-pqrs |    24 | 8000 |   24 | 1.00 | 1.00 |      99.6 |       104.3 |          87.4 |       91.2 
     abrs-qb-aqrs |    20 | 9600 |   24 | 1.00 | 1.00 |     147.7 |       147.4 |         118.3 |       79.1 
     abcs-rc-abrs |    20 | 9600 |   24 | 1.00 | 1.00 |     131.2 |       131.4 |         106.2 |       80.1 
       abj-bka-kj |  5184 |   52 |   72 | 0.89 | 1.00 |     157.2 |       154.2 |         142.3 |       98.7 
       ajb-kba-jk |  3744 |   72 |   72 | 0.89 | 1.00 |     171.7 |       174.7 |         156.9 |      127.0 
     abjc-cbka-kj | 11520 |   20 |   24 | 0.67 | 1.00 |      95.5 |        97.5 |          78.4 |       71.6 
     ajbc-ckba-jk | 11520 |   24 |   20 | 1.00 | 1.00 |     109.8 |       107.2 |          87.6 |       71.1 
     abjc-kbac-jk |  9600 |   24 |   24 | 0.67 | 1.00 |     147.3 |       147.3 |         119.7 |       84.6 
   abjcd-dkbac-jk | 82944 |   24 |   12 | 0.67 | 1.00 |      62.1 |        62.0 |          57.4 |       46.8 
   adbjc-cbdka-kj | 82944 |   12 |   24 | 0.67 | 1.00 |      29.5 |        29.8 |          29.6 |       33.0 
   ajbdc-ckbad-jk | 82944 |   24 |   12 | 1.00 | 1.00 |      60.9 |        60.7 |          55.3 |       49.0 
 abcijk-ijma-mkbc |  4608 |  512 |   24 | 1.00 | 0.97 |     157.0 |       156.9 |         148.2 |      123.4 
 abcijk-ijmb-mkac |  1536 | 1536 |   24 | 1.00 | 0.75 |     168.3 |       167.5 |         159.6 |      111.3 
 abcijk-ijmc-mkab |  1536 | 1536 |   24 | 1.00 | 0.50 |     169.1 |       167.6 |         161.2 |      134.9 
 abcijk-ikma-mjbc |  4608 |  512 |   24 | 1.00 | 0.97 |     156.4 |       152.3 |         149.4 |      123.3 
 abcijk-ikmb-mjac |  1536 | 1536 |   24 | 1.00 | 0.75 |     169.9 |       167.9 |         161.2 |      122.3 
 abcijk-ikmc-mjab |  1536 | 1536 |   24 | 1.00 | 0.50 |     169.3 |       168.2 |         160.4 |      126.0 
 abcijk-jkma-mibc |  4608 |  512 |   24 | 1.00 | 0.97 |     153.9 |       158.0 |         147.1 |      135.0 
 abcijk-jkmb-miac |  1536 | 1536 |   24 | 1.00 | 0.75 |     170.0 |       165.0 |         161.5 |      104.8 
 abcijk-jkmc-miab |  1536 | 1536 |   24 | 1.00 | 0.50 |     166.2 |       163.9 |         157.0 |      123.5 
 abcijk-eiab-jkec |  1536 | 1536 |   24 | 1.00 | 0.50 |     165.1 |       163.9 |         154.1 |      122.5 
 abcijk-eiac-jkeb |  1536 | 1536 |   24 | 1.00 | 0.75 |     169.2 |       169.2 |         158.8 |      104.1 
 abcijk-eibc-jkea |   512 | 4608 |   24 | 1.00 | 0.97 |     157.3 |       155.6 |         148.7 |      135.5 
 abcijk-ejab-ikec |  1536 | 1536 |   24 | 1.00 | 0.50 |     166.7 |       168.2 |         159.4 |      126.7 
 abcijk-ejac-ikeb |  1536 | 1536 |   24 | 1.00 | 0.75 |     169.8 |       168.6 |         157.8 |      123.7 
 abcijk-ejbc-ikea |   512 | 4608 |   24 | 1.00 | 0.97 |     158.2 |       156.9 |         149.6 |      123.4 
 abcijk-ekab-ijec |  1536 | 1536 |   24 | 1.00 | 0.50 |     167.5 |       164.6 |         160.3 |      135.1 
 abcijk-ekac-ijeb |  1536 | 1536 |   24 | 1.00 | 0.75 |     167.7 |       169.2 |         160.4 |      113.6 
 abcijk-ekbc-ijea |   512 | 4608 |   24 | 1.00 | 0.97 |     157.2 |       157.7 |         150.4 |      123.6 
       abc-bk-akc |    72 | 3744 |   52 | 0.89 | 1.00 |     178.7 |       179.9 |         165.1 |      141.1 

=== complex efficiency ratio (c64 GF/s over f64 GF/s; 1.0 = no penalty) ===
             case | plan c64/f64 | packed c64/f64 | upstream c64/f64 | tblis c64/f64 
------------------+--------------+----------------+------------------+---------------
         ij-ik-kj |        0.961 |          1.023 |            1.089 |         1.190 
       ij-ikl-ljk |        1.009 |          1.014 |            1.137 |         2.017 
       ij-kil-lkj |        0.963 |          0.953 |            1.060 |         2.005 
       ijk-ikl-lj |        1.165 |          1.089 |            1.314 |         1.320 
       ijk-il-jlk |        1.579 |          0.617 |            0.717 |         1.403 
       ijk-ilk-jl |        1.116 |          1.095 |            1.388 |         1.441 
       ijk-ilk-lj |        1.144 |          1.128 |            1.384 |         1.437 
     ijk-ilmk-mjl |        1.096 |          1.107 |            1.607 |         2.186 
   ijkl-imjn-lnkm |        0.914 |          0.865 |            0.987 |         1.128 
   ijkl-imjn-nlmk |        0.919 |          0.916 |            0.961 |         1.085 
   ijkl-imkn-jnlm |        0.907 |          0.911 |            0.966 |         1.093 
   ijkl-imkn-njml |        0.905 |          0.903 |            0.963 |         1.105 
   ijkl-imln-jnkm |        0.905 |          0.913 |            0.972 |         1.088 
   ijkl-imln-njmk |        0.900 |          0.903 |            0.956 |         1.098 
   ijkl-imnj-nlkm |        0.930 |          0.914 |            0.972 |         1.112 
   ijkl-imnk-njml |        0.904 |          0.895 |            0.953 |         1.120 
   ijkl-minj-nlmk |        0.914 |          0.897 |            0.948 |         1.098 
   ijkl-mink-jnlm |        0.906 |          0.907 |            0.973 |         1.096 
   ijkl-minl-njmk |        0.895 |          0.891 |            0.962 |         1.094 
     aqrs-pa-pqrs |        1.729 |          1.387 |            1.344 |         2.124 
     abrs-qb-aqrs |        1.390 |          1.366 |            1.845 |         1.964 
     abcs-rc-abrs |        1.250 |          1.224 |            1.552 |         2.003 
       abj-bka-kj |        1.226 |          1.195 |            1.327 |         1.198 
       ajb-kba-jk |        1.034 |          1.030 |            1.201 |         1.118 
     abjc-cbka-kj |        1.903 |          1.867 |            2.195 |         1.809 
     ajbc-ckba-jk |        1.310 |          1.274 |            1.692 |         1.649 
     abjc-kbac-jk |        1.305 |          1.288 |            1.772 |         1.787 
   abjcd-dkbac-jk |        1.688 |          1.551 |            1.603 |         1.999 
   adbjc-cbdka-kj |        3.111 |          3.203 |            3.479 |         1.788 
   ajbdc-ckbad-jk |        1.594 |          1.575 |            1.634 |         2.010 
 abcijk-ijma-mkbc |        1.248 |          1.146 |            1.252 |         1.233 
 abcijk-ijmb-mkac |        1.242 |          1.094 |            1.237 |         1.789 
 abcijk-ijmc-mkab |        1.336 |          1.266 |            1.338 |         1.395 
 abcijk-ikma-mjbc |        1.227 |          1.132 |            1.267 |         1.211 
 abcijk-ikmb-mjac |        1.986 |          1.124 |            1.251 |         1.258 
 abcijk-ikmc-mjab |        1.245 |          1.185 |            1.283 |         1.544 
 abcijk-jkma-mibc |        1.185 |          1.129 |            1.285 |         1.223 
 abcijk-jkmb-miac |        1.188 |          1.208 |            1.281 |         1.755 
 abcijk-jkmc-miab |        1.194 |          1.152 |            1.301 |         1.486 
 abcijk-eiab-jkec |        1.192 |          1.171 |            1.284 |         1.534 
 abcijk-eiac-jkeb |        1.211 |          1.191 |            1.254 |         1.686 
 abcijk-eibc-jkea |        1.209 |          1.155 |            1.262 |         1.247 
 abcijk-ejab-ikec |        1.613 |          1.192 |            1.296 |         1.507 
 abcijk-ejac-ikeb |        1.220 |          1.124 |            1.237 |         1.298 
 abcijk-ejbc-ikea |        1.274 |          1.174 |            1.309 |         1.228 
 abcijk-ekab-ijec |        1.225 |          1.223 |            1.311 |         1.426 
 abcijk-ekac-ijeb |        1.219 |          1.229 |            1.233 |         1.803 
 abcijk-ekbc-ijea |        1.225 |          1.183 |            1.311 |         1.233 
       abc-bk-akc |        1.141 |          1.064 |            1.345 |         1.291 
             MEAN |        1.244 |          1.164 |            1.312 |         1.464 

wrote /home/shinaoka/projects/tensor4all/tprims-rs/benchmarks/benchmarks/tcbench/results/scaling-layout/baseline/A2-1m-4t.pending.csv
