# threads: requested=8 pool=8 budget=8
host        : shinaoka-EVO-X1Pro
target      : x86_64 / linux
cpu features: avx2 fma avx512f avx512dq 
caches      : L1=48KiB/12-way/2sh L2=1024KiB/16-way/2sh L3=16384KiB/16-way/8sh (via sysfs), blocking=legacy
l3 domains  : t1=1 t4=1 t8=2 t16=4
baselines   : tblis=true blas=false
tblis       : abi 2.x, 8 thread(s)

running 49 cases at 1 MiB nominal tensor size, 5 reps, stress=none


=== f64 ===
             case |     m |    n |    k | regA | regB | plan GF/s | packed GF/s | upstream GF/s | tblis GF/s 
------------------+-------+------+------+------+------+-----------+-------------+---------------+------------
         ij-ik-kj |   384 |  364 |  384 | 0.00 | 0.00 |     256.4 |       256.2 |         187.2 |      176.0 
       ij-ikl-ljk |    72 |   52 | 3744 | 1.00 | 1.00 |      90.8 |        91.3 |          68.3 |       48.3 
       ij-kil-lkj |    72 |   52 | 5184 | 1.00 | 1.00 |      88.8 |        89.1 |          69.5 |       48.3 
       ijk-ikl-lj |  3744 |   52 |   72 | 1.00 | 1.00 |     200.2 |       201.0 |         116.8 |      118.6 
       ijk-il-jlk |    72 | 3744 |   52 | 1.00 | 1.00 |      69.9 |       211.9 |         121.3 |      129.6 
       ijk-ilk-jl |  3744 |   72 |   52 | 1.00 | 1.00 |      71.1 |       112.7 |          80.0 |      130.4 
       ijk-ilk-lj |  3744 |   52 |   72 | 1.00 | 1.00 |     199.9 |       202.8 |         101.8 |      119.6 
     ijk-ilmk-mjl |   480 |   20 |  480 | 1.00 | 1.00 |     122.2 |       122.9 |          40.5 |       58.9 
   ijkl-imjn-lnkm |   480 |  480 |  400 | 1.00 | 0.80 |     213.3 |       216.1 |         186.1 |      186.8 
   ijkl-imjn-nlmk |   480 |  400 |  480 | 1.00 | 0.80 |     240.9 |       247.7 |         216.6 |      221.9 
   ijkl-imkn-jnlm |   480 |  480 |  400 | 1.00 | 1.00 |     297.7 |       312.0 |         263.9 |      268.7 
   ijkl-imkn-njml |   480 |  400 |  480 | 1.00 | 0.80 |     308.6 |       305.5 |         267.1 |      259.9 
   ijkl-imln-jnkm |   480 |  480 |  400 | 1.00 | 1.00 |     310.7 |       307.0 |         264.3 |      271.4 
   ijkl-imln-njmk |   480 |  400 |  480 | 1.00 | 0.80 |     297.1 |       303.8 |         267.3 |      266.8 
   ijkl-imnj-nlkm |   480 |  400 |  480 | 1.00 | 0.80 |     309.5 |       310.5 |         259.7 |      261.6 
   ijkl-imnk-njml |   480 |  400 |  480 | 1.00 | 0.80 |     313.5 |       313.4 |         266.9 |      261.4 
   ijkl-minj-nlmk |   480 |  400 |  576 | 1.00 | 0.80 |     302.8 |       302.7 |         263.7 |      256.1 
   ijkl-mink-jnlm |   480 |  480 |  480 | 1.00 | 1.00 |     302.8 |       310.0 |         269.0 |      262.3 
   ijkl-minl-njmk |   480 |  400 |  576 | 1.00 | 0.80 |     286.4 |       308.9 |         267.7 |      262.7 
     aqrs-pa-pqrs |    24 | 8000 |   24 | 0.00 | 0.00 |      80.6 |        55.1 |          77.6 |       61.8 
     abrs-qb-aqrs |    20 | 9600 |   24 | 1.00 | 1.00 |     165.1 |       168.7 |          55.6 |       57.7 
     abcs-rc-abrs |    20 | 9600 |   24 | 1.00 | 1.00 |     166.0 |       171.3 |          62.7 |       57.7 
       abj-bka-kj |  5184 |   52 |   72 | 1.00 | 1.00 |     237.9 |       244.3 |         129.7 |      150.3 
       ajb-kba-jk |  3744 |   72 |   72 | 1.00 | 1.00 |     158.8 |       150.2 |         166.7 |      195.5 
     abjc-cbka-kj | 11520 |   20 |   24 | 1.00 | 1.00 |      70.3 |        66.9 |          42.7 |       57.9 
     ajbc-ckba-jk | 11520 |   24 |   20 | 1.00 | 1.00 |      98.5 |        73.4 |          53.1 |       61.6 
     abjc-kbac-jk |  9600 |   24 |   24 | 1.00 | 1.00 |     181.3 |       180.3 |          63.5 |       67.8 
   abjcd-dkbac-jk | 82944 |   24 |   12 | 1.00 | 1.00 |      46.3 |        49.5 |          41.9 |       30.6 
   adbjc-cbdka-kj | 82944 |   12 |   24 | 1.00 | 1.00 |      15.5 |        15.8 |          13.9 |       23.6 
   ajbdc-ckbad-jk | 82944 |   24 |   12 | 1.00 | 1.00 |      48.0 |        49.0 |          40.9 |       33.1 
 abcijk-ijma-mkbc |  4608 |  512 |   24 | 1.00 | 1.00 |     148.9 |       142.0 |         138.6 |      164.7 
 abcijk-ijmb-mkac |  1536 | 1536 |   24 | 1.00 | 1.00 |     206.3 |       205.5 |         167.2 |      103.7 
 abcijk-ijmc-mkab |  1536 | 1536 |   24 | 1.00 | 1.00 |     199.2 |       223.9 |         169.7 |      141.9 
 abcijk-ikma-mjbc |  4608 |  512 |   24 | 1.00 | 1.00 |     142.7 |       138.2 |          93.6 |      160.4 
 abcijk-ikmb-mjac |  1536 | 1536 |   24 | 1.00 | 1.00 |     198.9 |       217.1 |         166.9 |      138.9 
 abcijk-ikmc-mjab |  1536 | 1536 |   24 | 1.00 | 1.00 |     198.4 |       212.4 |         176.1 |      119.3 
 abcijk-jkma-mibc |  4608 |  512 |   24 | 1.00 | 1.00 |     141.3 |       154.3 |         137.8 |      175.7 
 abcijk-jkmb-miac |  1536 | 1536 |   24 | 1.00 | 1.00 |     201.3 |       223.7 |         166.1 |      102.8 
 abcijk-jkmc-miab |  1536 | 1536 |   24 | 1.00 | 1.00 |     173.9 |       214.5 |         167.8 |      118.4 
 abcijk-eiab-jkec |  1536 | 1536 |   24 | 1.00 | 1.00 |     211.1 |       244.3 |         178.4 |      117.7 
 abcijk-eiac-jkeb |  1536 | 1536 |   24 | 1.00 | 1.00 |     202.0 |       225.8 |         166.8 |       98.8 
 abcijk-eibc-jkea |   512 | 4608 |   24 | 1.00 | 1.00 |     153.1 |       156.6 |         131.4 |      176.0 
 abcijk-ejab-ikec |  1536 | 1536 |   24 | 1.00 | 1.00 |     200.7 |       215.5 |         162.9 |      116.5 
 abcijk-ejac-ikeb |  1536 | 1536 |   24 | 1.00 | 1.00 |     202.2 |       220.2 |         167.6 |      145.9 
 abcijk-ejbc-ikea |   512 | 4608 |   24 | 1.00 | 1.00 |     150.5 |       163.5 |         134.0 |      164.9 
 abcijk-ekab-ijec |  1536 | 1536 |   24 | 1.00 | 1.00 |     206.1 |       232.2 |         169.2 |      141.7 
 abcijk-ekac-ijeb |  1536 | 1536 |   24 | 1.00 | 1.00 |     215.2 |       225.4 |         178.4 |      101.3 
 abcijk-ekbc-ijea |   512 | 4608 |   24 | 1.00 | 1.00 |     151.8 |       157.8 |         135.1 |      163.3 
       abc-bk-akc |    72 | 3744 |   52 | 1.00 | 1.00 |     153.4 |       156.6 |         110.5 |      182.2 

=== c64 ===
             case |     m |    n |    k | regA | regB | plan GF/s | packed GF/s | upstream GF/s | tblis GF/s 
------------------+-------+------+------+------+------+-----------+-------------+---------------+------------
         ij-ik-kj |   384 |  364 |  384 | 1.00 | 1.00 |     271.9 |       272.3 |         242.4 |      234.9 
       ij-ikl-ljk |    72 |   52 | 3744 | 1.00 | 1.00 |     117.0 |       115.5 |         103.5 |      116.0 
       ij-kil-lkj |    72 |   52 | 5184 | 1.00 | 1.00 |     102.8 |       104.6 |          94.3 |      112.3 
       ijk-ikl-lj |  3744 |   52 |   72 | 1.00 | 1.00 |     237.1 |       240.8 |         187.5 |      180.7 
       ijk-il-jlk |    72 | 3744 |   52 | 1.00 | 1.00 |     222.9 |       226.1 |         182.2 |      205.4 
       ijk-ilk-jl |  3744 |   72 |   52 | 0.89 | 1.00 |     162.8 |       163.5 |         137.2 |      201.6 
       ijk-ilk-lj |  3744 |   52 |   72 | 0.89 | 1.00 |     235.2 |       238.5 |         190.3 |      188.5 
     ijk-ilmk-mjl |   480 |   20 |  480 | 0.67 | 1.00 |     166.7 |       170.5 |         110.2 |      139.3 
   ijkl-imjn-lnkm |   480 |  480 |  400 | 0.67 | 0.80 |     244.6 |       243.0 |         229.3 |      232.7 
   ijkl-imjn-nlmk |   480 |  400 |  480 | 0.67 | 0.81 |     301.3 |       304.2 |         287.5 |      301.0 
   ijkl-imkn-jnlm |   480 |  480 |  400 | 0.67 | 1.00 |     341.3 |       340.9 |         312.0 |      300.1 
   ijkl-imkn-njml |   480 |  400 |  480 | 0.67 | 0.81 |     340.9 |       341.8 |         321.6 |      310.4 
   ijkl-imln-jnkm |   480 |  480 |  400 | 0.67 | 1.00 |     337.5 |       342.3 |         312.8 |      297.0 
   ijkl-imln-njmk |   480 |  400 |  480 | 0.67 | 0.81 |     340.3 |       343.8 |         322.3 |      316.9 
   ijkl-imnj-nlkm |   480 |  400 |  480 | 0.67 | 0.81 |     340.5 |       342.5 |         319.2 |      313.4 
   ijkl-imnk-njml |   480 |  400 |  480 | 0.67 | 0.81 |     340.1 |       343.6 |         321.5 |      317.6 
   ijkl-minj-nlmk |   480 |  400 |  576 | 0.67 | 0.81 |     331.9 |       331.1 |         303.8 |      298.2 
   ijkl-mink-jnlm |   480 |  480 |  480 | 0.67 | 1.00 |     341.7 |       340.0 |         319.5 |      305.2 
   ijkl-minl-njmk |   480 |  400 |  576 | 0.67 | 0.81 |     333.7 |       335.2 |         315.4 |      310.5 
     aqrs-pa-pqrs |    24 | 8000 |   24 | 1.00 | 1.00 |     175.8 |       177.0 |         125.7 |      152.4 
     abrs-qb-aqrs |    20 | 9600 |   24 | 1.00 | 1.00 |     272.1 |       276.3 |         136.8 |      140.4 
     abcs-rc-abrs |    20 | 9600 |   24 | 1.00 | 1.00 |     243.6 |       245.6 |         138.9 |      137.7 
       abj-bka-kj |  5184 |   52 |   72 | 0.89 | 1.00 |     299.3 |       293.1 |         238.2 |      188.7 
       ajb-kba-jk |  3744 |   72 |   72 | 0.89 | 1.00 |     344.2 |       346.0 |         274.3 |      266.3 
     abjc-cbka-kj | 11520 |   20 |   24 | 0.67 | 1.00 |     163.7 |       172.2 |         113.9 |      127.5 
     ajbc-ckba-jk | 11520 |   24 |   20 | 1.00 | 1.00 |      37.1 |        35.8 |          30.2 |       89.9 
     abjc-kbac-jk |  9600 |   24 |   24 | 0.67 | 1.00 |     276.2 |       277.4 |         161.2 |      153.2 
   abjcd-dkbac-jk | 82944 |   24 |   12 | 0.67 | 1.00 |      78.6 |        79.3 |          78.7 |       62.7 
   adbjc-cbdka-kj | 82944 |   12 |   24 | 0.67 | 1.00 |      50.2 |        51.6 |          48.6 |       40.0 
   ajbdc-ckbad-jk | 82944 |   24 |   12 | 1.00 | 1.00 |      49.7 |        46.8 |          46.3 |       69.1 
 abcijk-ijma-mkbc |  4608 |  512 |   24 | 1.00 | 0.97 |     163.0 |       163.2 |         143.8 |      197.0 
 abcijk-ijmb-mkac |  1536 | 1536 |   24 | 1.00 | 0.75 |     257.8 |       253.6 |         229.6 |      169.4 
 abcijk-ijmc-mkab |  1536 | 1536 |   24 | 1.00 | 0.50 |     276.5 |       265.6 |         231.4 |      217.7 
 abcijk-ikma-mjbc |  4608 |  512 |   24 | 1.00 | 0.97 |     156.2 |       172.6 |         148.6 |      195.8 
 abcijk-ikmb-mjac |  1536 | 1536 |   24 | 1.00 | 0.75 |     253.4 |       251.4 |         240.2 |      184.2 
 abcijk-ikmc-mjab |  1536 | 1536 |   24 | 1.00 | 0.50 |     272.9 |       282.6 |         239.5 |      179.5 
 abcijk-jkma-mibc |  4608 |  512 |   24 | 1.00 | 0.97 |     154.3 |       167.1 |         145.4 |      218.8 
 abcijk-jkmb-miac |  1536 | 1536 |   24 | 1.00 | 0.75 |     259.2 |       259.2 |         237.3 |      153.8 
 abcijk-jkmc-miab |  1536 | 1536 |   24 | 1.00 | 0.50 |     272.9 |       273.1 |         242.9 |      197.7 
 abcijk-eiab-jkec |  1536 | 1536 |   24 | 1.00 | 0.50 |     275.0 |       266.7 |         236.4 |      192.5 
 abcijk-eiac-jkeb |  1536 | 1536 |   24 | 1.00 | 0.75 |     255.3 |       257.8 |         235.8 |      154.1 
 abcijk-eibc-jkea |   512 | 4608 |   24 | 1.00 | 0.97 |     161.1 |       163.5 |         145.5 |      218.8 
 abcijk-ejab-ikec |  1536 | 1536 |   24 | 1.00 | 0.50 |     269.8 |       270.5 |         241.6 |      177.5 
 abcijk-ejac-ikeb |  1536 | 1536 |   24 | 1.00 | 0.75 |     257.3 |       259.2 |         236.1 |      184.2 
 abcijk-ejbc-ikea |   512 | 4608 |   24 | 1.00 | 0.97 |     155.7 |       158.1 |         155.6 |      205.5 
 abcijk-ekab-ijec |  1536 | 1536 |   24 | 1.00 | 0.50 |     268.6 |       271.6 |         244.4 |      208.4 
 abcijk-ekac-ijeb |  1536 | 1536 |   24 | 1.00 | 0.75 |     256.9 |       258.7 |         233.4 |      164.3 
 abcijk-ekbc-ijea |   512 | 4608 |   24 | 1.00 | 0.97 |     158.4 |       162.6 |         151.3 |      206.4 
       abc-bk-akc |    72 | 3744 |   52 | 0.89 | 1.00 |     222.9 |       227.2 |         186.7 |      285.1 

=== complex efficiency ratio (c64 GF/s over f64 GF/s; 1.0 = no penalty) ===
             case | plan c64/f64 | packed c64/f64 | upstream c64/f64 | tblis c64/f64 
------------------+--------------+----------------+------------------+---------------
         ij-ik-kj |        1.061 |          1.063 |            1.295 |         1.335 
       ij-ikl-ljk |        1.289 |          1.265 |            1.514 |         2.403 
       ij-kil-lkj |        1.157 |          1.174 |            1.357 |         2.323 
       ijk-ikl-lj |        1.184 |          1.198 |            1.604 |         1.524 
       ijk-il-jlk |        3.190 |          1.067 |            1.502 |         1.585 
       ijk-ilk-jl |        2.290 |          1.451 |            1.715 |         1.546 
       ijk-ilk-lj |        1.176 |          1.176 |            1.869 |         1.576 
     ijk-ilmk-mjl |        1.364 |          1.387 |            2.722 |         2.365 
   ijkl-imjn-lnkm |        1.146 |          1.125 |            1.233 |         1.246 
   ijkl-imjn-nlmk |        1.251 |          1.228 |            1.328 |         1.357 
   ijkl-imkn-jnlm |        1.146 |          1.093 |            1.182 |         1.117 
   ijkl-imkn-njml |        1.105 |          1.119 |            1.204 |         1.194 
   ijkl-imln-jnkm |        1.086 |          1.115 |            1.183 |         1.094 
   ijkl-imln-njmk |        1.145 |          1.132 |            1.206 |         1.188 
   ijkl-imnj-nlkm |        1.100 |          1.103 |            1.229 |         1.198 
   ijkl-imnk-njml |        1.085 |          1.096 |            1.205 |         1.215 
   ijkl-minj-nlmk |        1.096 |          1.094 |            1.152 |         1.164 
   ijkl-mink-jnlm |        1.128 |          1.097 |            1.188 |         1.164 
   ijkl-minl-njmk |        1.165 |          1.085 |            1.178 |         1.182 
     aqrs-pa-pqrs |        2.181 |          3.212 |            1.619 |         2.468 
     abrs-qb-aqrs |        1.648 |          1.638 |            2.461 |         2.432 
     abcs-rc-abrs |        1.467 |          1.434 |            2.215 |         2.385 
       abj-bka-kj |        1.258 |          1.200 |            1.836 |         1.255 
       ajb-kba-jk |        2.168 |          2.304 |            1.646 |         1.362 
     abjc-cbka-kj |        2.328 |          2.572 |            2.670 |         2.201 
     ajbc-ckba-jk |        0.377 |          0.487 |            0.570 |         1.459 
     abjc-kbac-jk |        1.524 |          1.539 |            2.537 |         2.260 
   abjcd-dkbac-jk |        1.696 |          1.600 |            1.880 |         2.053 
   adbjc-cbdka-kj |        3.251 |          3.256 |            3.502 |         1.695 
   ajbdc-ckbad-jk |        1.035 |          0.955 |            1.133 |         2.088 
 abcijk-ijma-mkbc |        1.095 |          1.149 |            1.037 |         1.196 
 abcijk-ijmb-mkac |        1.249 |          1.234 |            1.373 |         1.633 
 abcijk-ijmc-mkab |        1.388 |          1.186 |            1.363 |         1.534 
 abcijk-ikma-mjbc |        1.095 |          1.249 |            1.588 |         1.221 
 abcijk-ikmb-mjac |        1.274 |          1.158 |            1.439 |         1.326 
 abcijk-ikmc-mjab |        1.376 |          1.331 |            1.360 |         1.505 
 abcijk-jkma-mibc |        1.092 |          1.083 |            1.055 |         1.245 
 abcijk-jkmb-miac |        1.287 |          1.159 |            1.429 |         1.496 
 abcijk-jkmc-miab |        1.570 |          1.273 |            1.447 |         1.670 
 abcijk-eiab-jkec |        1.303 |          1.092 |            1.325 |         1.636 
 abcijk-eiac-jkeb |        1.264 |          1.142 |            1.414 |         1.559 
 abcijk-eibc-jkea |        1.052 |          1.044 |            1.108 |         1.243 
 abcijk-ejab-ikec |        1.344 |          1.255 |            1.483 |         1.524 
 abcijk-ejac-ikeb |        1.273 |          1.177 |            1.408 |         1.262 
 abcijk-ejbc-ikea |        1.035 |          0.967 |            1.161 |         1.246 
 abcijk-ekab-ijec |        1.303 |          1.170 |            1.444 |         1.471 
 abcijk-ekac-ijeb |        1.194 |          1.148 |            1.308 |         1.621 
 abcijk-ekbc-ijea |        1.043 |          1.031 |            1.121 |         1.264 
       abc-bk-akc |        1.453 |          1.451 |            1.689 |         1.564 
             MEAN |        1.383 |          1.318 |            1.520 |         1.564 

wrote /home/shinaoka/projects/tensor4all/tprims-rs/benchmarks/benchmarks/tcbench/results/scaling-layout/baseline/A2-1m-8t.pending.csv
