# threads: requested=4 pool=4 budget=4
host        : shinaoka-EVO-X1Pro
target      : x86_64 / linux
cpu features: avx2 fma avx512f avx512dq 
caches      : L1=48KiB/12-way/2sh L2=1024KiB/16-way/2sh L3=16384KiB/16-way/8sh (via sysfs), blocking=legacy
l3 domains  : t1=1 t4=1 t8=2
baselines   : tblis=true blas=false
tblis       : abi 2.x, 4 thread(s)

running 49 cases at 16 MiB nominal tensor size, 5 reps, stress=none


=== f64 ===
             case |      m |     n |     k | regA | regB | plan GF/s | packed GF/s | upstream GF/s | tblis GF/s 
------------------+--------+-------+-------+------+------+-----------+-------------+---------------+------------
         ij-ik-kj |   1464 |  1448 |  1464 | 0.00 | 0.00 |     144.5 |       129.7 |         127.1 |      173.2 
       ij-ikl-ljk |    144 |   128 | 18432 | 1.00 | 1.00 |     101.6 |       102.9 |         102.4 |       88.6 
       ij-kil-lkj |    144 |   128 | 20736 | 1.00 | 1.00 |      98.8 |        98.6 |          95.2 |       80.4 
       ijk-ikl-lj |  18432 |   128 |   144 | 1.00 | 1.00 |     156.9 |       157.8 |         153.9 |      110.1 
       ijk-il-jlk |    144 | 18432 |   128 | 1.00 | 1.00 |     123.6 |       124.6 |         117.3 |      142.3 
       ijk-ilk-jl |  18432 |   144 |   128 | 1.00 | 1.00 |     150.6 |       167.6 |         162.1 |      125.7 
       ijk-ilk-lj |  18432 |   128 |   144 | 1.00 | 1.00 |     165.6 |       166.1 |         157.7 |      120.4 
     ijk-ilmk-mjl |   1920 |    40 |  1920 | 1.00 | 1.00 |     122.4 |       125.2 |         132.6 |       83.2 
   ijkl-imjn-lnkm |   1920 |  1920 |  1600 | 1.00 | 1.00 |     177.6 |       178.5 |         174.6 |      178.2 
   ijkl-imjn-nlmk |   1920 |  1600 |  1920 | 1.00 | 1.00 |     179.1 |       178.7 |         177.2 |      174.1 
   ijkl-imkn-jnlm |   1920 |  1920 |  1600 | 1.00 | 1.00 |     181.0 |       180.8 |         179.5 |      176.6 
   ijkl-imkn-njml |   1920 |  1600 |  1920 | 1.00 | 1.00 |     179.5 |       179.8 |         178.0 |      172.4 
   ijkl-imln-jnkm |   1920 |  1920 |  1600 | 1.00 | 1.00 |     181.5 |       181.5 |         180.3 |      176.1 
   ijkl-imln-njmk |   1920 |  1600 |  1920 | 1.00 | 1.00 |     180.1 |       180.1 |         176.1 |      172.9 
   ijkl-imnj-nlkm |   1920 |  1600 |  1920 | 1.00 | 1.00 |     178.3 |       178.6 |         176.8 |      176.0 
   ijkl-imnk-njml |   1920 |  1600 |  1920 | 1.00 | 1.00 |     180.2 |       180.1 |         178.6 |      175.7 
   ijkl-minj-nlmk |   1920 |  1600 |  2304 | 1.00 | 1.00 |     177.4 |       177.4 |         175.2 |      170.7 
   ijkl-mink-jnlm |   1920 |  1920 |  1920 | 1.00 | 1.00 |     180.2 |       180.1 |         177.6 |      176.2 
   ijkl-minl-njmk |   1920 |  1600 |  2304 | 1.00 | 1.00 |     178.1 |       178.4 |         173.2 |      175.3 
     aqrs-pa-pqrs |     48 | 64000 |    48 | 0.00 | 0.00 |     129.3 |       110.5 |         104.2 |       61.8 
     abrs-qb-aqrs |     40 | 76800 |    48 | 1.00 | 1.00 |     124.4 |       122.2 |         118.5 |       67.9 
     abcs-rc-abrs |     40 | 76800 |    48 | 1.00 | 1.00 |     105.9 |       109.8 |          99.1 |       62.4 
       abj-bka-kj |  20736 |   128 |   144 | 1.00 | 1.00 |     134.1 |       136.5 |         131.8 |       82.4 
       ajb-kba-jk |  18432 |   144 |   144 | 1.00 | 1.00 |     152.4 |       161.5 |         152.0 |      126.4 
     abjc-cbka-kj |  92160 |    40 |    48 | 1.00 | 1.00 |      27.6 |        27.3 |          25.9 |       40.5 
     ajbc-ckba-jk |  92160 |    48 |    40 | 1.00 | 1.00 |      43.8 |        43.9 |          41.3 |       62.7 
     abjc-kbac-jk |  76800 |    48 |    48 | 1.00 | 1.00 |     100.4 |        96.8 |          92.5 |       56.8 
   abjcd-dkbac-jk | 230400 |    24 |    20 | 1.00 | 1.00 |      31.0 |        30.9 |          29.2 |       30.0 
   adbjc-cbdka-kj | 230400 |    20 |    24 | 1.00 | 1.00 |      16.6 |        16.3 |          16.1 |       16.3 
   ajbdc-ckbad-jk | 230400 |    24 |    20 | 1.00 | 1.00 |      31.1 |        31.1 |          29.1 |       32.4 
 abcijk-ijma-mkbc |   6912 |  1728 |    24 | 1.00 | 1.00 |     131.2 |       130.3 |         122.2 |      109.5 
 abcijk-ijmb-mkac |   3456 |  3456 |    24 | 1.00 | 0.67 |     123.8 |       123.7 |         116.4 |       63.6 
 abcijk-ijmc-mkab |   3456 |  3456 |    24 | 1.00 | 0.67 |     118.2 |       119.1 |         113.5 |       84.8 
 abcijk-ikma-mjbc |   6912 |  1728 |    24 | 1.00 | 1.00 |     124.7 |       130.4 |         121.7 |      109.9 
 abcijk-ikmb-mjac |   3456 |  3456 |    24 | 1.00 | 0.67 |     123.2 |       123.6 |         116.3 |       89.7 
 abcijk-ikmc-mjab |   3456 |  3456 |    24 | 1.00 | 0.67 |     120.0 |       119.6 |         112.8 |       80.4 
 abcijk-jkma-mibc |   6912 |  1728 |    24 | 1.00 | 1.00 |     133.0 |       133.2 |         123.7 |      111.6 
 abcijk-jkmb-miac |   3456 |  3456 |    24 | 1.00 | 0.67 |     122.4 |       122.9 |         115.2 |       47.8 
 abcijk-jkmc-miab |   3456 |  3456 |    24 | 1.00 | 0.67 |     119.5 |       118.8 |         114.4 |       60.8 
 abcijk-eiab-jkec |   3456 |  3456 |    24 | 1.00 | 0.67 |     120.6 |       120.0 |         113.7 |       61.7 
 abcijk-eiac-jkeb |   3456 |  3456 |    24 | 1.00 | 0.67 |     122.5 |       123.3 |         114.9 |       46.8 
 abcijk-eibc-jkea |   1728 |  6912 |    24 | 1.00 | 1.00 |     130.0 |       133.7 |         124.7 |      111.2 
 abcijk-ejab-ikec |   3456 |  3456 |    24 | 1.00 | 0.67 |     120.7 |       121.3 |         113.1 |       79.9 
 abcijk-ejac-ikeb |   3456 |  3456 |    24 | 1.00 | 0.67 |     123.6 |       122.8 |         117.2 |       89.9 
 abcijk-ejbc-ikea |   1728 |  6912 |    24 | 1.00 | 1.00 |     130.0 |       130.3 |         121.9 |      109.9 
 abcijk-ekab-ijec |   3456 |  3456 |    24 | 1.00 | 0.67 |     120.0 |       119.2 |         112.0 |       83.8 
 abcijk-ekac-ijeb |   3456 |  3456 |    24 | 1.00 | 0.67 |     124.0 |       124.3 |         115.9 |       63.4 
 abcijk-ekbc-ijea |   1728 |  6912 |    24 | 1.00 | 1.00 |     129.7 |       130.6 |         121.4 |      110.3 
       abc-bk-akc |    144 | 18432 |   128 | 1.00 | 1.00 |     166.2 |       167.5 |         161.1 |      125.6 

=== c64 ===
             case |      m |     n |     k | regA | regB | plan GF/s | packed GF/s | upstream GF/s | tblis GF/s 
------------------+--------+-------+-------+------+------+-----------+-------------+---------------+------------
         ij-ik-kj |   1464 |  1448 |  1464 | 1.00 | 1.00 |     190.6 |       190.7 |         189.5 |      185.1 
       ij-ikl-ljk |    144 |   128 | 18432 | 1.00 | 1.00 |     120.4 |       119.9 |         116.3 |      116.8 
       ij-kil-lkj |    144 |   128 | 20736 | 1.00 | 1.00 |     116.5 |       115.7 |         111.9 |      109.0 
       ijk-ikl-lj |  18432 |   128 |   144 | 1.00 | 1.00 |     179.9 |       180.0 |         178.1 |      133.7 
       ijk-il-jlk |    144 | 18432 |   128 | 1.00 | 1.00 |     135.5 |       135.4 |         133.7 |      169.2 
       ijk-ilk-jl |  18432 |   144 |   128 | 1.00 | 1.00 |     190.3 |       190.2 |         187.5 |      146.9 
       ijk-ilk-lj |  18432 |   128 |   144 | 1.00 | 1.00 |     184.7 |       184.6 |         182.4 |      143.0 
     ijk-ilmk-mjl |   1920 |    40 |  1920 | 1.00 | 1.00 |     146.7 |       145.3 |         143.3 |      108.9 
   ijkl-imjn-lnkm |   1920 |  1920 |  1600 | 1.00 | 0.90 |     186.1 |       186.7 |         183.9 |      180.4 
   ijkl-imjn-nlmk |   1920 |  1600 |  1920 | 1.00 | 0.90 |     187.5 |       187.5 |         186.3 |      180.4 
   ijkl-imkn-jnlm |   1920 |  1920 |  1600 | 1.00 | 1.00 |     189.9 |       190.0 |         188.2 |      178.8 
   ijkl-imkn-njml |   1920 |  1600 |  1920 | 1.00 | 0.90 |     189.5 |       189.4 |         187.6 |      179.3 
   ijkl-imln-jnkm |   1920 |  1920 |  1600 | 1.00 | 1.00 |     190.3 |       190.3 |         188.7 |      179.8 
   ijkl-imln-njmk |   1920 |  1600 |  1920 | 1.00 | 0.90 |     190.0 |       190.0 |         188.0 |      179.9 
   ijkl-imnj-nlkm |   1920 |  1600 |  1920 | 1.00 | 0.90 |     187.6 |       187.6 |         186.7 |      180.4 
   ijkl-imnk-njml |   1920 |  1600 |  1920 | 1.00 | 0.90 |     189.4 |       189.4 |         188.0 |      180.3 
   ijkl-minj-nlmk |   1920 |  1600 |  2304 | 1.00 | 0.90 |     185.4 |       185.4 |         184.0 |      178.7 
   ijkl-mink-jnlm |   1920 |  1920 |  1920 | 1.00 | 1.00 |     188.3 |       188.1 |         185.7 |      180.5 
   ijkl-minl-njmk |   1920 |  1600 |  2304 | 1.00 | 0.90 |     187.8 |       187.9 |         185.8 |      179.0 
     aqrs-pa-pqrs |     48 | 64000 |    48 | 1.00 | 1.00 |     148.3 |       148.5 |         144.1 |      113.4 
     abrs-qb-aqrs |     40 | 76800 |    48 | 1.00 | 1.00 |     155.5 |       153.2 |         151.7 |      100.4 
     abcs-rc-abrs |     40 | 76800 |    48 | 1.00 | 1.00 |     151.1 |       149.9 |         144.4 |       96.1 
       abj-bka-kj |  20736 |   128 |   144 | 1.00 | 1.00 |     155.9 |       156.8 |         153.3 |      114.5 
       ajb-kba-jk |  18432 |   144 |   144 | 1.00 | 1.00 |     189.7 |       189.7 |         187.6 |      153.3 
     abjc-cbka-kj |  92160 |    40 |    48 | 1.00 | 1.00 |      71.2 |        71.3 |          69.9 |       77.0 
     ajbc-ckba-jk |  92160 |    48 |    40 | 1.00 | 1.00 |      95.7 |        95.4 |          95.0 |      105.7 
     abjc-kbac-jk |  76800 |    48 |    48 | 1.00 | 1.00 |     155.4 |       156.6 |         151.8 |       78.0 
   abjcd-dkbac-jk | 230400 |    24 |    20 | 0.67 | 1.00 |      68.3 |        68.5 |          65.3 |       61.8 
   adbjc-cbdka-kj | 230400 |    20 |    24 | 0.67 | 1.00 |      38.4 |        36.6 |          37.5 |       47.5 
   ajbdc-ckbad-jk | 230400 |    24 |    20 | 1.00 | 1.00 |      58.5 |        58.0 |          56.1 |       67.3 
 abcijk-ijma-mkbc |   6912 |  1728 |    24 | 1.00 | 1.00 |     164.9 |       166.1 |         161.4 |      142.8 
 abcijk-ijmb-mkac |   3456 |  3456 |    24 | 1.00 | 1.00 |     171.6 |       171.6 |         167.1 |      108.2 
 abcijk-ijmc-mkab |   3456 |  3456 |    24 | 1.00 | 1.00 |     168.7 |       168.9 |         165.3 |      141.8 
 abcijk-ikma-mjbc |   6912 |  1728 |    24 | 1.00 | 1.00 |     165.5 |       163.9 |         160.3 |      142.8 
 abcijk-ikmb-mjac |   3456 |  3456 |    24 | 1.00 | 1.00 |     171.8 |       171.3 |         166.6 |      128.2 
 abcijk-ikmc-mjab |   3456 |  3456 |    24 | 1.00 | 1.00 |     168.8 |       169.1 |         165.7 |      125.8 
 abcijk-jkma-mibc |   6912 |  1728 |    24 | 1.00 | 1.00 |     165.9 |       165.9 |         160.7 |      143.2 
 abcijk-jkmb-miac |   3456 |  3456 |    24 | 1.00 | 1.00 |     171.0 |       171.8 |         170.4 |       85.6 
 abcijk-jkmc-miab |   3456 |  3456 |    24 | 1.00 | 1.00 |     167.1 |       167.2 |         162.6 |      101.4 
 abcijk-eiab-jkec |   3456 |  3456 |    24 | 1.00 | 1.00 |     167.4 |       166.4 |         164.8 |      102.6 
 abcijk-eiac-jkeb |   3456 |  3456 |    24 | 1.00 | 1.00 |     170.7 |       170.6 |         165.5 |       85.6 
 abcijk-eibc-jkea |   1728 |  6912 |    24 | 1.00 | 1.00 |     166.1 |       166.8 |         160.7 |      143.0 
 abcijk-ejab-ikec |   3456 |  3456 |    24 | 1.00 | 1.00 |     168.7 |       168.5 |         165.7 |      124.4 
 abcijk-ejac-ikeb |   3456 |  3456 |    24 | 1.00 | 1.00 |     170.9 |       171.1 |         167.0 |      128.3 
 abcijk-ejbc-ikea |   1728 |  6912 |    24 | 1.00 | 1.00 |     164.2 |       166.0 |         160.7 |      142.2 
 abcijk-ekab-ijec |   3456 |  3456 |    24 | 1.00 | 1.00 |     169.4 |       168.6 |         164.9 |      139.5 
 abcijk-ekac-ijeb |   3456 |  3456 |    24 | 1.00 | 1.00 |     171.7 |       171.3 |         165.3 |      107.5 
 abcijk-ekbc-ijea |   1728 |  6912 |    24 | 1.00 | 1.00 |     167.2 |       164.7 |         161.7 |      142.5 
       abc-bk-akc |    144 | 18432 |   128 | 1.00 | 1.00 |     189.7 |       190.6 |         188.0 |      146.8 

=== complex efficiency ratio (c64 GF/s over f64 GF/s; 1.0 = no penalty) ===
             case | plan c64/f64 | packed c64/f64 | upstream c64/f64 | tblis c64/f64 
------------------+--------------+----------------+------------------+---------------
         ij-ik-kj |        1.319 |          1.471 |            1.491 |         1.069 
       ij-ikl-ljk |        1.185 |          1.165 |            1.136 |         1.318 
       ij-kil-lkj |        1.179 |          1.173 |            1.176 |         1.355 
       ijk-ikl-lj |        1.147 |          1.140 |            1.157 |         1.214 
       ijk-il-jlk |        1.096 |          1.087 |            1.139 |         1.189 
       ijk-ilk-jl |        1.263 |          1.134 |            1.157 |         1.168 
       ijk-ilk-lj |        1.115 |          1.111 |            1.157 |         1.187 
     ijk-ilmk-mjl |        1.199 |          1.161 |            1.081 |         1.308 
   ijkl-imjn-lnkm |        1.048 |          1.046 |            1.053 |         1.012 
   ijkl-imjn-nlmk |        1.047 |          1.050 |            1.051 |         1.037 
   ijkl-imkn-jnlm |        1.049 |          1.051 |            1.049 |         1.013 
   ijkl-imkn-njml |        1.056 |          1.053 |            1.054 |         1.040 
   ijkl-imln-jnkm |        1.048 |          1.048 |            1.047 |         1.021 
   ijkl-imln-njmk |        1.055 |          1.055 |            1.068 |         1.041 
   ijkl-imnj-nlkm |        1.052 |          1.050 |            1.056 |         1.025 
   ijkl-imnk-njml |        1.051 |          1.052 |            1.053 |         1.026 
   ijkl-minj-nlmk |        1.045 |          1.045 |            1.050 |         1.047 
   ijkl-mink-jnlm |        1.045 |          1.044 |            1.045 |         1.024 
   ijkl-minl-njmk |        1.055 |          1.053 |            1.073 |         1.021 
     aqrs-pa-pqrs |        1.147 |          1.343 |            1.383 |         1.834 
     abrs-qb-aqrs |        1.251 |          1.254 |            1.280 |         1.479 
     abcs-rc-abrs |        1.426 |          1.365 |            1.458 |         1.539 
       abj-bka-kj |        1.162 |          1.149 |            1.163 |         1.390 
       ajb-kba-jk |        1.245 |          1.175 |            1.234 |         1.213 
     abjc-cbka-kj |        2.574 |          2.608 |            2.701 |         1.900 
     ajbc-ckba-jk |        2.186 |          2.171 |            2.299 |         1.686 
     abjc-kbac-jk |        1.548 |          1.617 |            1.642 |         1.374 
   abjcd-dkbac-jk |        2.205 |          2.214 |            2.234 |         2.058 
   adbjc-cbdka-kj |        2.318 |          2.240 |            2.330 |         2.910 
   ajbdc-ckbad-jk |        1.880 |          1.865 |            1.925 |         2.077 
 abcijk-ijma-mkbc |        1.257 |          1.274 |            1.321 |         1.304 
 abcijk-ijmb-mkac |        1.386 |          1.387 |            1.436 |         1.702 
 abcijk-ijmc-mkab |        1.427 |          1.418 |            1.457 |         1.673 
 abcijk-ikma-mjbc |        1.328 |          1.258 |            1.318 |         1.299 
 abcijk-ikmb-mjac |        1.394 |          1.385 |            1.432 |         1.429 
 abcijk-ikmc-mjab |        1.407 |          1.414 |            1.470 |         1.566 
 abcijk-jkma-mibc |        1.248 |          1.245 |            1.299 |         1.283 
 abcijk-jkmb-miac |        1.397 |          1.398 |            1.479 |         1.789 
 abcijk-jkmc-miab |        1.399 |          1.408 |            1.421 |         1.667 
 abcijk-eiab-jkec |        1.388 |          1.387 |            1.450 |         1.664 
 abcijk-eiac-jkeb |        1.394 |          1.384 |            1.441 |         1.829 
 abcijk-eibc-jkea |        1.278 |          1.248 |            1.289 |         1.285 
 abcijk-ejab-ikec |        1.397 |          1.389 |            1.466 |         1.557 
 abcijk-ejac-ikeb |        1.382 |          1.394 |            1.426 |         1.428 
 abcijk-ejbc-ikea |        1.263 |          1.274 |            1.318 |         1.293 
 abcijk-ekab-ijec |        1.411 |          1.415 |            1.472 |         1.664 
 abcijk-ekac-ijeb |        1.384 |          1.378 |            1.427 |         1.697 
 abcijk-ekbc-ijea |        1.289 |          1.262 |            1.331 |         1.292 
       abc-bk-akc |        1.141 |          1.138 |            1.167 |         1.169 
             MEAN |        1.338 |          1.336 |            1.371 |         1.412 

wrote /home/shinaoka/projects/tensor4all/tprims-rs/benchmarks/benchmarks/tcbench/results/scaling-layout/baseline/A2-16m-4t.pending.csv
