# threads: requested=1 pool=1 budget=1
host        : shinaoka-EVO-X1Pro
target      : x86_64 / linux
cpu features: avx2 fma avx512f avx512dq 
caches      : L1=48KiB/12-way/2sh L2=1024KiB/16-way/2sh L3=16384KiB/16-way/8sh (via sysfs), blocking=legacy
l3 domains  : t1=1
baselines   : tblis=true blas=false
tblis       : abi 2.x, 1 thread(s)

running 49 cases at 1 MiB nominal tensor size, 5 reps, stress=none


=== f64 ===
             case |     m |    n |    k | regA | regB | plan GF/s | packed GF/s | upstream GF/s | tblis GF/s 
------------------+-------+------+------+------+------+-----------+-------------+---------------+------------
         ij-ik-kj |   384 |  364 |  384 | 0.00 | 0.00 |      37.0 |        34.8 |          34.3 |       29.6 
       ij-ikl-ljk |    72 |   52 | 3744 | 1.00 | 1.00 |      38.1 |        38.2 |          36.9 |       21.9 
       ij-kil-lkj |    72 |   52 | 5184 | 1.00 | 1.00 |      34.7 |        35.4 |          34.4 |       21.4 
       ijk-ikl-lj |  3744 |   52 |   72 | 1.00 | 1.00 |      42.5 |        42.6 |          41.4 |       26.6 
       ijk-il-jlk |    72 | 3744 |   52 | 1.00 | 1.00 |      43.5 |        43.4 |          41.5 |       29.4 
       ijk-ilk-jl |  3744 |   72 |   52 | 1.00 | 1.00 |      45.3 |        45.9 |          44.3 |       31.0 
       ijk-ilk-lj |  3744 |   52 |   72 | 1.00 | 1.00 |      42.3 |        42.5 |          41.3 |       27.1 
     ijk-ilmk-mjl |   480 |   20 |  480 | 1.00 | 1.00 |      35.5 |        35.6 |          35.1 |       16.1 
   ijkl-imjn-lnkm |   480 |  480 |  400 | 1.00 | 0.80 |      48.0 |        48.0 |          47.8 |       40.8 
   ijkl-imjn-nlmk |   480 |  400 |  480 | 1.00 | 0.80 |      48.9 |        49.0 |          48.3 |       40.5 
   ijkl-imkn-jnlm |   480 |  480 |  400 | 1.00 | 1.00 |      49.0 |        49.3 |          48.5 |       41.3 
   ijkl-imkn-njml |   480 |  400 |  480 | 1.00 | 0.80 |      49.3 |        49.5 |          48.8 |       40.9 
   ijkl-imln-jnkm |   480 |  480 |  400 | 1.00 | 1.00 |      49.1 |        49.3 |          48.4 |       41.0 
   ijkl-imln-njmk |   480 |  400 |  480 | 1.00 | 0.80 |      49.1 |        49.3 |          48.5 |       41.3 
   ijkl-imnj-nlkm |   480 |  400 |  480 | 1.00 | 0.80 |      49.0 |        49.3 |          48.3 |       42.2 
   ijkl-imnk-njml |   480 |  400 |  480 | 1.00 | 0.80 |      49.2 |        49.5 |          48.4 |       41.7 
   ijkl-minj-nlmk |   480 |  400 |  576 | 1.00 | 0.80 |      48.0 |        48.0 |          47.2 |       40.8 
   ijkl-mink-jnlm |   480 |  480 |  480 | 1.00 | 1.00 |      48.7 |        48.7 |          47.4 |       41.5 
   ijkl-minl-njmk |   480 |  400 |  576 | 1.00 | 0.80 |      48.0 |        48.0 |          47.6 |       41.7 
     aqrs-pa-pqrs |    24 | 8000 |   24 | 0.00 | 0.00 |      46.1 |        32.6 |          30.8 |       14.1 
     abrs-qb-aqrs |    20 | 9600 |   24 | 1.00 | 1.00 |      31.9 |        32.1 |          30.1 |       13.2 
     abcs-rc-abrs |    20 | 9600 |   24 | 1.00 | 1.00 |      31.5 |        31.6 |          29.6 |       13.3 
       abj-bka-kj |  5184 |   52 |   72 | 1.00 | 1.00 |      35.0 |        34.9 |          33.5 |       23.2 
       ajb-kba-jk |  3744 |   72 |   72 | 1.00 | 1.00 |      40.4 |        44.8 |          43.2 |       30.5 
     abjc-cbka-kj | 11520 |   20 |   24 | 1.00 | 1.00 |      18.6 |        18.1 |          16.8 |       13.1 
     ajbc-ckba-jk | 11520 |   24 |   20 | 1.00 | 1.00 |      25.9 |        25.8 |          23.7 |       15.3 
     abjc-kbac-jk |  9600 |   24 |   24 | 1.00 | 1.00 |      33.5 |        34.2 |          32.3 |       16.1 
   abjcd-dkbac-jk | 82944 |   24 |   12 | 1.00 | 1.00 |      15.5 |        16.2 |          14.6 |        8.1 
   adbjc-cbdka-kj | 82944 |   12 |   24 | 1.00 | 1.00 |       5.2 |         5.2 |           4.9 |        7.0 
   ajbdc-ckbad-jk | 82944 |   24 |   12 | 1.00 | 1.00 |      16.3 |        16.3 |          14.9 |        8.9 
 abcijk-ijma-mkbc |  4608 |  512 |   24 | 1.00 | 1.00 |      40.1 |        40.0 |          38.2 |       28.8 
 abcijk-ijmb-mkac |  1536 | 1536 |   24 | 1.00 | 1.00 |      41.7 |        42.1 |          40.6 |       26.9 
 abcijk-ijmc-mkab |  1536 | 1536 |   24 | 1.00 | 1.00 |      41.3 |        41.6 |          40.0 |       32.5 
 abcijk-ikma-mjbc |  4608 |  512 |   24 | 1.00 | 1.00 |      39.8 |        40.4 |          38.2 |       28.9 
 abcijk-ikmb-mjac |  1536 | 1536 |   24 | 1.00 | 1.00 |      41.6 |        42.0 |          40.5 |       27.0 
 abcijk-ikmc-mjab |  1536 | 1536 |   24 | 1.00 | 1.00 |      41.6 |        41.9 |          40.2 |       28.7 
 abcijk-jkma-mibc |  4608 |  512 |   24 | 1.00 | 1.00 |      40.2 |        40.4 |          38.2 |       32.9 
 abcijk-jkmb-miac |  1536 | 1536 |   24 | 1.00 | 1.00 |      41.6 |        42.0 |          40.7 |       22.8 
 abcijk-jkmc-miab |  1536 | 1536 |   24 | 1.00 | 1.00 |      40.7 |        40.8 |          40.3 |       27.6 
 abcijk-eiab-jkec |  1536 | 1536 |   24 | 1.00 | 1.00 |      40.6 |        40.7 |          40.2 |       27.1 
 abcijk-eiac-jkeb |  1536 | 1536 |   24 | 1.00 | 1.00 |      42.0 |        42.3 |          40.3 |       22.7 
 abcijk-eibc-jkea |   512 | 4608 |   24 | 1.00 | 1.00 |      39.4 |        39.5 |          38.1 |       32.5 
 abcijk-ejab-ikec |  1536 | 1536 |   24 | 1.00 | 1.00 |      40.8 |        41.0 |          40.2 |       28.9 
 abcijk-ejac-ikeb |  1536 | 1536 |   24 | 1.00 | 1.00 |      41.6 |        42.2 |          40.4 |       27.0 
 abcijk-ejbc-ikea |   512 | 4608 |   24 | 1.00 | 1.00 |      39.4 |        39.8 |          38.0 |       28.6 
 abcijk-ekab-ijec |  1536 | 1536 |   24 | 1.00 | 1.00 |      40.9 |        41.6 |          40.2 |       29.8 
 abcijk-ekac-ijeb |  1536 | 1536 |   24 | 1.00 | 1.00 |      41.2 |        41.9 |          40.4 |       26.8 
 abcijk-ekbc-ijea |   512 | 4608 |   24 | 1.00 | 1.00 |      39.8 |        40.2 |          38.1 |       29.0 
       abc-bk-akc |    72 | 3744 |   52 | 1.00 | 1.00 |      45.7 |        45.7 |          44.3 |       31.2 

=== c64 ===
             case |     m |    n |    k | regA | regB | plan GF/s | packed GF/s | upstream GF/s | tblis GF/s 
------------------+-------+------+------+------+------+-----------+-------------+---------------+------------
         ij-ik-kj |   384 |  364 |  384 | 1.00 | 1.00 |      35.2 |        35.1 |          34.7 |       40.2 
       ij-ikl-ljk |    72 |   52 | 3744 | 1.00 | 1.00 |      37.4 |        37.5 |          35.8 |       30.6 
       ij-kil-lkj |    72 |   52 | 5184 | 1.00 | 1.00 |      32.6 |        32.6 |          31.7 |       28.9 
       ijk-ikl-lj |  3744 |   52 |   72 | 1.00 | 1.00 |      43.8 |        43.8 |          42.8 |       30.5 
       ijk-il-jlk |    72 | 3744 |   52 | 1.00 | 1.00 |      40.8 |        40.4 |          39.6 |       37.9 
       ijk-ilk-jl |  3744 |   72 |   52 | 0.89 | 1.00 |      46.5 |        45.9 |          45.3 |       35.7 
       ijk-ilk-lj |  3744 |   52 |   72 | 0.89 | 1.00 |      43.8 |        43.9 |          43.0 |       32.1 
     ijk-ilmk-mjl |   480 |   20 |  480 | 0.67 | 1.00 |      37.2 |        37.4 |          36.5 |       30.0 
   ijkl-imjn-lnkm |   480 |  480 |  400 | 0.67 | 0.80 |      48.1 |        48.1 |          47.7 |       45.3 
   ijkl-imjn-nlmk |   480 |  400 |  480 | 0.67 | 0.81 |      48.1 |        48.2 |          47.8 |       43.5 
   ijkl-imkn-jnlm |   480 |  480 |  400 | 0.67 | 1.00 |      48.0 |        48.1 |          47.5 |       45.4 
   ijkl-imkn-njml |   480 |  400 |  480 | 0.67 | 0.81 |      48.1 |        48.0 |          47.6 |       43.9 
   ijkl-imln-jnkm |   480 |  480 |  400 | 0.67 | 1.00 |      48.2 |        48.3 |          47.6 |       45.3 
   ijkl-imln-njmk |   480 |  400 |  480 | 0.67 | 0.81 |      48.2 |        48.2 |          47.7 |       44.5 
   ijkl-imnj-nlkm |   480 |  400 |  480 | 0.67 | 0.81 |      48.2 |        48.4 |          47.9 |       44.6 
   ijkl-imnk-njml |   480 |  400 |  480 | 0.67 | 0.81 |      48.0 |        48.1 |          47.5 |       44.9 
   ijkl-minj-nlmk |   480 |  400 |  576 | 0.67 | 0.81 |      46.8 |        46.8 |          46.1 |       43.5 
   ijkl-mink-jnlm |   480 |  480 |  480 | 0.67 | 1.00 |      47.8 |        47.7 |          46.9 |       44.4 
   ijkl-minl-njmk |   480 |  400 |  576 | 0.67 | 0.81 |      46.9 |        47.0 |          46.3 |       44.2 
     aqrs-pa-pqrs |    24 | 8000 |   24 | 1.00 | 1.00 |      30.1 |        30.2 |          28.4 |       25.9 
     abrs-qb-aqrs |    20 | 9600 |   24 | 1.00 | 1.00 |      39.4 |        39.3 |          37.9 |       23.2 
     abcs-rc-abrs |    20 | 9600 |   24 | 1.00 | 1.00 |      33.7 |        33.6 |          33.0 |       24.2 
       abj-bka-kj |  5184 |   52 |   72 | 0.89 | 1.00 |      40.9 |        41.0 |          40.4 |       27.5 
       ajb-kba-jk |  3744 |   72 |   72 | 0.89 | 1.00 |      45.0 |        44.1 |          42.8 |       31.7 
     abjc-cbka-kj | 11520 |   20 |   24 | 0.67 | 1.00 |      25.8 |        25.8 |          24.8 |       22.9 
     ajbc-ckba-jk | 11520 |   24 |   20 | 1.00 | 1.00 |      29.8 |        30.4 |          28.0 |       22.0 
     abjc-kbac-jk |  9600 |   24 |   24 | 0.67 | 1.00 |      37.6 |        37.9 |          35.9 |       25.8 
   abjcd-dkbac-jk | 82944 |   24 |   12 | 0.67 | 1.00 |      21.9 |        22.0 |          20.6 |       15.8 
   adbjc-cbdka-kj | 82944 |   12 |   24 | 0.67 | 1.00 |      10.3 |        10.3 |          10.0 |       13.5 
   ajbdc-ckbad-jk | 82944 |   24 |   12 | 1.00 | 1.00 |      25.6 |        25.7 |          23.0 |       15.7 
 abcijk-ijma-mkbc |  4608 |  512 |   24 | 1.00 | 0.97 |      42.2 |        42.2 |          40.8 |       33.1 
 abcijk-ijmb-mkac |  1536 | 1536 |   24 | 1.00 | 0.75 |      44.2 |        44.1 |          42.7 |       33.3 
 abcijk-ijmc-mkab |  1536 | 1536 |   24 | 1.00 | 0.50 |      42.8 |        42.8 |          42.7 |       37.9 
 abcijk-ikma-mjbc |  4608 |  512 |   24 | 1.00 | 0.97 |      42.1 |        42.1 |          40.9 |       32.9 
 abcijk-ikmb-mjac |  1536 | 1536 |   24 | 1.00 | 0.75 |      44.4 |        44.4 |          43.1 |       34.0 
 abcijk-ikmc-mjab |  1536 | 1536 |   24 | 1.00 | 0.50 |      42.8 |        42.8 |          43.0 |       35.3 
 abcijk-jkma-mibc |  4608 |  512 |   24 | 1.00 | 0.97 |      42.3 |        42.2 |          40.8 |       36.1 
 abcijk-jkmb-miac |  1536 | 1536 |   24 | 1.00 | 0.75 |      44.1 |        43.8 |          42.5 |       29.9 
 abcijk-jkmc-miab |  1536 | 1536 |   24 | 1.00 | 0.50 |      42.9 |        42.9 |          42.8 |       37.0 
 abcijk-eiab-jkec |  1536 | 1536 |   24 | 1.00 | 0.50 |      42.8 |        42.9 |          42.5 |       36.6 
 abcijk-eiac-jkeb |  1536 | 1536 |   24 | 1.00 | 0.75 |      44.4 |        44.4 |          43.2 |       30.0 
 abcijk-eibc-jkea |   512 | 4608 |   24 | 1.00 | 0.97 |      42.3 |        42.3 |          40.8 |       36.2 
 abcijk-ejab-ikec |  1536 | 1536 |   24 | 1.00 | 0.50 |      42.7 |        42.7 |          42.7 |       35.0 
 abcijk-ejac-ikeb |  1536 | 1536 |   24 | 1.00 | 0.75 |      44.3 |        44.4 |          43.0 |       34.2 
 abcijk-ejbc-ikea |   512 | 4608 |   24 | 1.00 | 0.97 |      42.1 |        42.1 |          40.8 |       33.0 
 abcijk-ekab-ijec |  1536 | 1536 |   24 | 1.00 | 0.50 |      42.7 |        42.7 |          42.6 |       37.9 
 abcijk-ekac-ijeb |  1536 | 1536 |   24 | 1.00 | 0.75 |      44.0 |        44.0 |          42.4 |       32.7 
 abcijk-ekbc-ijea |   512 | 4608 |   24 | 1.00 | 0.97 |      42.2 |        42.2 |          40.8 |       33.0 
       abc-bk-akc |    72 | 3744 |   52 | 0.89 | 1.00 |      46.8 |        45.7 |          45.1 |       35.9 

=== complex efficiency ratio (c64 GF/s over f64 GF/s; 1.0 = no penalty) ===
             case | plan c64/f64 | packed c64/f64 | upstream c64/f64 | tblis c64/f64 
------------------+--------------+----------------+------------------+---------------
         ij-ik-kj |        0.949 |          1.010 |            1.014 |         1.358 
       ij-ikl-ljk |        0.982 |          0.981 |            0.971 |         1.397 
       ij-kil-lkj |        0.939 |          0.919 |            0.924 |         1.346 
       ijk-ikl-lj |        1.031 |          1.027 |            1.034 |         1.146 
       ijk-il-jlk |        0.938 |          0.930 |            0.954 |         1.290 
       ijk-ilk-jl |        1.026 |          0.999 |            1.021 |         1.152 
       ijk-ilk-lj |        1.034 |          1.033 |            1.042 |         1.187 
     ijk-ilmk-mjl |        1.047 |          1.050 |            1.037 |         1.866 
   ijkl-imjn-lnkm |        1.002 |          1.002 |            0.998 |         1.110 
   ijkl-imjn-nlmk |        0.984 |          0.982 |            0.990 |         1.075 
   ijkl-imkn-jnlm |        0.981 |          0.977 |            0.979 |         1.099 
   ijkl-imkn-njml |        0.974 |          0.971 |            0.976 |         1.074 
   ijkl-imln-jnkm |        0.981 |          0.979 |            0.985 |         1.105 
   ijkl-imln-njmk |        0.980 |          0.979 |            0.984 |         1.077 
   ijkl-imnj-nlkm |        0.984 |          0.982 |            0.991 |         1.057 
   ijkl-imnk-njml |        0.975 |          0.971 |            0.981 |         1.075 
   ijkl-minj-nlmk |        0.977 |          0.975 |            0.977 |         1.068 
   ijkl-mink-jnlm |        0.981 |          0.978 |            0.989 |         1.069 
   ijkl-minl-njmk |        0.977 |          0.978 |            0.972 |         1.060 
     aqrs-pa-pqrs |        0.653 |          0.926 |            0.922 |         1.840 
     abrs-qb-aqrs |        1.233 |          1.224 |            1.260 |         1.760 
     abcs-rc-abrs |        1.072 |          1.064 |            1.118 |         1.823 
       abj-bka-kj |        1.170 |          1.175 |            1.207 |         1.186 
       ajb-kba-jk |        1.115 |          0.983 |            0.992 |         1.042 
     abjc-cbka-kj |        1.382 |          1.425 |            1.478 |         1.754 
     ajbc-ckba-jk |        1.150 |          1.175 |            1.183 |         1.439 
     abjc-kbac-jk |        1.122 |          1.109 |            1.110 |         1.603 
   abjcd-dkbac-jk |        1.408 |          1.362 |            1.414 |         1.948 
   adbjc-cbdka-kj |        1.979 |          1.990 |            2.060 |         1.922 
   ajbdc-ckbad-jk |        1.568 |          1.574 |            1.542 |         1.768 
 abcijk-ijma-mkbc |        1.053 |          1.054 |            1.068 |         1.150 
 abcijk-ijmb-mkac |        1.061 |          1.046 |            1.053 |         1.237 
 abcijk-ijmc-mkab |        1.038 |          1.029 |            1.068 |         1.167 
 abcijk-ikma-mjbc |        1.057 |          1.042 |            1.070 |         1.138 
 abcijk-ikmb-mjac |        1.068 |          1.057 |            1.063 |         1.258 
 abcijk-ikmc-mjab |        1.030 |          1.021 |            1.069 |         1.229 
 abcijk-jkma-mibc |        1.052 |          1.046 |            1.068 |         1.099 
 abcijk-jkmb-miac |        1.061 |          1.043 |            1.043 |         1.308 
 abcijk-jkmc-miab |        1.056 |          1.052 |            1.063 |         1.340 
 abcijk-eiab-jkec |        1.054 |          1.054 |            1.059 |         1.352 
 abcijk-eiac-jkeb |        1.058 |          1.049 |            1.073 |         1.322 
 abcijk-eibc-jkea |        1.073 |          1.070 |            1.071 |         1.113 
 abcijk-ejab-ikec |        1.046 |          1.040 |            1.062 |         1.210 
 abcijk-ejac-ikeb |        1.064 |          1.052 |            1.065 |         1.268 
 abcijk-ejbc-ikea |        1.069 |          1.059 |            1.073 |         1.152 
 abcijk-ekab-ijec |        1.044 |          1.027 |            1.061 |         1.270 
 abcijk-ekac-ijeb |        1.068 |          1.051 |            1.049 |         1.222 
 abcijk-ekbc-ijea |        1.060 |          1.049 |            1.073 |         1.136 
       abc-bk-akc |        1.024 |          1.000 |            1.017 |         1.151 
             MEAN |        1.074 |          1.073 |            1.087 |         1.302 

wrote /home/shinaoka/projects/tensor4all/tprims-rs/benchmarks/benchmarks/tcbench/results/2026-10-07-native/A-1m-1t.pending.csv
