# threads: requested=12 pool=12 budget=12
host        : shinaoka-EVO-X1Pro
target      : x86_64 / linux
cpu features: avx2 fma avx512f avx512dq 
caches      : L1=48KiB/12-way/2sh L2=1024KiB/16-way/2sh L3=16384KiB/16-way/8sh (via sysfs), blocking=legacy
l3 domains  : t1=1 t4=1 t8=2 t16=4
baselines   : tblis=true blas=false
tblis       : abi 2.x, 12 thread(s)

running 49 cases at 1 MiB nominal tensor size, 5 reps, stress=none


=== f64 ===
             case |     m |    n |    k | regA | regB | plan GF/s | packed GF/s | upstream GF/s | tblis GF/s 
------------------+-------+------+------+------+------+-----------+-------------+---------------+------------
         ij-ik-kj |   384 |  364 |  384 | 0.00 | 0.00 |      48.4 |       144.4 |         118.9 |      222.4 
       ij-ikl-ljk |    72 |   52 | 3744 | 1.00 | 1.00 |      71.9 |        69.8 |          58.7 |       66.1 
       ij-kil-lkj |    72 |   52 | 5184 | 1.00 | 1.00 |      69.2 |        66.0 |          64.7 |       68.3 
       ijk-ikl-lj |  3744 |   52 |   72 | 1.00 | 1.00 |     101.6 |       105.4 |          75.0 |      139.2 
       ijk-il-jlk |    72 | 3744 |   52 | 1.00 | 1.00 |      71.5 |       174.0 |          77.0 |      158.8 
       ijk-ilk-jl |  3744 |   72 |   52 | 1.00 | 1.00 |     194.1 |       234.7 |          71.5 |      154.0 
       ijk-ilk-lj |  3744 |   52 |   72 | 1.00 | 1.00 |     128.0 |       129.5 |          71.9 |      137.4 
     ijk-ilmk-mjl |   480 |   20 |  480 | 1.00 | 1.00 |      52.9 |        58.8 |          27.1 |       59.7 
   ijkl-imjn-lnkm |   480 |  480 |  400 | 1.00 | 0.80 |     238.2 |       255.2 |         150.4 |      242.8 
   ijkl-imjn-nlmk |   480 |  400 |  480 | 1.00 | 0.80 |     202.2 |       194.0 |         205.1 |      311.3 
   ijkl-imkn-jnlm |   480 |  480 |  400 | 1.00 | 1.00 |     327.2 |       336.0 |         179.1 |      327.9 
   ijkl-imkn-njml |   480 |  400 |  480 | 1.00 | 0.80 |     201.8 |       201.6 |         177.1 |       26.7 
   ijkl-imln-jnkm |   480 |  480 |  400 | 1.00 | 1.00 |     349.5 |       349.9 |         207.3 |      364.8 
   ijkl-imln-njmk |   480 |  400 |  480 | 1.00 | 0.80 |     319.2 |       235.7 |         185.6 |      360.3 
   ijkl-imnj-nlkm |   480 |  400 |  480 | 1.00 | 0.80 |     336.6 |       331.4 |         197.3 |      326.0 
   ijkl-imnk-njml |   480 |  400 |  480 | 1.00 | 0.80 |     309.8 |       345.3 |         205.6 |      327.0 
   ijkl-minj-nlmk |   480 |  400 |  576 | 1.00 | 0.80 |     186.0 |       208.0 |         177.6 |      323.1 
   ijkl-mink-jnlm |   480 |  480 |  480 | 1.00 | 1.00 |     211.7 |       217.5 |         269.1 |      382.7 
   ijkl-minl-njmk |   480 |  400 |  576 | 1.00 | 0.80 |     340.2 |       342.4 |         189.7 |      331.9 
     aqrs-pa-pqrs |    24 | 8000 |   24 | 0.00 | 0.00 |     150.7 |       106.3 |          51.0 |       65.6 
     abrs-qb-aqrs |    20 | 9600 |   24 | 1.00 | 1.00 |      72.7 |        79.4 |          41.3 |       67.8 
     abcs-rc-abrs |    20 | 9600 |   24 | 1.00 | 1.00 |     130.5 |       127.8 |          38.0 |       49.6 
       abj-bka-kj |  5184 |   52 |   72 | 1.00 | 1.00 |     178.0 |       254.5 |          88.2 |      143.9 
       ajb-kba-jk |  3744 |   72 |   72 | 1.00 | 1.00 |     201.9 |       360.7 |         112.9 |      137.3 
     abjc-cbka-kj | 11520 |   20 |   24 | 1.00 | 1.00 |      70.8 |        79.1 |          32.0 |       44.3 
     ajbc-ckba-jk | 11520 |   24 |   20 | 1.00 | 1.00 |      82.8 |       111.1 |          34.5 |        0.4 
     abjc-kbac-jk |  9600 |   24 |   24 | 1.00 | 1.00 |      92.3 |        93.8 |          34.9 |       50.9 
   abjcd-dkbac-jk | 82944 |   24 |   12 | 1.00 | 1.00 |      38.5 |        42.7 |          32.3 |       28.6 
   adbjc-cbdka-kj | 82944 |   12 |   24 | 1.00 | 1.00 |      22.5 |        22.2 |          13.0 |       22.6 
   ajbdc-ckbad-jk | 82944 |   24 |   12 | 1.00 | 1.00 |      63.1 |        66.1 |          38.1 |       41.4 
 abcijk-ijma-mkbc |  4608 |  512 |   24 | 1.00 | 1.00 |     168.5 |       183.9 |         148.8 |      222.5 
 abcijk-ijmb-mkac |  1536 | 1536 |   24 | 1.00 | 1.00 |     317.5 |       305.1 |         233.0 |      157.2 
 abcijk-ijmc-mkab |  1536 | 1536 |   24 | 1.00 | 1.00 |     304.2 |       306.8 |         205.9 |      198.6 
 abcijk-ikma-mjbc |  4608 |  512 |   24 | 1.00 | 1.00 |     130.0 |       134.8 |         157.3 |      220.0 
 abcijk-ikmb-mjac |  1536 | 1536 |   24 | 1.00 | 1.00 |     194.1 |       218.6 |         239.3 |      232.4 
 abcijk-ikmc-mjab |  1536 | 1536 |   24 | 1.00 | 1.00 |     208.4 |       229.0 |         223.1 |      190.8 
 abcijk-jkma-mibc |  4608 |  512 |   24 | 1.00 | 1.00 |     126.8 |       139.4 |         180.4 |      271.9 
 abcijk-jkmb-miac |  1536 | 1536 |   24 | 1.00 | 1.00 |     209.4 |       219.2 |         262.7 |      182.7 
 abcijk-jkmc-miab |  1536 | 1536 |   24 | 1.00 | 1.00 |     225.1 |       225.2 |         271.2 |      229.4 
 abcijk-eiab-jkec |  1536 | 1536 |   24 | 1.00 | 1.00 |     225.3 |       221.6 |         291.7 |       23.7 
 abcijk-eiac-jkeb |  1536 | 1536 |   24 | 1.00 | 1.00 |     221.7 |       220.3 |         237.3 |      181.7 
 abcijk-eibc-jkea |   512 | 4608 |   24 | 1.00 | 1.00 |     200.7 |       216.8 |         189.6 |      292.1 
 abcijk-ejab-ikec |  1536 | 1536 |   24 | 1.00 | 1.00 |     223.6 |       202.5 |         227.9 |        7.8 
 abcijk-ejac-ikeb |  1536 | 1536 |   24 | 1.00 | 1.00 |     324.9 |       314.6 |         238.3 |      193.5 
 abcijk-ejbc-ikea |   512 | 4608 |   24 | 1.00 | 1.00 |     181.4 |       153.0 |         129.9 |        9.2 
 abcijk-ekab-ijec |  1536 | 1536 |   24 | 1.00 | 1.00 |     166.5 |       216.2 |         222.8 |      212.0 
 abcijk-ekac-ijeb |  1536 | 1536 |   24 | 1.00 | 1.00 |     293.0 |       320.4 |         247.3 |      164.2 
 abcijk-ekbc-ijea |   512 | 4608 |   24 | 1.00 | 1.00 |     133.0 |       134.4 |         150.5 |      215.3 
       abc-bk-akc |    72 | 3744 |   52 | 1.00 | 1.00 |     116.8 |       126.8 |          73.6 |       34.0 

=== c64 ===
             case |     m |    n |    k | regA | regB | plan GF/s | packed GF/s | upstream GF/s | tblis GF/s 
------------------+-------+------+------+------+------+-----------+-------------+---------------+------------
         ij-ik-kj |   384 |  364 |  384 | 1.00 | 1.00 |     194.5 |       194.9 |         258.7 |      338.3 
       ij-ikl-ljk |    72 |   52 | 3744 | 1.00 | 1.00 |     116.6 |       111.1 |         118.1 |      154.9 
       ij-kil-lkj |    72 |   52 | 5184 | 1.00 | 1.00 |     104.7 |       133.7 |         113.9 |      151.2 
       ijk-ikl-lj |  3744 |   52 |   72 | 1.00 | 1.00 |     175.3 |       303.5 |         130.4 |      262.9 
       ijk-il-jlk |    72 | 3744 |   52 | 1.00 | 1.00 |     277.4 |       296.5 |         210.6 |      278.1 
       ijk-ilk-jl |  3744 |   72 |   52 | 0.89 | 1.00 |     218.9 |       245.9 |         181.3 |      277.7 
       ijk-ilk-lj |  3744 |   52 |   72 | 0.89 | 1.00 |     161.9 |       170.3 |         131.8 |      250.9 
     ijk-ilmk-mjl |   480 |   20 |  480 | 0.67 | 1.00 |      94.7 |       100.8 |          66.3 |      162.5 
   ijkl-imjn-lnkm |   480 |  480 |  400 | 0.67 | 0.80 |     229.9 |       230.4 |         224.5 |      232.9 
   ijkl-imjn-nlmk |   480 |  400 |  480 | 0.67 | 0.81 |     222.2 |       225.5 |         314.8 |      419.2 
   ijkl-imkn-jnlm |   480 |  480 |  400 | 0.67 | 1.00 |     291.7 |       242.1 |         228.7 |      447.0 
   ijkl-imkn-njml |   480 |  400 |  480 | 0.67 | 0.81 |     334.5 |       406.3 |         223.8 |      447.3 
   ijkl-imln-jnkm |   480 |  480 |  400 | 0.67 | 1.00 |     275.4 |       283.3 |         238.0 |      415.6 
   ijkl-imln-njmk |   480 |  400 |  480 | 0.67 | 0.81 |     405.3 |       404.5 |         225.4 |      435.8 
   ijkl-imnj-nlkm |   480 |  400 |  480 | 0.67 | 0.81 |     414.4 |       403.5 |         233.8 |      412.8 
   ijkl-imnk-njml |   480 |  400 |  480 | 0.67 | 0.81 |     184.3 |       232.9 |         225.3 |      446.8 
   ijkl-minj-nlmk |   480 |  400 |  576 | 0.67 | 0.81 |     208.6 |       214.5 |         216.6 |      435.9 
   ijkl-mink-jnlm |   480 |  480 |  480 | 0.67 | 1.00 |     407.5 |       421.4 |         326.3 |      443.5 
   ijkl-minl-njmk |   480 |  400 |  576 | 0.67 | 0.81 |     378.7 |       390.5 |         234.4 |      424.9 
     aqrs-pa-pqrs |    24 | 8000 |   24 | 1.00 | 1.00 |     211.1 |       223.1 |          85.1 |      169.3 
     abrs-qb-aqrs |    20 | 9600 |   24 | 1.00 | 1.00 |     194.1 |       297.1 |         110.5 |      145.8 
     abcs-rc-abrs |    20 | 9600 |   24 | 1.00 | 1.00 |     282.4 |       281.7 |          96.1 |      122.8 
       abj-bka-kj |  5184 |   52 |   72 | 0.89 | 1.00 |     415.2 |       405.7 |         171.5 |      271.0 
       ajb-kba-jk |  3744 |   72 |   72 | 0.89 | 1.00 |     425.9 |       464.5 |         191.1 |      347.4 
     abjc-cbka-kj | 11520 |   20 |   24 | 0.67 | 1.00 |     195.0 |       214.4 |          88.0 |       83.5 
     ajbc-ckba-jk | 11520 |   24 |   20 | 1.00 | 1.00 |     132.9 |        96.6 |          75.1 |      107.5 
     abjc-kbac-jk |  9600 |   24 |   24 | 0.67 | 1.00 |     104.4 |       118.4 |          82.4 |      130.0 
   abjcd-dkbac-jk | 82944 |   24 |   12 | 0.67 | 1.00 |     101.7 |        98.1 |          77.2 |       63.9 
   adbjc-cbdka-kj | 82944 |   12 |   24 | 0.67 | 1.00 |      55.8 |        64.6 |          38.4 |       46.4 
   ajbdc-ckbad-jk | 82944 |   24 |   12 | 1.00 | 1.00 |      98.2 |       105.9 |          63.4 |       83.1 
 abcijk-ijma-mkbc |  4608 |  512 |   24 | 1.00 | 0.97 |     130.2 |       183.2 |         189.6 |      259.3 
 abcijk-ijmb-mkac |  1536 | 1536 |   24 | 1.00 | 0.75 |     172.3 |       304.1 |         279.5 |      200.1 
 abcijk-ijmc-mkab |  1536 | 1536 |   24 | 1.00 | 0.50 |     315.5 |       224.5 |         296.0 |       23.9 
 abcijk-ikma-mjbc |  4608 |  512 |   24 | 1.00 | 0.97 |     147.5 |       158.1 |         178.3 |       15.1 
 abcijk-ikmb-mjac |  1536 | 1536 |   24 | 1.00 | 0.75 |     203.7 |       216.8 |         285.6 |      254.8 
 abcijk-ikmc-mjab |  1536 | 1536 |   24 | 1.00 | 0.50 |     230.3 |       212.8 |         343.2 |      221.5 
 abcijk-jkma-mibc |  4608 |  512 |   24 | 1.00 | 0.97 |     157.0 |       161.0 |         199.5 |      303.1 
 abcijk-jkmb-miac |  1536 | 1536 |   24 | 1.00 | 0.75 |     200.3 |       219.1 |         315.6 |      197.4 
 abcijk-jkmc-miab |  1536 | 1536 |   24 | 1.00 | 0.50 |     219.5 |       214.0 |         340.8 |      265.6 
 abcijk-eiab-jkec |  1536 | 1536 |   24 | 1.00 | 0.50 |     221.7 |       227.9 |         292.4 |      266.1 
 abcijk-eiac-jkeb |  1536 | 1536 |   24 | 1.00 | 0.75 |     281.5 |       351.5 |         292.3 |      203.2 
 abcijk-eibc-jkea |   512 | 4608 |   24 | 1.00 | 0.97 |     186.9 |       151.4 |         186.6 |      272.9 
 abcijk-ejab-ikec |  1536 | 1536 |   24 | 1.00 | 0.50 |     256.6 |       330.5 |         291.5 |      210.8 
 abcijk-ejac-ikeb |  1536 | 1536 |   24 | 1.00 | 0.75 |     304.1 |       311.7 |         279.9 |      237.1 
 abcijk-ejbc-ikea |   512 | 4608 |   24 | 1.00 | 0.97 |     183.7 |       166.6 |         169.1 |      252.1 
 abcijk-ekab-ijec |  1536 | 1536 |   24 | 1.00 | 0.50 |     302.2 |       335.6 |         284.2 |      255.5 
 abcijk-ekac-ijeb |  1536 | 1536 |   24 | 1.00 | 0.75 |     204.9 |       224.1 |         316.1 |      211.0 
 abcijk-ekbc-ijea |   512 | 4608 |   24 | 1.00 | 0.97 |     151.5 |       157.7 |         177.5 |      256.2 
       abc-bk-akc |    72 | 3744 |   52 | 0.89 | 1.00 |     183.6 |       241.5 |         184.4 |      276.2 

=== complex efficiency ratio (c64 GF/s over f64 GF/s; 1.0 = no penalty) ===
             case | plan c64/f64 | packed c64/f64 | upstream c64/f64 | tblis c64/f64 
------------------+--------------+----------------+------------------+---------------
         ij-ik-kj |        4.020 |          1.350 |            2.176 |         1.521 
       ij-ikl-ljk |        1.623 |          1.591 |            2.012 |         2.341 
       ij-kil-lkj |        1.512 |          2.025 |            1.761 |         2.213 
       ijk-ikl-lj |        1.725 |          2.880 |            1.738 |         1.889 
       ijk-il-jlk |        3.882 |          1.705 |            2.737 |         1.751 
       ijk-ilk-jl |        1.127 |          1.048 |            2.534 |         1.804 
       ijk-ilk-lj |        1.264 |          1.315 |            1.833 |         1.825 
     ijk-ilmk-mjl |        1.791 |          1.714 |            2.444 |         2.720 
   ijkl-imjn-lnkm |        0.965 |          0.903 |            1.493 |         0.959 
   ijkl-imjn-nlmk |        1.099 |          1.162 |            1.535 |         1.347 
   ijkl-imkn-jnlm |        0.891 |          0.720 |            1.277 |         1.363 
   ijkl-imkn-njml |        1.658 |          2.015 |            1.264 |        16.762 
   ijkl-imln-jnkm |        0.788 |          0.810 |            1.148 |         1.140 
   ijkl-imln-njmk |        1.270 |          1.716 |            1.215 |         1.210 
   ijkl-imnj-nlkm |        1.231 |          1.217 |            1.185 |         1.266 
   ijkl-imnk-njml |        0.595 |          0.675 |            1.096 |         1.366 
   ijkl-minj-nlmk |        1.121 |          1.031 |            1.220 |         1.349 
   ijkl-mink-jnlm |        1.925 |          1.937 |            1.212 |         1.159 
   ijkl-minl-njmk |        1.113 |          1.140 |            1.236 |         1.280 
     aqrs-pa-pqrs |        1.401 |          2.099 |            1.668 |         2.581 
     abrs-qb-aqrs |        2.670 |          3.740 |            2.676 |         2.150 
     abcs-rc-abrs |        2.165 |          2.203 |            2.527 |         2.476 
       abj-bka-kj |        2.333 |          1.594 |            1.944 |         1.884 
       ajb-kba-jk |        2.109 |          1.288 |            1.692 |         2.529 
     abjc-cbka-kj |        2.753 |          2.709 |            2.750 |         1.885 
     ajbc-ckba-jk |        1.604 |          0.869 |            2.174 |       281.850 
     abjc-kbac-jk |        1.132 |          1.262 |            2.359 |         2.554 
   abjcd-dkbac-jk |        2.639 |          2.301 |            2.390 |         2.230 
   adbjc-cbdka-kj |        2.476 |          2.910 |            2.963 |         2.056 
   ajbdc-ckbad-jk |        1.557 |          1.603 |            1.662 |         2.009 
 abcijk-ijma-mkbc |        0.772 |          0.996 |            1.274 |         1.165 
 abcijk-ijmb-mkac |        0.543 |          0.997 |            1.199 |         1.273 
 abcijk-ijmc-mkab |        1.037 |          0.732 |            1.438 |         0.120 
 abcijk-ikma-mjbc |        1.135 |          1.172 |            1.134 |         0.069 
 abcijk-ikmb-mjac |        1.050 |          0.992 |            1.193 |         1.097 
 abcijk-ikmc-mjab |        1.105 |          0.929 |            1.538 |         1.161 
 abcijk-jkma-mibc |        1.238 |          1.155 |            1.105 |         1.115 
 abcijk-jkmb-miac |        0.957 |          0.999 |            1.202 |         1.080 
 abcijk-jkmc-miab |        0.975 |          0.950 |            1.257 |         1.158 
 abcijk-eiab-jkec |        0.984 |          1.028 |            1.002 |        11.243 
 abcijk-eiac-jkeb |        1.270 |          1.596 |            1.232 |         1.118 
 abcijk-eibc-jkea |        0.932 |          0.698 |            0.984 |         0.934 
 abcijk-ejab-ikec |        1.148 |          1.632 |            1.279 |        26.920 
 abcijk-ejac-ikeb |        0.936 |          0.991 |            1.175 |         1.226 
 abcijk-ejbc-ikea |        1.013 |          1.089 |            1.303 |        27.311 
 abcijk-ekab-ijec |        1.815 |          1.552 |            1.276 |         1.205 
 abcijk-ekac-ijeb |        0.699 |          0.699 |            1.278 |         1.285 
 abcijk-ekbc-ijea |        1.140 |          1.174 |            1.180 |         1.190 
       abc-bk-akc |        1.571 |          1.904 |            2.506 |         8.132 
             MEAN |        1.485 |          1.445 |            1.642 |         8.944 

wrote /home/shinaoka/projects/tensor4all/tprims-rs/benchmarks/benchmarks/tcbench/results/2026-10-07-native/A-1m-12t.pending.csv
