# threads: requested=4 pool=4 budget=4
host        : shinaoka-EVO-X1Pro
target      : x86_64 / linux
cpu features: avx2 fma avx512f avx512dq 
caches      : L1=48KiB/12-way/2sh L2=1024KiB/16-way/2sh L3=16384KiB/16-way/8sh (via sysfs), blocking=legacy
l3 domains  : t1=1 t4=1 t8=2
baselines   : tblis=true blas=false
tblis       : abi 2.x, 4 thread(s)

running 49 cases at 1 MiB nominal tensor size, 5 reps, stress=none


=== f64 ===
             case |     m |    n |    k | regA | regB | plan GF/s | packed GF/s | upstream GF/s | tblis GF/s 
------------------+-------+------+------+------+------+-----------+-------------+---------------+------------
         ij-ik-kj |   384 |  364 |  384 | 0.00 | 0.00 |     145.1 |       134.4 |         117.4 |      105.3 
       ij-ikl-ljk |    72 |   52 | 3744 | 1.00 | 1.00 |      64.2 |        64.7 |          52.9 |       38.3 
       ij-kil-lkj |    72 |   52 | 5184 | 1.00 | 1.00 |      61.9 |        62.1 |          54.5 |       38.1 
       ijk-ikl-lj |  3744 |   52 |   72 | 1.00 | 1.00 |     112.9 |       113.9 |          88.4 |       70.3 
       ijk-il-jlk |    72 | 3744 |   52 | 1.00 | 1.00 |     105.6 |       113.7 |          93.5 |       99.4 
       ijk-ilk-jl |  3744 |   72 |   52 | 1.00 | 1.00 |     166.7 |       169.5 |         128.0 |      109.2 
       ijk-ilk-lj |  3744 |   52 |   72 | 1.00 | 1.00 |     157.2 |       159.0 |         121.5 |       97.6 
     ijk-ilmk-mjl |   480 |   20 |  480 | 1.00 | 1.00 |     117.4 |       119.6 |          66.0 |       53.0 
   ijkl-imjn-lnkm |   480 |  480 |  400 | 1.00 | 0.80 |     184.8 |       186.8 |         170.5 |      146.9 
   ijkl-imjn-nlmk |   480 |  400 |  480 | 1.00 | 0.80 |     189.4 |       192.3 |         178.5 |      151.1 
   ijkl-imkn-jnlm |   480 |  480 |  400 | 1.00 | 1.00 |     191.3 |       192.6 |         174.3 |      155.8 
   ijkl-imkn-njml |   480 |  400 |  480 | 1.00 | 0.80 |     188.7 |       193.5 |         180.1 |      151.4 
   ijkl-imln-jnkm |   480 |  480 |  400 | 1.00 | 1.00 |     191.5 |       191.9 |         177.1 |      154.6 
   ijkl-imln-njmk |   480 |  400 |  480 | 1.00 | 0.80 |     190.0 |       194.0 |         179.3 |      151.5 
   ijkl-imnj-nlkm |   480 |  400 |  480 | 1.00 | 0.80 |     192.7 |       192.6 |         178.8 |      152.5 
   ijkl-imnk-njml |   480 |  400 |  480 | 1.00 | 0.80 |     189.1 |       194.6 |         178.9 |      153.1 
   ijkl-minj-nlmk |   480 |  400 |  576 | 1.00 | 0.80 |     186.8 |       187.2 |         122.1 |      148.6 
   ijkl-mink-jnlm |   480 |  480 |  480 | 1.00 | 1.00 |     191.6 |       192.1 |         176.5 |      147.4 
   ijkl-minl-njmk |   480 |  400 |  576 | 1.00 | 0.80 |     188.0 |       189.7 |         174.3 |      151.9 
     aqrs-pa-pqrs |    24 | 8000 |   24 | 0.00 | 0.00 |     105.8 |        67.7 |          76.8 |       43.0 
     abrs-qb-aqrs |    20 | 9600 |   24 | 1.00 | 1.00 |     106.8 |       107.2 |          61.1 |       40.6 
     abcs-rc-abrs |    20 | 9600 |   24 | 1.00 | 1.00 |      27.4 |       100.2 |          62.4 |       40.5 
       abj-bka-kj |  5184 |   52 |   72 | 1.00 | 1.00 |     129.9 |       128.8 |         109.7 |       82.1 
       ajb-kba-jk |  3744 |   72 |   72 | 1.00 | 1.00 |     166.7 |       168.7 |         131.2 |      114.4 
     abjc-cbka-kj | 11520 |   20 |   24 | 1.00 | 1.00 |      51.0 |        52.3 |          38.4 |       39.5 
     ajbc-ckba-jk | 11520 |   24 |   20 | 1.00 | 1.00 |      83.4 |        78.7 |          50.7 |       43.9 
     abjc-kbac-jk |  9600 |   24 |   24 | 1.00 | 1.00 |     112.8 |       115.2 |          68.9 |       47.4 
   abjcd-dkbac-jk | 82944 |   24 |   12 | 1.00 | 1.00 |      37.4 |        38.7 |          34.7 |       23.3 
   adbjc-cbdka-kj | 82944 |   12 |   24 | 1.00 | 1.00 |       9.4 |         9.3 |           8.4 |       19.2 
   ajbdc-ckbad-jk | 82944 |   24 |   12 | 1.00 | 1.00 |      38.3 |        38.9 |          33.9 |       24.2 
 abcijk-ijma-mkbc |  4608 |  512 |   24 | 1.00 | 1.00 |     131.7 |       142.0 |         118.7 |       99.9 
 abcijk-ijmb-mkac |  1536 | 1536 |   24 | 1.00 | 1.00 |     132.4 |       149.8 |         128.0 |       61.4 
 abcijk-ijmc-mkab |  1536 | 1536 |   24 | 1.00 | 1.00 |     132.4 |       140.0 |         124.1 |       90.0 
 abcijk-ikma-mjbc |  4608 |  512 |   24 | 1.00 | 1.00 |     125.5 |       142.4 |         118.1 |      100.0 
 abcijk-ikmb-mjac |  1536 | 1536 |   24 | 1.00 | 1.00 |     128.8 |       122.3 |         130.5 |       95.6 
 abcijk-ikmc-mjab |  1536 | 1536 |   24 | 1.00 | 1.00 |     134.8 |       145.6 |         122.6 |       86.1 
 abcijk-jkma-mibc |  4608 |  512 |   24 | 1.00 | 1.00 |     135.3 |       140.9 |         118.9 |      110.1 
 abcijk-jkmb-miac |  1536 | 1536 |   24 | 1.00 | 1.00 |     145.3 |       136.0 |         130.1 |       59.7 
 abcijk-jkmc-miab |  1536 | 1536 |   24 | 1.00 | 1.00 |     138.0 |       141.9 |         118.3 |       87.9 
 abcijk-eiab-jkec |  1536 | 1536 |   24 | 1.00 | 1.00 |     131.9 |       139.0 |         120.8 |       84.7 
 abcijk-eiac-jkeb |  1536 | 1536 |   24 | 1.00 | 1.00 |     149.0 |       146.6 |         127.2 |       58.5 
 abcijk-eibc-jkea |   512 | 4608 |   24 | 1.00 | 1.00 |     124.8 |       131.1 |         118.1 |      111.8 
 abcijk-ejab-ikec |  1536 | 1536 |   24 | 1.00 | 1.00 |     133.1 |       143.1 |         125.3 |       84.4 
 abcijk-ejac-ikeb |  1536 | 1536 |   24 | 1.00 | 1.00 |     135.5 |       149.6 |         125.1 |       95.8 
 abcijk-ejbc-ikea |   512 | 4608 |   24 | 1.00 | 1.00 |     130.5 |       136.2 |         118.4 |      100.5 
 abcijk-ekab-ijec |  1536 | 1536 |   24 | 1.00 | 1.00 |     139.6 |       141.0 |         124.4 |       91.6 
 abcijk-ekac-ijeb |  1536 | 1536 |   24 | 1.00 | 1.00 |     146.3 |       144.4 |         129.7 |       64.5 
 abcijk-ekbc-ijea |   512 | 4608 |   24 | 1.00 | 1.00 |     124.7 |       138.7 |         115.5 |       99.5 
       abc-bk-akc |    72 | 3744 |   52 | 1.00 | 1.00 |     167.9 |       166.9 |         130.7 |      108.5 

=== c64 ===
             case |     m |    n |    k | regA | regB | plan GF/s | packed GF/s | upstream GF/s | tblis GF/s 
------------------+-------+------+------+------+------+-----------+-------------+---------------+------------
         ij-ik-kj |   384 |  364 |  384 | 1.00 | 1.00 |     138.0 |       138.2 |         132.5 |      125.5 
       ij-ikl-ljk |    72 |   52 | 3744 | 1.00 | 1.00 |      65.4 |        64.5 |          60.9 |       77.1 
       ij-kil-lkj |    72 |   52 | 5184 | 1.00 | 1.00 |      58.4 |        60.8 |          56.1 |       71.1 
       ijk-ikl-lj |  3744 |   52 |   72 | 1.00 | 1.00 |     122.3 |       123.4 |         114.0 |       92.8 
       ijk-il-jlk |    72 | 3744 |   52 | 1.00 | 1.00 |      95.4 |        95.1 |          92.9 |      151.4 
       ijk-ilk-jl |  3744 |   72 |   52 | 0.89 | 1.00 |     179.4 |       181.2 |         164.0 |      141.2 
       ijk-ilk-lj |  3744 |   52 |   72 | 0.89 | 1.00 |     174.8 |       171.7 |         157.5 |      125.7 
     ijk-ilmk-mjl |   480 |   20 |  480 | 0.67 | 1.00 |     124.7 |       131.9 |         108.3 |      112.4 
   ijkl-imjn-lnkm |   480 |  480 |  400 | 0.67 | 0.80 |     173.3 |       174.0 |         168.2 |      165.8 
   ijkl-imjn-nlmk |   480 |  400 |  480 | 0.67 | 0.81 |     175.0 |       174.7 |         171.4 |      164.6 
   ijkl-imkn-jnlm |   480 |  480 |  400 | 0.67 | 1.00 |     173.7 |       173.8 |         169.2 |      167.3 
   ijkl-imkn-njml |   480 |  400 |  480 | 0.67 | 0.81 |     175.2 |       174.7 |         170.6 |      166.5 
   ijkl-imln-jnkm |   480 |  480 |  400 | 0.67 | 1.00 |     174.6 |       175.1 |         169.2 |      167.2 
   ijkl-imln-njmk |   480 |  400 |  480 | 0.67 | 0.81 |     175.7 |       175.8 |         171.2 |      168.8 
   ijkl-imnj-nlkm |   480 |  400 |  480 | 0.67 | 0.81 |     176.2 |       175.4 |         172.0 |      170.1 
   ijkl-imnk-njml |   480 |  400 |  480 | 0.67 | 0.81 |     174.5 |       176.1 |         172.3 |      172.0 
   ijkl-minj-nlmk |   480 |  400 |  576 | 0.67 | 0.81 |     168.2 |       168.8 |         163.2 |      162.2 
   ijkl-mink-jnlm |   480 |  480 |  480 | 0.67 | 1.00 |     119.0 |       173.8 |         169.1 |      167.7 
   ijkl-minl-njmk |   480 |  400 |  576 | 0.67 | 0.81 |     170.4 |       169.3 |         166.6 |      165.7 
     aqrs-pa-pqrs |    24 | 8000 |   24 | 1.00 | 1.00 |     101.6 |       101.9 |          87.3 |       92.3 
     abrs-qb-aqrs |    20 | 9600 |   24 | 1.00 | 1.00 |     143.1 |       150.2 |         115.4 |       79.0 
     abcs-rc-abrs |    20 | 9600 |   24 | 1.00 | 1.00 |     131.4 |       133.0 |         101.3 |       80.2 
       abj-bka-kj |  5184 |   52 |   72 | 0.89 | 1.00 |     153.3 |       153.1 |         141.3 |       95.2 
       ajb-kba-jk |  3744 |   72 |   72 | 0.89 | 1.00 |     175.9 |       173.7 |         160.4 |      128.7 
     abjc-cbka-kj | 11520 |   20 |   24 | 0.67 | 1.00 |      98.2 |        99.0 |          81.7 |       69.3 
     ajbc-ckba-jk | 11520 |   24 |   20 | 1.00 | 1.00 |     105.2 |       103.3 |          92.6 |       70.3 
     abjc-kbac-jk |  9600 |   24 |   24 | 0.67 | 1.00 |     149.0 |       148.3 |         118.3 |       85.3 
   abjcd-dkbac-jk | 82944 |   24 |   12 | 0.67 | 1.00 |      61.2 |        60.6 |          57.7 |       46.9 
   adbjc-cbdka-kj | 82944 |   12 |   24 | 0.67 | 1.00 |      29.1 |        29.9 |          28.8 |       32.7 
   ajbdc-ckbad-jk | 82944 |   24 |   12 | 1.00 | 1.00 |      61.3 |        60.5 |          56.0 |       49.6 
 abcijk-ijma-mkbc |  4608 |  512 |   24 | 1.00 | 0.97 |     158.1 |       157.2 |         148.4 |      124.1 
 abcijk-ijmb-mkac |  1536 | 1536 |   24 | 1.00 | 0.75 |     170.3 |       168.9 |         159.8 |      112.8 
 abcijk-ijmc-mkab |  1536 | 1536 |   24 | 1.00 | 0.50 |     163.7 |       162.5 |         157.0 |      136.7 
 abcijk-ikma-mjbc |  4608 |  512 |   24 | 1.00 | 0.97 |     157.4 |       158.1 |         150.6 |      124.4 
 abcijk-ikmb-mjac |  1536 | 1536 |   24 | 1.00 | 0.75 |     170.7 |       170.0 |         158.7 |      122.9 
 abcijk-ikmc-mjab |  1536 | 1536 |   24 | 1.00 | 0.50 |     162.3 |       162.7 |         159.5 |      127.4 
 abcijk-jkma-mibc |  4608 |  512 |   24 | 1.00 | 0.97 |     154.0 |       154.9 |         151.7 |      135.7 
 abcijk-jkmb-miac |  1536 | 1536 |   24 | 1.00 | 0.75 |     162.9 |       122.7 |         160.7 |      103.0 
 abcijk-jkmc-miab |  1536 | 1536 |   24 | 1.00 | 0.50 |     162.1 |       161.9 |         153.9 |      123.0 
 abcijk-eiab-jkec |  1536 | 1536 |   24 | 1.00 | 0.50 |     161.0 |       159.8 |         156.3 |      123.1 
 abcijk-eiac-jkeb |  1536 | 1536 |   24 | 1.00 | 0.75 |     168.7 |       167.7 |         159.6 |      105.0 
 abcijk-eibc-jkea |   512 | 4608 |   24 | 1.00 | 0.97 |     158.2 |       157.6 |         150.9 |      135.3 
 abcijk-ejab-ikec |  1536 | 1536 |   24 | 1.00 | 0.50 |     164.5 |       161.4 |         159.8 |      124.5 
 abcijk-ejac-ikeb |  1536 | 1536 |   24 | 1.00 | 0.75 |     169.7 |       166.8 |         161.3 |      124.1 
 abcijk-ejbc-ikea |   512 | 4608 |   24 | 1.00 | 0.97 |     138.5 |       156.0 |         151.4 |      123.6 
 abcijk-ekab-ijec |  1536 | 1536 |   24 | 1.00 | 0.50 |     163.7 |       163.3 |         161.4 |      133.4 
 abcijk-ekac-ijeb |  1536 | 1536 |   24 | 1.00 | 0.75 |     168.5 |       169.1 |         158.7 |      113.3 
 abcijk-ekbc-ijea |   512 | 4608 |   24 | 1.00 | 0.97 |     157.8 |       156.9 |         151.0 |      124.5 
       abc-bk-akc |    72 | 3744 |   52 | 0.89 | 1.00 |     179.4 |       181.5 |         161.1 |      143.9 

=== complex efficiency ratio (c64 GF/s over f64 GF/s; 1.0 = no penalty) ===
             case | plan c64/f64 | packed c64/f64 | upstream c64/f64 | tblis c64/f64 
------------------+--------------+----------------+------------------+---------------
         ij-ik-kj |        0.951 |          1.028 |            1.128 |         1.192 
       ij-ikl-ljk |        1.020 |          0.997 |            1.152 |         2.014 
       ij-kil-lkj |        0.943 |          0.979 |            1.029 |         1.866 
       ijk-ikl-lj |        1.083 |          1.084 |            1.290 |         1.320 
       ijk-il-jlk |        0.903 |          0.836 |            0.994 |         1.523 
       ijk-ilk-jl |        1.076 |          1.069 |            1.281 |         1.293 
       ijk-ilk-lj |        1.112 |          1.080 |            1.297 |         1.288 
     ijk-ilmk-mjl |        1.062 |          1.103 |            1.643 |         2.120 
   ijkl-imjn-lnkm |        0.938 |          0.931 |            0.987 |         1.129 
   ijkl-imjn-nlmk |        0.924 |          0.909 |            0.960 |         1.089 
   ijkl-imkn-jnlm |        0.908 |          0.903 |            0.971 |         1.074 
   ijkl-imkn-njml |        0.929 |          0.903 |            0.947 |         1.100 
   ijkl-imln-jnkm |        0.912 |          0.913 |            0.956 |         1.081 
   ijkl-imln-njmk |        0.925 |          0.906 |            0.955 |         1.114 
   ijkl-imnj-nlkm |        0.915 |          0.911 |            0.962 |         1.116 
   ijkl-imnk-njml |        0.923 |          0.905 |            0.963 |         1.123 
   ijkl-minj-nlmk |        0.900 |          0.901 |            1.336 |         1.091 
   ijkl-mink-jnlm |        0.621 |          0.905 |            0.958 |         1.138 
   ijkl-minl-njmk |        0.907 |          0.892 |            0.956 |         1.090 
     aqrs-pa-pqrs |        0.960 |          1.505 |            1.137 |         2.148 
     abrs-qb-aqrs |        1.340 |          1.401 |            1.888 |         1.947 
     abcs-rc-abrs |        4.803 |          1.327 |            1.625 |         1.983 
       abj-bka-kj |        1.180 |          1.188 |            1.288 |         1.159 
       ajb-kba-jk |        1.055 |          1.030 |            1.223 |         1.125 
     abjc-cbka-kj |        1.927 |          1.891 |            2.128 |         1.754 
     ajbc-ckba-jk |        1.262 |          1.313 |            1.825 |         1.601 
     abjc-kbac-jk |        1.322 |          1.287 |            1.718 |         1.799 
   abjcd-dkbac-jk |        1.637 |          1.565 |            1.664 |         2.008 
   adbjc-cbdka-kj |        3.082 |          3.195 |            3.432 |         1.697 
   ajbdc-ckbad-jk |        1.603 |          1.554 |            1.652 |         2.046 
 abcijk-ijma-mkbc |        1.200 |          1.107 |            1.250 |         1.243 
 abcijk-ijmb-mkac |        1.287 |          1.128 |            1.249 |         1.837 
 abcijk-ijmc-mkab |        1.237 |          1.161 |            1.265 |         1.520 
 abcijk-ikma-mjbc |        1.254 |          1.110 |            1.276 |         1.244 
 abcijk-ikmb-mjac |        1.326 |          1.389 |            1.216 |         1.286 
 abcijk-ikmc-mjab |        1.204 |          1.118 |            1.301 |         1.480 
 abcijk-jkma-mibc |        1.138 |          1.100 |            1.276 |         1.232 
 abcijk-jkmb-miac |        1.121 |          0.902 |            1.236 |         1.727 
 abcijk-jkmc-miab |        1.174 |          1.141 |            1.301 |         1.399 
 abcijk-eiab-jkec |        1.220 |          1.150 |            1.294 |         1.453 
 abcijk-eiac-jkeb |        1.132 |          1.144 |            1.254 |         1.796 
 abcijk-eibc-jkea |        1.268 |          1.202 |            1.278 |         1.211 
 abcijk-ejab-ikec |        1.236 |          1.128 |            1.275 |         1.476 
 abcijk-ejac-ikeb |        1.252 |          1.115 |            1.290 |         1.296 
 abcijk-ejbc-ikea |        1.061 |          1.145 |            1.278 |         1.229 
 abcijk-ekab-ijec |        1.173 |          1.158 |            1.297 |         1.455 
 abcijk-ekac-ijeb |        1.152 |          1.171 |            1.224 |         1.759 
 abcijk-ekbc-ijea |        1.266 |          1.132 |            1.308 |         1.251 
       abc-bk-akc |        1.069 |          1.088 |            1.232 |         1.326 
             MEAN |        1.243 |          1.163 |            1.315 |         1.454 

wrote /home/shinaoka/projects/tensor4all/tprims-rs/benchmarks/benchmarks/tcbench/results/2026-10-07-native/A-1m-4t.pending.csv
