# threads: requested=8 pool=8 budget=8
host        : shinaoka-EVO-X1Pro
target      : x86_64 / linux
cpu features: avx2 fma avx512f avx512dq 
caches      : L1=48KiB/12-way/2sh L2=1024KiB/16-way/2sh L3=16384KiB/16-way/8sh (via sysfs), blocking=legacy
l3 domains  : t1=1 t4=1 t8=2 t16=4
baselines   : tblis=true blas=false
tblis       : abi 2.x, 8 thread(s)

running 49 cases at 1 MiB nominal tensor size, 5 reps, stress=none


=== f64 ===
             case |     m |    n |    k | regA | regB | plan GF/s | packed GF/s | upstream GF/s | tblis GF/s 
------------------+-------+------+------+------+------+-----------+-------------+---------------+------------
         ij-ik-kj |   384 |  364 |  384 | 0.00 | 0.00 |     246.1 |       253.9 |         188.9 |      177.4 
       ij-ikl-ljk |    72 |   52 | 3744 | 1.00 | 1.00 |      94.3 |        93.6 |          70.0 |       48.6 
       ij-kil-lkj |    72 |   52 | 5184 | 1.00 | 1.00 |      88.6 |        90.6 |          68.5 |       48.3 
       ijk-ikl-lj |  3744 |   52 |   72 | 1.00 | 1.00 |     204.0 |       204.5 |         101.7 |      118.7 
       ijk-il-jlk |    72 | 3744 |   52 | 1.00 | 1.00 |     197.0 |       219.3 |         125.8 |      127.8 
       ijk-ilk-jl |  3744 |   72 |   52 | 1.00 | 1.00 |      90.2 |       112.4 |          78.5 |      130.7 
       ijk-ilk-lj |  3744 |   52 |   72 | 1.00 | 1.00 |     193.7 |       204.0 |         116.7 |      115.5 
     ijk-ilmk-mjl |   480 |   20 |  480 | 1.00 | 1.00 |     110.4 |       119.5 |          46.4 |       57.9 
   ijkl-imjn-lnkm |   480 |  480 |  400 | 1.00 | 0.80 |     216.4 |       217.7 |         184.4 |      187.1 
   ijkl-imjn-nlmk |   480 |  400 |  480 | 1.00 | 0.80 |     249.5 |       249.8 |         217.2 |      221.4 
   ijkl-imkn-jnlm |   480 |  480 |  400 | 1.00 | 1.00 |     311.8 |       315.6 |         262.7 |      268.4 
   ijkl-imkn-njml |   480 |  400 |  480 | 1.00 | 0.80 |     308.6 |       315.3 |         264.1 |      263.7 
   ijkl-imln-jnkm |   480 |  480 |  400 | 1.00 | 1.00 |     308.1 |       307.9 |         263.1 |      268.5 
   ijkl-imln-njmk |   480 |  400 |  480 | 1.00 | 0.80 |     310.0 |       312.2 |         267.7 |      264.2 
   ijkl-imnj-nlkm |   480 |  400 |  480 | 1.00 | 0.80 |     307.9 |       310.3 |         264.4 |      263.7 
   ijkl-imnk-njml |   480 |  400 |  480 | 1.00 | 0.80 |     313.6 |       314.7 |         267.9 |      265.1 
   ijkl-minj-nlmk |   480 |  400 |  576 | 1.00 | 0.80 |     298.8 |       305.3 |         259.2 |      258.2 
   ijkl-mink-jnlm |   480 |  480 |  480 | 1.00 | 1.00 |     303.9 |       308.2 |         270.8 |      264.5 
   ijkl-minl-njmk |   480 |  400 |  576 | 1.00 | 0.80 |     304.9 |       310.4 |         267.5 |      261.7 
     aqrs-pa-pqrs |    24 | 8000 |   24 | 0.00 | 0.00 |      44.9 |        30.8 |          74.5 |       62.0 
     abrs-qb-aqrs |    20 | 9600 |   24 | 1.00 | 1.00 |     162.0 |       171.0 |          53.1 |       58.9 
     abcs-rc-abrs |    20 | 9600 |   24 | 1.00 | 1.00 |     163.6 |       165.3 |          54.9 |       57.4 
       abj-bka-kj |  5184 |   52 |   72 | 1.00 | 1.00 |     241.9 |       249.5 |         142.0 |      158.6 
       ajb-kba-jk |  3744 |   72 |   72 | 1.00 | 1.00 |     302.0 |       301.5 |         177.2 |      197.4 
     abjc-cbka-kj | 11520 |   20 |   24 | 1.00 | 1.00 |      65.6 |        69.4 |          41.5 |       57.5 
     ajbc-ckba-jk | 11520 |   24 |   20 | 1.00 | 1.00 |     128.3 |       125.3 |          45.1 |       62.1 
     abjc-kbac-jk |  9600 |   24 |   24 | 1.00 | 1.00 |     175.7 |       184.7 |          64.4 |       68.8 
   abjcd-dkbac-jk | 82944 |   24 |   12 | 1.00 | 1.00 |      45.2 |        50.4 |          41.6 |       31.2 
   adbjc-cbdka-kj | 82944 |   12 |   24 | 1.00 | 1.00 |      15.8 |        15.7 |          14.5 |       22.7 
   ajbdc-ckbad-jk | 82944 |   24 |   12 | 1.00 | 1.00 |      48.7 |        49.5 |          40.7 |       32.9 
 abcijk-ijma-mkbc |  4608 |  512 |   24 | 1.00 | 1.00 |     154.1 |       171.2 |         139.1 |      166.5 
 abcijk-ijmb-mkac |  1536 | 1536 |   24 | 1.00 | 1.00 |     197.0 |       204.1 |         171.8 |       98.8 
 abcijk-ijmc-mkab |  1536 | 1536 |   24 | 1.00 | 1.00 |     203.2 |       199.9 |         168.1 |      129.8 
 abcijk-ikma-mjbc |  4608 |  512 |   24 | 1.00 | 1.00 |     149.3 |       150.9 |         135.7 |      157.4 
 abcijk-ikmb-mjac |  1536 | 1536 |   24 | 1.00 | 1.00 |     204.3 |       215.8 |         170.9 |      144.0 
 abcijk-ikmc-mjab |  1536 | 1536 |   24 | 1.00 | 1.00 |     202.7 |       215.0 |         164.1 |      111.5 
 abcijk-jkma-mibc |  4608 |  512 |   24 | 1.00 | 1.00 |     148.4 |       151.3 |         142.1 |      177.7 
 abcijk-jkmb-miac |  1536 | 1536 |   24 | 1.00 | 1.00 |     198.6 |       229.2 |         179.9 |      104.6 
 abcijk-jkmc-miab |  1536 | 1536 |   24 | 1.00 | 1.00 |     209.6 |       207.4 |         166.0 |      123.2 
 abcijk-eiab-jkec |  1536 | 1536 |   24 | 1.00 | 1.00 |     204.7 |       195.6 |         166.0 |      114.3 
 abcijk-eiac-jkeb |  1536 | 1536 |   24 | 1.00 | 1.00 |     201.0 |       204.1 |         168.3 |      106.6 
 abcijk-eibc-jkea |   512 | 4608 |   24 | 1.00 | 1.00 |     153.7 |       154.3 |         134.1 |      180.0 
 abcijk-ejab-ikec |  1536 | 1536 |   24 | 1.00 | 1.00 |     200.0 |       236.3 |         167.9 |      112.9 
 abcijk-ejac-ikeb |  1536 | 1536 |   24 | 1.00 | 1.00 |     199.3 |       231.8 |         186.1 |      155.7 
 abcijk-ejbc-ikea |   512 | 4608 |   24 | 1.00 | 1.00 |     148.7 |       174.8 |         135.2 |      162.5 
 abcijk-ekab-ijec |  1536 | 1536 |   24 | 1.00 | 1.00 |     200.5 |       233.9 |         167.6 |      140.2 
 abcijk-ekac-ijeb |  1536 | 1536 |   24 | 1.00 | 1.00 |     204.5 |       217.4 |         162.4 |       99.9 
 abcijk-ekbc-ijea |   512 | 4608 |   24 | 1.00 | 1.00 |     156.1 |       166.0 |         140.0 |      165.2 
       abc-bk-akc |    72 | 3744 |   52 | 1.00 | 1.00 |     115.0 |       132.5 |         110.5 |      180.3 

=== c64 ===
             case |     m |    n |    k | regA | regB | plan GF/s | packed GF/s | upstream GF/s | tblis GF/s 
------------------+-------+------+------+------+------+-----------+-------------+---------------+------------
         ij-ik-kj |   384 |  364 |  384 | 1.00 | 1.00 |     271.1 |       271.2 |         243.5 |      234.1 
       ij-ikl-ljk |    72 |   52 | 3744 | 1.00 | 1.00 |     116.1 |       117.1 |         102.6 |      116.9 
       ij-kil-lkj |    72 |   52 | 5184 | 1.00 | 1.00 |     104.5 |       104.2 |          93.0 |      110.8 
       ijk-ikl-lj |  3744 |   52 |   72 | 1.00 | 1.00 |     240.0 |       239.0 |         187.0 |      184.0 
       ijk-il-jlk |    72 | 3744 |   52 | 1.00 | 1.00 |     223.9 |       228.0 |         182.4 |      203.6 
       ijk-ilk-jl |  3744 |   72 |   52 | 0.89 | 1.00 |     160.4 |       164.8 |         136.9 |      200.3 
       ijk-ilk-lj |  3744 |   52 |   72 | 0.89 | 1.00 |     236.5 |       239.8 |         191.7 |      188.2 
     ijk-ilmk-mjl |   480 |   20 |  480 | 0.67 | 1.00 |     168.5 |       172.8 |         108.3 |      138.6 
   ijkl-imjn-lnkm |   480 |  480 |  400 | 0.67 | 0.80 |     243.9 |       245.3 |         229.9 |      230.9 
   ijkl-imjn-nlmk |   480 |  400 |  480 | 0.67 | 0.81 |     307.7 |       308.3 |         292.1 |      301.9 
   ijkl-imkn-jnlm |   480 |  480 |  400 | 0.67 | 1.00 |     340.0 |       340.7 |         313.2 |      297.1 
   ijkl-imkn-njml |   480 |  400 |  480 | 0.67 | 0.81 |     345.3 |       342.7 |         320.2 |      309.5 
   ijkl-imln-jnkm |   480 |  480 |  400 | 0.67 | 1.00 |     342.6 |       343.2 |         314.3 |      297.8 
   ijkl-imln-njmk |   480 |  400 |  480 | 0.67 | 0.81 |     344.1 |       343.0 |         321.6 |      317.8 
   ijkl-imnj-nlkm |   480 |  400 |  480 | 0.67 | 0.81 |     339.1 |       343.0 |         319.9 |      314.3 
   ijkl-imnk-njml |   480 |  400 |  480 | 0.67 | 0.81 |     338.5 |       343.5 |         322.2 |      317.6 
   ijkl-minj-nlmk |   480 |  400 |  576 | 0.67 | 0.81 |     334.1 |       331.0 |         306.7 |      302.2 
   ijkl-mink-jnlm |   480 |  480 |  480 | 0.67 | 1.00 |     341.9 |       341.1 |         320.7 |      301.6 
   ijkl-minl-njmk |   480 |  400 |  576 | 0.67 | 0.81 |     335.7 |       335.1 |         314.7 |      308.7 
     aqrs-pa-pqrs |    24 | 8000 |   24 | 1.00 | 1.00 |     170.1 |       176.8 |         129.3 |      151.6 
     abrs-qb-aqrs |    20 | 9600 |   24 | 1.00 | 1.00 |     274.9 |       272.9 |         147.5 |      139.8 
     abcs-rc-abrs |    20 | 9600 |   24 | 1.00 | 1.00 |     242.2 |       243.6 |         139.4 |      139.7 
       abj-bka-kj |  5184 |   52 |   72 | 0.89 | 1.00 |     307.5 |       299.8 |         241.0 |      186.2 
       ajb-kba-jk |  3744 |   72 |   72 | 0.89 | 1.00 |     347.7 |       348.4 |         273.2 |      270.1 
     abjc-cbka-kj | 11520 |   20 |   24 | 0.67 | 1.00 |     173.8 |       176.9 |         116.7 |      131.0 
     ajbc-ckba-jk | 11520 |   24 |   20 | 1.00 | 1.00 |      40.1 |        39.9 |          32.2 |      131.4 
     abjc-kbac-jk |  9600 |   24 |   24 | 0.67 | 1.00 |     269.9 |       267.0 |         156.2 |      156.6 
   abjcd-dkbac-jk | 82944 |   24 |   12 | 0.67 | 1.00 |      83.7 |        83.6 |          78.9 |       64.0 
   adbjc-cbdka-kj | 82944 |   12 |   24 | 0.67 | 1.00 |      51.7 |        51.1 |          49.6 |       41.2 
   ajbdc-ckbad-jk | 82944 |   24 |   12 | 1.00 | 1.00 |      48.6 |        51.1 |          48.2 |       69.5 
 abcijk-ijma-mkbc |  4608 |  512 |   24 | 1.00 | 0.97 |     164.0 |       158.3 |         142.9 |      204.8 
 abcijk-ijmb-mkac |  1536 | 1536 |   24 | 1.00 | 0.75 |     259.3 |       258.0 |         238.7 |      166.1 
 abcijk-ijmc-mkab |  1536 | 1536 |   24 | 1.00 | 0.50 |     254.6 |       250.3 |         248.4 |      217.0 
 abcijk-ikma-mjbc |  4608 |  512 |   24 | 1.00 | 0.97 |     156.6 |       159.9 |         147.5 |      204.4 
 abcijk-ikmb-mjac |  1536 | 1536 |   24 | 1.00 | 0.75 |     261.2 |       263.4 |         237.9 |      184.3 
 abcijk-ikmc-mjab |  1536 | 1536 |   24 | 1.00 | 0.50 |     258.5 |       253.2 |         241.1 |      181.3 
 abcijk-jkma-mibc |  4608 |  512 |   24 | 1.00 | 0.97 |     166.1 |       154.2 |         147.4 |      219.4 
 abcijk-jkmb-miac |  1536 | 1536 |   24 | 1.00 | 0.75 |     264.1 |       260.8 |         242.1 |      153.6 
 abcijk-jkmc-miab |  1536 | 1536 |   24 | 1.00 | 0.50 |     256.8 |       252.1 |         247.1 |      199.0 
 abcijk-eiab-jkec |  1536 | 1536 |   24 | 1.00 | 0.50 |     259.2 |       248.0 |         239.8 |      194.6 
 abcijk-eiac-jkeb |  1536 | 1536 |   24 | 1.00 | 0.75 |     258.2 |       257.0 |         233.6 |      150.8 
 abcijk-eibc-jkea |   512 | 4608 |   24 | 1.00 | 0.97 |     165.7 |       152.9 |         151.5 |      218.2 
 abcijk-ejab-ikec |  1536 | 1536 |   24 | 1.00 | 0.50 |     252.3 |       275.4 |         240.6 |      175.4 
 abcijk-ejac-ikeb |  1536 | 1536 |   24 | 1.00 | 0.75 |     258.1 |       267.0 |         235.0 |      183.1 
 abcijk-ejbc-ikea |   512 | 4608 |   24 | 1.00 | 0.97 |     155.1 |       163.3 |         159.9 |      205.5 
 abcijk-ekab-ijec |  1536 | 1536 |   24 | 1.00 | 0.50 |     260.7 |       275.2 |         241.9 |      208.5 
 abcijk-ekac-ijeb |  1536 | 1536 |   24 | 1.00 | 0.75 |     256.8 |       259.2 |         234.7 |      167.6 
 abcijk-ekbc-ijea |   512 | 4608 |   24 | 1.00 | 0.97 |     164.2 |       171.0 |         146.9 |      203.6 
       abc-bk-akc |    72 | 3744 |   52 | 0.89 | 1.00 |     225.0 |       225.6 |         183.8 |      282.1 

=== complex efficiency ratio (c64 GF/s over f64 GF/s; 1.0 = no penalty) ===
             case | plan c64/f64 | packed c64/f64 | upstream c64/f64 | tblis c64/f64 
------------------+--------------+----------------+------------------+---------------
         ij-ik-kj |        1.102 |          1.068 |            1.289 |         1.320 
       ij-ikl-ljk |        1.231 |          1.251 |            1.467 |         2.407 
       ij-kil-lkj |        1.179 |          1.150 |            1.359 |         2.297 
       ijk-ikl-lj |        1.177 |          1.168 |            1.838 |         1.551 
       ijk-il-jlk |        1.136 |          1.040 |            1.450 |         1.594 
       ijk-ilk-jl |        1.777 |          1.465 |            1.743 |         1.533 
       ijk-ilk-lj |        1.221 |          1.176 |            1.643 |         1.629 
     ijk-ilmk-mjl |        1.526 |          1.446 |            2.336 |         2.391 
   ijkl-imjn-lnkm |        1.127 |          1.127 |            1.246 |         1.234 
   ijkl-imjn-nlmk |        1.233 |          1.235 |            1.345 |         1.364 
   ijkl-imkn-jnlm |        1.090 |          1.080 |            1.192 |         1.107 
   ijkl-imkn-njml |        1.119 |          1.087 |            1.212 |         1.174 
   ijkl-imln-jnkm |        1.112 |          1.115 |            1.194 |         1.109 
   ijkl-imln-njmk |        1.110 |          1.099 |            1.201 |         1.203 
   ijkl-imnj-nlkm |        1.101 |          1.105 |            1.210 |         1.192 
   ijkl-imnk-njml |        1.079 |          1.092 |            1.203 |         1.198 
   ijkl-minj-nlmk |        1.118 |          1.084 |            1.183 |         1.170 
   ijkl-mink-jnlm |        1.125 |          1.107 |            1.184 |         1.140 
   ijkl-minl-njmk |        1.101 |          1.080 |            1.177 |         1.180 
     aqrs-pa-pqrs |        3.789 |          5.743 |            1.734 |         2.446 
     abrs-qb-aqrs |        1.696 |          1.596 |            2.778 |         2.375 
     abcs-rc-abrs |        1.481 |          1.474 |            2.536 |         2.434 
       abj-bka-kj |        1.271 |          1.201 |            1.697 |         1.174 
       ajb-kba-jk |        1.151 |          1.156 |            1.542 |         1.368 
     abjc-cbka-kj |        2.649 |          2.548 |            2.809 |         2.278 
     ajbc-ckba-jk |        0.313 |          0.319 |            0.715 |         2.116 
     abjc-kbac-jk |        1.536 |          1.445 |            2.425 |         2.277 
   abjcd-dkbac-jk |        1.853 |          1.657 |            1.895 |         2.053 
   adbjc-cbdka-kj |        3.277 |          3.259 |            3.431 |         1.815 
   ajbdc-ckbad-jk |        0.996 |          1.031 |            1.184 |         2.111 
 abcijk-ijma-mkbc |        1.065 |          0.925 |            1.028 |         1.230 
 abcijk-ijmb-mkac |        1.316 |          1.264 |            1.390 |         1.681 
 abcijk-ijmc-mkab |        1.253 |          1.252 |            1.477 |         1.671 
 abcijk-ikma-mjbc |        1.049 |          1.059 |            1.087 |         1.299 
 abcijk-ikmb-mjac |        1.279 |          1.220 |            1.392 |         1.280 
 abcijk-ikmc-mjab |        1.275 |          1.178 |            1.469 |         1.627 
 abcijk-jkma-mibc |        1.119 |          1.019 |            1.038 |         1.235 
 abcijk-jkmb-miac |        1.330 |          1.138 |            1.346 |         1.469 
 abcijk-jkmc-miab |        1.225 |          1.216 |            1.489 |         1.615 
 abcijk-eiab-jkec |        1.266 |          1.268 |            1.445 |         1.703 
 abcijk-eiac-jkeb |        1.284 |          1.259 |            1.389 |         1.415 
 abcijk-eibc-jkea |        1.078 |          0.991 |            1.130 |         1.213 
 abcijk-ejab-ikec |        1.261 |          1.165 |            1.433 |         1.553 
 abcijk-ejac-ikeb |        1.295 |          1.152 |            1.263 |         1.176 
 abcijk-ejbc-ikea |        1.043 |          0.935 |            1.183 |         1.264 
 abcijk-ekab-ijec |        1.300 |          1.177 |            1.444 |         1.487 
 abcijk-ekac-ijeb |        1.256 |          1.192 |            1.445 |         1.677 
 abcijk-ekbc-ijea |        1.052 |          1.030 |            1.049 |         1.232 
       abc-bk-akc |        1.956 |          1.702 |            1.663 |         1.565 
             MEAN |        1.355 |          1.338 |            1.518 |         1.584 

wrote /home/shinaoka/projects/tensor4all/tprims-rs/benchmarks/benchmarks/tcbench/results/2026-10-07-native/A-1m-8t.pending.csv
