# threads: requested=1 pool=1 budget=1
host        : shinaoka-EVO-X1Pro
target      : x86_64 / linux
cpu features: avx2 fma avx512f avx512dq 
caches      : L1=48KiB/12-way/2sh L2=1024KiB/16-way/2sh L3=16384KiB/16-way/8sh (via sysfs), blocking=legacy
l3 domains  : t1=1
baselines   : tblis=true blas=false
tblis       : abi 2.x, 1 thread(s)

running 49 cases at 16 MiB nominal tensor size, 5 reps, stress=none


=== f64 ===
             case |      m |     n |     k | regA | regB | plan GF/s | packed GF/s | upstream GF/s | tblis GF/s 
------------------+--------+-------+-------+------+------+-----------+-------------+---------------+------------
         ij-ik-kj |   1464 |  1448 |  1464 | 0.00 | 0.00 |      36.3 |        48.8 |          47.7 |       46.3 
       ij-ikl-ljk |    144 |   128 | 18432 | 1.00 | 1.00 |      38.0 |        38.0 |          36.7 |       27.5 
       ij-kil-lkj |    144 |   128 | 20736 | 1.00 | 1.00 |      35.9 |        35.9 |          35.1 |       25.4 
       ijk-ikl-lj |  18432 |   128 |   144 | 1.00 | 1.00 |      42.7 |        42.7 |          41.3 |       35.2 
       ijk-il-jlk |    144 | 18432 |   128 | 1.00 | 1.00 |      38.2 |        39.0 |          35.8 |       36.3 
       ijk-ilk-jl |  18432 |   144 |   128 | 1.00 | 1.00 |      44.7 |        44.5 |          44.4 |       36.2 
       ijk-ilk-lj |  18432 |   128 |   144 | 1.00 | 1.00 |      44.2 |        44.4 |          44.2 |       34.2 
     ijk-ilmk-mjl |   1920 |    40 |  1920 | 1.00 | 1.00 |      40.6 |        40.8 |          39.5 |       21.8 
   ijkl-imjn-lnkm |   1920 |  1920 |  1600 | 1.00 | 1.00 |      47.1 |        47.0 |          46.0 |       46.5 
   ijkl-imjn-nlmk |   1920 |  1600 |  1920 | 1.00 | 1.00 |      47.2 |        47.3 |          46.0 |       46.1 
   ijkl-imkn-jnlm |   1920 |  1920 |  1600 | 1.00 | 1.00 |      47.3 |        47.2 |          46.1 |       46.7 
   ijkl-imkn-njml |   1920 |  1600 |  1920 | 1.00 | 1.00 |      47.3 |        47.3 |          46.2 |       45.8 
   ijkl-imln-jnkm |   1920 |  1920 |  1600 | 1.00 | 1.00 |      47.0 |        47.0 |          46.0 |       46.3 
   ijkl-imln-njmk |   1920 |  1600 |  1920 | 1.00 | 1.00 |      47.2 |        47.2 |          46.4 |       45.7 
   ijkl-imnj-nlkm |   1920 |  1600 |  1920 | 1.00 | 1.00 |      47.3 |        47.3 |          46.3 |       46.3 
   ijkl-imnk-njml |   1920 |  1600 |  1920 | 1.00 | 1.00 |      47.6 |        47.6 |          46.6 |       46.3 
   ijkl-minj-nlmk |   1920 |  1600 |  2304 | 1.00 | 1.00 |      46.1 |        46.2 |          45.5 |       45.0 
   ijkl-mink-jnlm |   1920 |  1920 |  1920 | 1.00 | 1.00 |      46.6 |        46.7 |          45.9 |       46.1 
   ijkl-minl-njmk |   1920 |  1600 |  2304 | 1.00 | 1.00 |      46.5 |        46.4 |          45.4 |       45.1 
     aqrs-pa-pqrs |     48 | 64000 |    48 | 0.00 | 0.00 |      40.8 |        33.0 |          30.9 |       19.0 
     abrs-qb-aqrs |     40 | 76800 |    48 | 1.00 | 1.00 |      34.8 |        35.0 |          34.4 |       19.6 
     abcs-rc-abrs |     40 | 76800 |    48 | 1.00 | 1.00 |      30.9 |        31.0 |          28.8 |       21.4 
       abj-bka-kj |  20736 |   128 |   144 | 1.00 | 1.00 |      38.7 |        38.8 |          38.6 |       27.1 
       ajb-kba-jk |  18432 |   144 |   144 | 1.00 | 1.00 |      42.7 |        42.7 |          42.7 |       37.2 
     abjc-cbka-kj |  92160 |    40 |    48 | 1.00 | 1.00 |       9.8 |         9.7 |           9.4 |       13.5 
     ajbc-ckba-jk |  92160 |    48 |    40 | 1.00 | 1.00 |      17.9 |        17.7 |          17.3 |       19.6 
     abjc-kbac-jk |  76800 |    48 |    48 | 1.00 | 1.00 |      28.8 |        29.0 |          29.1 |       18.7 
   abjcd-dkbac-jk | 230400 |    24 |    20 | 1.00 | 1.00 |      13.4 |        13.4 |          12.3 |       10.0 
   adbjc-cbdka-kj | 230400 |    20 |    24 | 1.00 | 1.00 |       5.3 |         5.4 |           5.1 |        7.5 
   ajbdc-ckbad-jk | 230400 |    24 |    20 | 1.00 | 1.00 |      13.1 |        13.0 |          12.1 |       10.5 
 abcijk-ijma-mkbc |   6912 |  1728 |    24 | 1.00 | 1.00 |      41.2 |        41.1 |          39.5 |       34.0 
 abcijk-ijmb-mkac |   3456 |  3456 |    24 | 1.00 | 0.67 |      41.0 |        41.0 |          38.0 |       24.3 
 abcijk-ijmc-mkab |   3456 |  3456 |    24 | 1.00 | 0.67 |      39.5 |        39.4 |          37.0 |       31.6 
 abcijk-ikma-mjbc |   6912 |  1728 |    24 | 1.00 | 1.00 |      41.1 |        41.1 |          39.1 |       33.7 
 abcijk-ikmb-mjac |   3456 |  3456 |    24 | 1.00 | 0.67 |      41.0 |        40.5 |          38.2 |       29.6 
 abcijk-ikmc-mjab |   3456 |  3456 |    24 | 1.00 | 0.67 |      39.4 |        39.3 |          37.1 |       26.6 
 abcijk-jkma-mibc |   6912 |  1728 |    24 | 1.00 | 1.00 |      41.5 |        41.6 |          39.7 |       33.6 
 abcijk-jkmb-miac |   3456 |  3456 |    24 | 1.00 | 0.67 |      40.9 |        40.9 |          37.9 |       16.2 
 abcijk-jkmc-miab |   3456 |  3456 |    24 | 1.00 | 0.67 |      39.8 |        39.9 |          37.9 |       22.0 
 abcijk-eiab-jkec |   3456 |  3456 |    24 | 1.00 | 0.67 |      39.8 |        39.8 |          37.8 |       21.7 
 abcijk-eiac-jkeb |   3456 |  3456 |    24 | 1.00 | 0.67 |      40.8 |        40.4 |          37.8 |       16.2 
 abcijk-eibc-jkea |   1728 |  6912 |    24 | 1.00 | 1.00 |      41.6 |        40.9 |          39.7 |       33.7 
 abcijk-ejab-ikec |   3456 |  3456 |    24 | 1.00 | 0.67 |      39.4 |        39.4 |          37.4 |       26.4 
 abcijk-ejac-ikeb |   3456 |  3456 |    24 | 1.00 | 0.67 |      40.9 |        41.0 |          38.4 |       29.7 
 abcijk-ejbc-ikea |   1728 |  6912 |    24 | 1.00 | 1.00 |      40.7 |        40.8 |          38.9 |       33.9 
 abcijk-ekab-ijec |   3456 |  3456 |    24 | 1.00 | 0.67 |      39.6 |        39.5 |          37.6 |       31.3 
 abcijk-ekac-ijeb |   3456 |  3456 |    24 | 1.00 | 0.67 |      41.3 |        41.0 |          38.4 |       24.2 
 abcijk-ekbc-ijea |   1728 |  6912 |    24 | 1.00 | 1.00 |      41.0 |        40.9 |          39.2 |       34.0 
       abc-bk-akc |    144 | 18432 |   128 | 1.00 | 1.00 |      44.1 |        44.1 |          43.4 |       35.7 

=== c64 ===
             case |      m |     n |     k | regA | regB | plan GF/s | packed GF/s | upstream GF/s | tblis GF/s 
------------------+--------+-------+-------+------+------+-----------+-------------+---------------+------------
         ij-ik-kj |   1464 |  1448 |  1464 | 1.00 | 1.00 |      48.3 |        48.3 |          48.0 |       47.0 
       ij-ikl-ljk |    144 |   128 | 18432 | 1.00 | 1.00 |      42.2 |        42.2 |          40.2 |       33.4 
       ij-kil-lkj |    144 |   128 | 20736 | 1.00 | 1.00 |      40.3 |        40.3 |          38.4 |       31.2 
       ijk-ikl-lj |  18432 |   128 |   144 | 1.00 | 1.00 |      46.5 |        46.5 |          45.8 |       36.7 
       ijk-il-jlk |    144 | 18432 |   128 | 1.00 | 1.00 |      44.8 |        44.8 |          43.7 |       42.0 
       ijk-ilk-jl |  18432 |   144 |   128 | 1.00 | 1.00 |      48.6 |        48.5 |          48.1 |       38.9 
       ijk-ilk-lj |  18432 |   128 |   144 | 1.00 | 1.00 |      47.4 |        47.4 |          46.7 |       38.0 
     ijk-ilmk-mjl |   1920 |    40 |  1920 | 1.00 | 1.00 |      41.6 |        41.6 |          40.3 |       28.5 
   ijkl-imjn-lnkm |   1920 |  1920 |  1600 | 1.00 | 0.90 |      47.9 |        47.9 |          47.6 |       45.5 
   ijkl-imjn-nlmk |   1920 |  1600 |  1920 | 1.00 | 0.90 |      47.8 |        47.9 |          47.4 |       44.9 
   ijkl-imkn-jnlm |   1920 |  1920 |  1600 | 1.00 | 1.00 |      48.2 |        48.2 |          47.8 |       45.3 
   ijkl-imkn-njml |   1920 |  1600 |  1920 | 1.00 | 0.90 |      48.1 |        48.1 |          47.7 |       44.6 
   ijkl-imln-jnkm |   1920 |  1920 |  1600 | 1.00 | 1.00 |      48.3 |        48.3 |          47.9 |       45.4 
   ijkl-imln-njmk |   1920 |  1600 |  1920 | 1.00 | 0.90 |      48.3 |        48.4 |          47.9 |       45.5 
   ijkl-imnj-nlkm |   1920 |  1600 |  1920 | 1.00 | 0.90 |      48.0 |        48.0 |          47.6 |       45.5 
   ijkl-imnk-njml |   1920 |  1600 |  1920 | 1.00 | 0.90 |      48.2 |        48.2 |          47.7 |       44.8 
   ijkl-minj-nlmk |   1920 |  1600 |  2304 | 1.00 | 0.90 |      47.1 |        47.1 |          46.7 |       45.0 
   ijkl-mink-jnlm |   1920 |  1920 |  1920 | 1.00 | 1.00 |      47.5 |        47.5 |          46.9 |       45.0 
   ijkl-minl-njmk |   1920 |  1600 |  2304 | 1.00 | 0.90 |      47.6 |        47.6 |          47.0 |       44.9 
     aqrs-pa-pqrs |     48 | 64000 |    48 | 1.00 | 1.00 |      38.8 |        38.8 |          37.5 |       29.6 
     abrs-qb-aqrs |     40 | 76800 |    48 | 1.00 | 1.00 |      39.5 |        39.5 |          38.9 |       29.2 
     abcs-rc-abrs |     40 | 76800 |    48 | 1.00 | 1.00 |      39.2 |        39.1 |          37.8 |       29.3 
       abj-bka-kj |  20736 |   128 |   144 | 1.00 | 1.00 |      40.9 |        40.7 |          40.2 |       30.7 
       ajb-kba-jk |  18432 |   144 |   144 | 1.00 | 1.00 |      48.5 |        48.5 |          48.0 |       40.8 
     abjc-cbka-kj |  92160 |    40 |    48 | 1.00 | 1.00 |      19.1 |        19.1 |          18.8 |       22.4 
     ajbc-ckba-jk |  92160 |    48 |    40 | 1.00 | 1.00 |      25.8 |        25.8 |          25.0 |       33.0 
     abjc-kbac-jk |  76800 |    48 |    48 | 1.00 | 1.00 |      40.0 |        40.1 |          39.4 |       26.9 
   abjcd-dkbac-jk | 230400 |    24 |    20 | 0.67 | 1.00 |      21.1 |        21.1 |          19.9 |       18.9 
   adbjc-cbdka-kj | 230400 |    20 |    24 | 0.67 | 1.00 |      11.7 |        11.7 |          11.5 |       17.7 
   ajbdc-ckbad-jk | 230400 |    24 |    20 | 1.00 | 1.00 |      20.2 |        20.2 |          18.8 |       19.6 
 abcijk-ijma-mkbc |   6912 |  1728 |    24 | 1.00 | 1.00 |      43.7 |        43.8 |          42.4 |       36.9 
 abcijk-ijmb-mkac |   3456 |  3456 |    24 | 1.00 | 1.00 |      45.3 |        45.3 |          44.0 |       33.0 
 abcijk-ijmc-mkab |   3456 |  3456 |    24 | 1.00 | 1.00 |      44.2 |        44.2 |          43.2 |       39.1 
 abcijk-ikma-mjbc |   6912 |  1728 |    24 | 1.00 | 1.00 |      43.7 |        43.8 |          42.2 |       36.8 
 abcijk-ikmb-mjac |   3456 |  3456 |    24 | 1.00 | 1.00 |      45.3 |        45.2 |          43.8 |       34.7 
 abcijk-ikmc-mjab |   3456 |  3456 |    24 | 1.00 | 1.00 |      44.3 |        44.2 |          43.2 |       35.3 
 abcijk-jkma-mibc |   6912 |  1728 |    24 | 1.00 | 1.00 |      43.9 |        43.9 |          42.6 |       37.1 
 abcijk-jkmb-miac |   3456 |  3456 |    24 | 1.00 | 1.00 |      45.0 |        45.0 |          43.5 |       28.0 
 abcijk-jkmc-miab |   3456 |  3456 |    24 | 1.00 | 1.00 |      44.2 |        44.2 |          42.8 |       34.9 
 abcijk-eiab-jkec |   3456 |  3456 |    24 | 1.00 | 1.00 |      44.2 |        44.2 |          43.0 |       34.7 
 abcijk-eiac-jkeb |   3456 |  3456 |    24 | 1.00 | 1.00 |      45.0 |        45.0 |          43.5 |       28.0 
 abcijk-eibc-jkea |   1728 |  6912 |    24 | 1.00 | 1.00 |      43.9 |        43.9 |          42.7 |       37.0 
 abcijk-ejab-ikec |   3456 |  3456 |    24 | 1.00 | 1.00 |      44.3 |        44.3 |          43.2 |       35.3 
 abcijk-ejac-ikeb |   3456 |  3456 |    24 | 1.00 | 1.00 |      45.3 |        45.3 |          43.9 |       35.0 
 abcijk-ejbc-ikea |   1728 |  6912 |    24 | 1.00 | 1.00 |      43.8 |        43.7 |          42.4 |       36.9 
 abcijk-ekab-ijec |   3456 |  3456 |    24 | 1.00 | 1.00 |      44.3 |        44.3 |          43.2 |       39.1 
 abcijk-ekac-ijeb |   3456 |  3456 |    24 | 1.00 | 1.00 |      45.3 |        45.3 |          43.9 |       32.9 
 abcijk-ekbc-ijea |   1728 |  6912 |    24 | 1.00 | 1.00 |      43.9 |        43.9 |          42.6 |       36.8 
       abc-bk-akc |    144 | 18432 |   128 | 1.00 | 1.00 |      48.5 |        48.5 |          48.0 |       39.0 

=== complex efficiency ratio (c64 GF/s over f64 GF/s; 1.0 = no penalty) ===
             case | plan c64/f64 | packed c64/f64 | upstream c64/f64 | tblis c64/f64 
------------------+--------------+----------------+------------------+---------------
         ij-ik-kj |        1.330 |          0.990 |            1.008 |         1.014 
       ij-ikl-ljk |        1.112 |          1.112 |            1.094 |         1.213 
       ij-kil-lkj |        1.121 |          1.122 |            1.095 |         1.227 
       ijk-ikl-lj |        1.089 |          1.090 |            1.109 |         1.043 
       ijk-il-jlk |        1.172 |          1.148 |            1.221 |         1.155 
       ijk-ilk-jl |        1.086 |          1.091 |            1.084 |         1.076 
       ijk-ilk-lj |        1.072 |          1.068 |            1.058 |         1.113 
     ijk-ilmk-mjl |        1.023 |          1.019 |            1.019 |         1.305 
   ijkl-imjn-lnkm |        1.018 |          1.019 |            1.035 |         0.979 
   ijkl-imjn-nlmk |        1.011 |          1.012 |            1.031 |         0.975 
   ijkl-imkn-jnlm |        1.020 |          1.021 |            1.036 |         0.971 
   ijkl-imkn-njml |        1.018 |          1.018 |            1.033 |         0.972 
   ijkl-imln-jnkm |        1.028 |          1.028 |            1.041 |         0.981 
   ijkl-imln-njmk |        1.024 |          1.025 |            1.031 |         0.994 
   ijkl-imnj-nlkm |        1.014 |          1.014 |            1.029 |         0.983 
   ijkl-imnk-njml |        1.013 |          1.014 |            1.025 |         0.968 
   ijkl-minj-nlmk |        1.022 |          1.020 |            1.025 |         1.000 
   ijkl-mink-jnlm |        1.018 |          1.017 |            1.021 |         0.977 
   ijkl-minl-njmk |        1.023 |          1.025 |            1.035 |         0.995 
     aqrs-pa-pqrs |        0.951 |          1.174 |            1.211 |         1.557 
     abrs-qb-aqrs |        1.137 |          1.130 |            1.131 |         1.490 
     abcs-rc-abrs |        1.266 |          1.262 |            1.315 |         1.368 
       abj-bka-kj |        1.055 |          1.049 |            1.040 |         1.133 
       ajb-kba-jk |        1.135 |          1.137 |            1.123 |         1.098 
     abjc-cbka-kj |        1.960 |          1.963 |            1.997 |         1.650 
     ajbc-ckba-jk |        1.447 |          1.452 |            1.449 |         1.684 
     abjc-kbac-jk |        1.388 |          1.380 |            1.356 |         1.438 
   abjcd-dkbac-jk |        1.579 |          1.579 |            1.621 |         1.882 
   adbjc-cbdka-kj |        2.190 |          2.184 |            2.239 |         2.358 
   ajbdc-ckbad-jk |        1.536 |          1.552 |            1.558 |         1.867 
 abcijk-ijma-mkbc |        1.061 |          1.064 |            1.074 |         1.086 
 abcijk-ijmb-mkac |        1.105 |          1.106 |            1.157 |         1.360 
 abcijk-ijmc-mkab |        1.119 |          1.124 |            1.168 |         1.239 
 abcijk-ikma-mjbc |        1.065 |          1.064 |            1.082 |         1.093 
 abcijk-ikmb-mjac |        1.104 |          1.118 |            1.145 |         1.172 
 abcijk-ikmc-mjab |        1.125 |          1.124 |            1.163 |         1.329 
 abcijk-jkma-mibc |        1.059 |          1.055 |            1.073 |         1.106 
 abcijk-jkmb-miac |        1.101 |          1.101 |            1.148 |         1.728 
 abcijk-jkmc-miab |        1.111 |          1.108 |            1.130 |         1.585 
 abcijk-eiab-jkec |        1.112 |          1.110 |            1.139 |         1.595 
 abcijk-eiac-jkeb |        1.103 |          1.115 |            1.153 |         1.727 
 abcijk-eibc-jkea |        1.056 |          1.074 |            1.074 |         1.097 
 abcijk-ejab-ikec |        1.123 |          1.124 |            1.155 |         1.341 
 abcijk-ejac-ikeb |        1.107 |          1.105 |            1.144 |         1.180 
 abcijk-ejbc-ikea |        1.076 |          1.072 |            1.089 |         1.088 
 abcijk-ekab-ijec |        1.119 |          1.122 |            1.148 |         1.252 
 abcijk-ekac-ijeb |        1.098 |          1.104 |            1.143 |         1.357 
 abcijk-ekbc-ijea |        1.071 |          1.073 |            1.086 |         1.084 
       abc-bk-akc |        1.100 |          1.100 |            1.105 |         1.091 
             MEAN |        1.157 |          1.155 |            1.172 |         1.265 

wrote /home/shinaoka/projects/tensor4all/tprims-rs/benchmarks/benchmarks/tcbench/results/scatter-wired/baseline/A-16m-1t.pending.csv
