# threads: requested=8 pool=8 budget=8
host        : shinaoka-EVO-X1Pro
target      : x86_64 / linux
cpu features: avx2 fma avx512f avx512dq 
caches      : L1=48KiB/12-way/2sh L2=1024KiB/16-way/2sh L3=16384KiB/16-way/8sh (via sysfs), blocking=legacy
l3 domains  : t1=1 t4=1 t8=2 t16=4
baselines   : tblis=true blas=false
tblis       : abi 2.x, 8 thread(s)

running 49 cases at 16 MiB nominal tensor size, 5 reps, stress=none


=== f64 ===
             case |      m |     n |     k | regA | regB | plan GF/s | packed GF/s | upstream GF/s | tblis GF/s 
------------------+--------+-------+-------+------+------+-----------+-------------+---------------+------------
         ij-ik-kj |   1464 |  1448 |  1464 | 0.00 | 0.00 |     282.8 |       254.2 |         247.6 |      320.3 
       ij-ikl-ljk |    144 |   128 | 18432 | 1.00 | 1.00 |     213.3 |       214.1 |         191.6 |      134.3 
       ij-kil-lkj |    144 |   128 | 20736 | 1.00 | 1.00 |     182.1 |       182.7 |         170.1 |      118.5 
       ijk-ikl-lj |  18432 |   128 |   144 | 1.00 | 1.00 |     282.7 |       284.1 |         268.4 |      167.3 
       ijk-il-jlk |    144 | 18432 |   128 | 1.00 | 1.00 |     287.0 |       290.0 |         267.8 |      262.5 
       ijk-ilk-jl |  18432 |   144 |   128 | 1.00 | 1.00 |     305.3 |       305.4 |         290.0 |      198.5 
       ijk-ilk-lj |  18432 |   128 |   144 | 1.00 | 1.00 |     301.2 |       306.2 |         284.6 |      187.3 
     ijk-ilmk-mjl |   1920 |    40 |  1920 | 1.00 | 1.00 |     171.2 |       215.7 |         187.0 |      152.1 
   ijkl-imjn-lnkm |   1920 |  1920 |  1600 | 1.00 | 1.00 |     332.4 |       332.6 |         321.5 |      331.5 
   ijkl-imjn-nlmk |   1920 |  1600 |  1920 | 1.00 | 1.00 |     328.0 |       327.8 |         318.5 |      327.1 
   ijkl-imkn-jnlm |   1920 |  1920 |  1600 | 1.00 | 1.00 |     349.2 |       348.7 |         339.9 |      325.7 
   ijkl-imkn-njml |   1920 |  1600 |  1920 | 1.00 | 1.00 |     351.3 |       351.0 |         337.5 |      327.3 
   ijkl-imln-jnkm |   1920 |  1920 |  1600 | 1.00 | 1.00 |     352.0 |       351.7 |         344.0 |      323.9 
   ijkl-imln-njmk |   1920 |  1600 |  1920 | 1.00 | 1.00 |     345.7 |       346.5 |         340.1 |      327.7 
   ijkl-imnj-nlkm |   1920 |  1600 |  1920 | 1.00 | 1.00 |     325.2 |       325.4 |         316.9 |      330.9 
   ijkl-imnk-njml |   1920 |  1600 |  1920 | 1.00 | 1.00 |     350.3 |       345.1 |         338.6 |      330.0 
   ijkl-minj-nlmk |   1920 |  1600 |  2304 | 1.00 | 1.00 |     325.3 |       325.5 |         316.7 |      312.0 
   ijkl-mink-jnlm |   1920 |  1920 |  1920 | 1.00 | 1.00 |     351.3 |       350.7 |         340.7 |      327.5 
   ijkl-minl-njmk |   1920 |  1600 |  2304 | 1.00 | 1.00 |     336.8 |       337.3 |         327.3 |      312.7 
     aqrs-pa-pqrs |     48 | 64000 |    48 | 0.00 | 0.00 |     199.0 |       175.2 |         126.1 |       67.3 
     abrs-qb-aqrs |     40 | 76800 |    48 | 1.00 | 1.00 |     171.8 |       191.2 |         174.6 |      105.8 
     abcs-rc-abrs |     40 | 76800 |    48 | 1.00 | 1.00 |     147.9 |       149.3 |         141.4 |       70.4 
       abj-bka-kj |  20736 |   128 |   144 | 1.00 | 1.00 |     177.4 |       177.1 |         170.1 |      117.1 
       ajb-kba-jk |  18432 |   144 |   144 | 1.00 | 1.00 |     270.0 |       281.4 |         259.7 |      196.4 
     abjc-cbka-kj |  92160 |    40 |    48 | 1.00 | 1.00 |      41.3 |        41.4 |          42.3 |       58.7 
     ajbc-ckba-jk |  92160 |    48 |    40 | 1.00 | 1.00 |      70.0 |        70.1 |          66.6 |       88.0 
     abjc-kbac-jk |  76800 |    48 |    48 | 1.00 | 1.00 |     143.6 |       149.3 |         136.7 |       75.2 
   abjcd-dkbac-jk | 230400 |    24 |    20 | 1.00 | 1.00 |      49.9 |        49.4 |          46.2 |       42.9 
   adbjc-cbdka-kj | 230400 |    20 |    24 | 1.00 | 1.00 |      26.8 |        27.5 |          26.5 |       23.8 
   ajbdc-ckbad-jk | 230400 |    24 |    20 | 1.00 | 1.00 |      49.5 |        50.6 |          46.3 |       46.9 
 abcijk-ijma-mkbc |   6912 |  1728 |    24 | 1.00 | 1.00 |     155.8 |       156.3 |         151.8 |      147.5 
 abcijk-ijmb-mkac |   3456 |  3456 |    24 | 1.00 | 0.67 |     160.2 |       159.7 |         151.8 |       82.5 
 abcijk-ijmc-mkab |   3456 |  3456 |    24 | 1.00 | 0.67 |     156.0 |       158.0 |         153.6 |      105.8 
 abcijk-ikma-mjbc |   6912 |  1728 |    24 | 1.00 | 1.00 |     158.1 |       156.5 |         155.7 |      146.8 
 abcijk-ikmb-mjac |   3456 |  3456 |    24 | 1.00 | 0.67 |     160.5 |       159.3 |         150.5 |      119.5 
 abcijk-ikmc-mjab |   3456 |  3456 |    24 | 1.00 | 0.67 |     156.7 |       156.8 |         153.6 |      107.2 
 abcijk-jkma-mibc |   6912 |  1728 |    24 | 1.00 | 1.00 |     155.3 |       153.1 |         153.5 |      150.2 
 abcijk-jkmb-miac |   3456 |  3456 |    24 | 1.00 | 0.67 |     162.0 |       160.2 |         151.2 |       78.1 
 abcijk-jkmc-miab |   3456 |  3456 |    24 | 1.00 | 0.67 |     158.1 |       157.3 |         151.3 |       86.7 
 abcijk-eiab-jkec |   3456 |  3456 |    24 | 1.00 | 0.67 |     155.8 |       155.1 |         153.4 |       87.7 
 abcijk-eiac-jkeb |   3456 |  3456 |    24 | 1.00 | 0.67 |     159.1 |       159.1 |         151.8 |       77.0 
 abcijk-eibc-jkea |   1728 |  6912 |    24 | 1.00 | 1.00 |     154.3 |       154.7 |         153.2 |      150.7 
 abcijk-ejab-ikec |   3456 |  3456 |    24 | 1.00 | 0.67 |     155.2 |       155.9 |         153.1 |      105.2 
 abcijk-ejac-ikeb |   3456 |  3456 |    24 | 1.00 | 0.67 |     160.9 |       159.5 |         151.1 |      120.3 
 abcijk-ejbc-ikea |   1728 |  6912 |    24 | 1.00 | 1.00 |     156.8 |       157.0 |         154.0 |      147.7 
 abcijk-ekab-ijec |   3456 |  3456 |    24 | 1.00 | 0.67 |     156.9 |       156.1 |         150.9 |      107.1 
 abcijk-ekac-ijeb |   3456 |  3456 |    24 | 1.00 | 0.67 |     161.2 |       159.3 |         150.2 |       82.8 
 abcijk-ekbc-ijea |   1728 |  6912 |    24 | 1.00 | 1.00 |     155.2 |       156.5 |         152.9 |      146.4 
       abc-bk-akc |    144 | 18432 |   128 | 1.00 | 1.00 |     290.6 |       310.0 |         290.7 |      195.7 

=== c64 ===
             case |      m |     n |     k | regA | regB | plan GF/s | packed GF/s | upstream GF/s | tblis GF/s 
------------------+--------+-------+-------+------+------+-----------+-------------+---------------+------------
         ij-ik-kj |   1464 |  1448 |  1464 | 1.00 | 1.00 |     349.9 |       348.7 |         339.1 |      358.7 
       ij-ikl-ljk |    144 |   128 | 18432 | 1.00 | 1.00 |     167.6 |       168.1 |         164.7 |      192.6 
       ij-kil-lkj |    144 |   128 | 20736 | 1.00 | 1.00 |     164.0 |       162.1 |         155.9 |      170.9 
       ijk-ikl-lj |  18432 |   128 |   144 | 1.00 | 1.00 |     348.2 |       341.8 |         338.0 |      231.7 
       ijk-il-jlk |    144 | 18432 |   128 | 1.00 | 1.00 |     202.4 |       202.3 |         200.8 |      328.4 
       ijk-ilk-jl |  18432 |   144 |   128 | 1.00 | 1.00 |     358.6 |       363.8 |         361.1 |      258.2 
       ijk-ilk-lj |  18432 |   128 |   144 | 1.00 | 1.00 |     357.6 |       358.8 |         351.7 |      251.9 
     ijk-ilmk-mjl |   1920 |    40 |  1920 | 1.00 | 1.00 |     251.4 |       272.4 |         260.3 |      201.5 
   ijkl-imjn-lnkm |   1920 |  1920 |  1600 | 1.00 | 0.90 |     347.5 |       347.2 |         339.2 |      351.3 
   ijkl-imjn-nlmk |   1920 |  1600 |  1920 | 1.00 | 0.90 |     353.1 |       352.1 |         344.1 |      352.6 
   ijkl-imkn-jnlm |   1920 |  1920 |  1600 | 1.00 | 1.00 |     362.6 |       362.5 |         353.7 |      346.1 
   ijkl-imkn-njml |   1920 |  1600 |  1920 | 1.00 | 0.90 |     358.2 |       358.3 |         348.7 |      349.6 
   ijkl-imln-jnkm |   1920 |  1920 |  1600 | 1.00 | 1.00 |     361.7 |       364.0 |         355.2 |      345.7 
   ijkl-imln-njmk |   1920 |  1600 |  1920 | 1.00 | 0.90 |     359.2 |       358.7 |         349.5 |      351.0 
   ijkl-imnj-nlkm |   1920 |  1600 |  1920 | 1.00 | 0.90 |     352.4 |       356.6 |         345.0 |      351.5 
   ijkl-imnk-njml |   1920 |  1600 |  1920 | 1.00 | 0.90 |     359.8 |       359.9 |         349.4 |      350.5 
   ijkl-minj-nlmk |   1920 |  1600 |  2304 | 1.00 | 0.90 |     354.3 |       354.4 |         348.5 |      348.0 
   ijkl-mink-jnlm |   1920 |  1920 |  1920 | 1.00 | 1.00 |     364.8 |       364.2 |         356.2 |      347.7 
   ijkl-minl-njmk |   1920 |  1600 |  2304 | 1.00 | 0.90 |     359.6 |       360.1 |         352.8 |      349.3 
     aqrs-pa-pqrs |     48 | 64000 |    48 | 1.00 | 1.00 |     272.1 |       272.0 |         239.1 |      198.8 
     abrs-qb-aqrs |     40 | 76800 |    48 | 1.00 | 1.00 |     286.8 |       285.8 |         276.6 |      144.1 
     abcs-rc-abrs |     40 | 76800 |    48 | 1.00 | 1.00 |     258.1 |       252.6 |         241.7 |      130.6 
       abj-bka-kj |  20736 |   128 |   144 | 1.00 | 1.00 |     283.4 |       281.9 |         276.8 |      193.5 
       ajb-kba-jk |  18432 |   144 |   144 | 1.00 | 1.00 |     366.0 |       353.9 |         359.0 |      267.8 
     abjc-cbka-kj |  92160 |    40 |    48 | 1.00 | 1.00 |     117.8 |       122.0 |         114.2 |      109.6 
     ajbc-ckba-jk |  92160 |    48 |    40 | 1.00 | 1.00 |      35.0 |        35.5 |          33.9 |      143.7 
     abjc-kbac-jk |  76800 |    48 |    48 | 1.00 | 1.00 |     207.6 |       204.2 |         203.0 |      132.5 
   abjcd-dkbac-jk | 230400 |    24 |    20 | 0.67 | 1.00 |      98.6 |        99.2 |          97.1 |       82.0 
   adbjc-cbdka-kj | 230400 |    20 |    24 | 0.67 | 1.00 |      63.9 |        67.8 |          62.7 |       61.0 
   ajbdc-ckbad-jk | 230400 |    24 |    20 | 1.00 | 1.00 |      30.6 |        30.5 |          30.8 |       91.3 
 abcijk-ijma-mkbc |   6912 |  1728 |    24 | 1.00 | 1.00 |     225.5 |       223.2 |         216.3 |      234.1 
 abcijk-ijmb-mkac |   3456 |  3456 |    24 | 1.00 | 1.00 |     273.3 |       270.2 |         252.2 |      170.6 
 abcijk-ijmc-mkab |   3456 |  3456 |    24 | 1.00 | 1.00 |     258.5 |       258.5 |         254.5 |      221.6 
 abcijk-ikma-mjbc |   6912 |  1728 |    24 | 1.00 | 1.00 |     219.4 |       219.3 |         214.0 |      233.7 
 abcijk-ikmb-mjac |   3456 |  3456 |    24 | 1.00 | 1.00 |     270.7 |       267.5 |         281.1 |      206.7 
 abcijk-ikmc-mjab |   3456 |  3456 |    24 | 1.00 | 1.00 |     260.9 |       260.5 |         251.6 |      197.1 
 abcijk-jkma-mibc |   6912 |  1728 |    24 | 1.00 | 1.00 |     224.8 |       224.7 |         219.1 |      234.8 
 abcijk-jkmb-miac |   3456 |  3456 |    24 | 1.00 | 1.00 |     282.5 |       282.6 |         280.0 |      137.2 
 abcijk-jkmc-miab |   3456 |  3456 |    24 | 1.00 | 1.00 |     259.6 |       259.6 |         251.1 |      158.6 
 abcijk-eiab-jkec |   3456 |  3456 |    24 | 1.00 | 1.00 |     260.4 |       262.3 |         253.4 |      157.5 
 abcijk-eiac-jkeb |   3456 |  3456 |    24 | 1.00 | 1.00 |     287.8 |       287.9 |         278.3 |      136.0 
 abcijk-eibc-jkea |   1728 |  6912 |    24 | 1.00 | 1.00 |     225.2 |       224.7 |         219.8 |      235.3 
 abcijk-ejab-ikec |   3456 |  3456 |    24 | 1.00 | 1.00 |     259.7 |       261.9 |         254.3 |      197.6 
 abcijk-ejac-ikeb |   3456 |  3456 |    24 | 1.00 | 1.00 |     258.3 |       267.0 |         267.0 |      210.3 
 abcijk-ejbc-ikea |   1728 |  6912 |    24 | 1.00 | 1.00 |     217.5 |       217.9 |         214.7 |      233.6 
 abcijk-ekab-ijec |   3456 |  3456 |    24 | 1.00 | 1.00 |     260.4 |       260.7 |         253.9 |      221.6 
 abcijk-ekac-ijeb |   3456 |  3456 |    24 | 1.00 | 1.00 |     267.9 |       259.8 |         264.5 |      170.1 
 abcijk-ekbc-ijea |   1728 |  6912 |    24 | 1.00 | 1.00 |     224.7 |       223.9 |         216.4 |      232.8 
       abc-bk-akc |    144 | 18432 |   128 | 1.00 | 1.00 |     362.5 |       365.8 |         362.3 |      258.7 

=== complex efficiency ratio (c64 GF/s over f64 GF/s; 1.0 = no penalty) ===
             case | plan c64/f64 | packed c64/f64 | upstream c64/f64 | tblis c64/f64 
------------------+--------------+----------------+------------------+---------------
         ij-ik-kj |        1.237 |          1.372 |            1.370 |         1.120 
       ij-ikl-ljk |        0.786 |          0.785 |            0.860 |         1.434 
       ij-kil-lkj |        0.900 |          0.887 |            0.916 |         1.442 
       ijk-ikl-lj |        1.231 |          1.203 |            1.259 |         1.385 
       ijk-il-jlk |        0.705 |          0.697 |            0.750 |         1.251 
       ijk-ilk-jl |        1.174 |          1.191 |            1.245 |         1.301 
       ijk-ilk-lj |        1.187 |          1.172 |            1.236 |         1.345 
     ijk-ilmk-mjl |        1.469 |          1.263 |            1.391 |         1.324 
   ijkl-imjn-lnkm |        1.045 |          1.044 |            1.055 |         1.060 
   ijkl-imjn-nlmk |        1.077 |          1.074 |            1.080 |         1.078 
   ijkl-imkn-jnlm |        1.039 |          1.039 |            1.041 |         1.063 
   ijkl-imkn-njml |        1.020 |          1.021 |            1.033 |         1.068 
   ijkl-imln-jnkm |        1.028 |          1.035 |            1.033 |         1.067 
   ijkl-imln-njmk |        1.039 |          1.035 |            1.028 |         1.071 
   ijkl-imnj-nlkm |        1.084 |          1.096 |            1.089 |         1.062 
   ijkl-imnk-njml |        1.027 |          1.043 |            1.032 |         1.062 
   ijkl-minj-nlmk |        1.089 |          1.089 |            1.100 |         1.115 
   ijkl-mink-jnlm |        1.038 |          1.038 |            1.046 |         1.062 
   ijkl-minl-njmk |        1.068 |          1.068 |            1.078 |         1.117 
     aqrs-pa-pqrs |        1.368 |          1.553 |            1.896 |         2.956 
     abrs-qb-aqrs |        1.669 |          1.495 |            1.584 |         1.363 
     abcs-rc-abrs |        1.745 |          1.692 |            1.709 |         1.856 
       abj-bka-kj |        1.597 |          1.592 |            1.627 |         1.652 
       ajb-kba-jk |        1.356 |          1.258 |            1.382 |         1.364 
     abjc-cbka-kj |        2.851 |          2.946 |            2.701 |         1.868 
     ajbc-ckba-jk |        0.500 |          0.506 |            0.508 |         1.634 
     abjc-kbac-jk |        1.446 |          1.367 |            1.485 |         1.763 
   abjcd-dkbac-jk |        1.977 |          2.009 |            2.103 |         1.912 
   adbjc-cbdka-kj |        2.382 |          2.464 |            2.366 |         2.564 
   ajbdc-ckbad-jk |        0.618 |          0.604 |            0.666 |         1.945 
 abcijk-ijma-mkbc |        1.447 |          1.428 |            1.425 |         1.588 
 abcijk-ijmb-mkac |        1.706 |          1.692 |            1.661 |         2.066 
 abcijk-ijmc-mkab |        1.657 |          1.637 |            1.657 |         2.095 
 abcijk-ikma-mjbc |        1.388 |          1.401 |            1.375 |         1.592 
 abcijk-ikmb-mjac |        1.686 |          1.679 |            1.867 |         1.729 
 abcijk-ikmc-mjab |        1.665 |          1.662 |            1.638 |         1.839 
 abcijk-jkma-mibc |        1.448 |          1.467 |            1.427 |         1.563 
 abcijk-jkmb-miac |        1.743 |          1.764 |            1.852 |         1.758 
 abcijk-jkmc-miab |        1.641 |          1.650 |            1.659 |         1.828 
 abcijk-eiab-jkec |        1.671 |          1.692 |            1.651 |         1.796 
 abcijk-eiac-jkeb |        1.809 |          1.810 |            1.833 |         1.766 
 abcijk-eibc-jkea |        1.459 |          1.453 |            1.434 |         1.562 
 abcijk-ejab-ikec |        1.673 |          1.680 |            1.661 |         1.879 
 abcijk-ejac-ikeb |        1.605 |          1.674 |            1.767 |         1.748 
 abcijk-ejbc-ikea |        1.387 |          1.388 |            1.395 |         1.581 
 abcijk-ekab-ijec |        1.660 |          1.670 |            1.683 |         2.068 
 abcijk-ekac-ijeb |        1.661 |          1.631 |            1.761 |         2.055 
 abcijk-ekbc-ijea |        1.448 |          1.431 |            1.416 |         1.590 
       abc-bk-akc |        1.247 |          1.180 |            1.247 |         1.322 
             MEAN |        1.383 |          1.380 |            1.410 |         1.566 

wrote /home/shinaoka/projects/tensor4all/tprims-rs/benchmarks/benchmarks/tcbench/results/scatter-wired/baseline/A-16m-8t.pending.csv
