# threads: requested=4 pool=4 budget=4
host        : shinaoka-EVO-X1Pro
target      : x86_64 / linux
cpu features: avx2 fma avx512f avx512dq 
caches      : L1=48KiB/12-way/2sh L2=1024KiB/16-way/2sh L3=16384KiB/16-way/8sh (via sysfs), blocking=legacy
l3 domains  : t1=1 t4=1 t8=2
baselines   : tblis=true blas=false
tblis       : abi 2.x, 4 thread(s)

running 49 cases at 16 MiB nominal tensor size, 5 reps, stress=none


=== f64 ===
             case |      m |     n |     k | regA | regB | plan GF/s | packed GF/s | upstream GF/s | tblis GF/s 
------------------+--------+-------+-------+------+------+-----------+-------------+---------------+------------
         ij-ik-kj |   1464 |  1448 |  1464 | 0.00 | 0.00 |     144.5 |       130.4 |         127.5 |      173.3 
       ij-ikl-ljk |    144 |   128 | 18432 | 1.00 | 1.00 |     103.5 |       101.5 |          98.6 |       89.3 
       ij-kil-lkj |    144 |   128 | 20736 | 1.00 | 1.00 |      97.7 |        97.9 |          97.8 |       79.6 
       ijk-ikl-lj |  18432 |   128 |   144 | 1.00 | 1.00 |     156.5 |       158.0 |         158.5 |      104.0 
       ijk-il-jlk |    144 | 18432 |   128 | 1.00 | 1.00 |     113.0 |       113.4 |         105.3 |      140.9 
       ijk-ilk-jl |  18432 |   144 |   128 | 1.00 | 1.00 |     168.4 |       164.9 |         164.2 |      122.6 
       ijk-ilk-lj |  18432 |   128 |   144 | 1.00 | 1.00 |     163.9 |       166.5 |         162.7 |      115.7 
     ijk-ilmk-mjl |   1920 |    40 |  1920 | 1.00 | 1.00 |     121.1 |       136.2 |         130.1 |       82.9 
   ijkl-imjn-lnkm |   1920 |  1920 |  1600 | 1.00 | 1.00 |     179.8 |       179.5 |         175.7 |      177.0 
   ijkl-imjn-nlmk |   1920 |  1600 |  1920 | 1.00 | 1.00 |     181.0 |       180.9 |         177.7 |      171.5 
   ijkl-imkn-jnlm |   1920 |  1920 |  1600 | 1.00 | 1.00 |     182.2 |       181.0 |         176.0 |      177.5 
   ijkl-imkn-njml |   1920 |  1600 |  1920 | 1.00 | 1.00 |     182.4 |       182.4 |         176.7 |      172.1 
   ijkl-imln-jnkm |   1920 |  1920 |  1600 | 1.00 | 1.00 |     181.9 |       181.8 |         176.0 |      176.8 
   ijkl-imln-njmk |   1920 |  1600 |  1920 | 1.00 | 1.00 |     180.8 |       180.3 |         174.7 |      171.8 
   ijkl-imnj-nlkm |   1920 |  1600 |  1920 | 1.00 | 1.00 |     179.7 |       179.6 |          97.7 |      172.3 
   ijkl-imnk-njml |   1920 |  1600 |  1920 | 1.00 | 1.00 |     183.0 |       182.9 |         177.8 |      175.9 
   ijkl-minj-nlmk |   1920 |  1600 |  2304 | 1.00 | 1.00 |     177.5 |       177.3 |         175.1 |      170.8 
   ijkl-mink-jnlm |   1920 |  1920 |  1920 | 1.00 | 1.00 |     179.7 |       179.6 |         175.5 |      177.9 
   ijkl-minl-njmk |   1920 |  1600 |  2304 | 1.00 | 1.00 |     179.5 |       179.1 |         177.0 |      171.7 
     aqrs-pa-pqrs |     48 | 64000 |    48 | 0.00 | 0.00 |     119.1 |       109.4 |          98.6 |       60.9 
     abrs-qb-aqrs |     40 | 76800 |    48 | 1.00 | 1.00 |     121.8 |       119.9 |         122.8 |       63.4 
     abcs-rc-abrs |     40 | 76800 |    48 | 1.00 | 1.00 |     109.9 |       108.9 |         105.7 |       58.4 
       abj-bka-kj |  20736 |   128 |   144 | 1.00 | 1.00 |     135.9 |       136.6 |         132.5 |       80.5 
       ajb-kba-jk |  18432 |   144 |   144 | 1.00 | 1.00 |     160.0 |       160.3 |         151.6 |      126.5 
     abjc-cbka-kj |  92160 |    40 |    48 | 1.00 | 1.00 |      27.8 |        27.6 |          26.5 |       41.5 
     ajbc-ckba-jk |  92160 |    48 |    40 | 1.00 | 1.00 |      45.8 |        45.9 |          43.9 |       65.8 
     abjc-kbac-jk |  76800 |    48 |    48 | 1.00 | 1.00 |     100.4 |       103.2 |          97.2 |       55.0 
   abjcd-dkbac-jk | 230400 |    24 |    20 | 1.00 | 1.00 |      31.6 |        31.6 |          29.5 |       30.0 
   adbjc-cbdka-kj | 230400 |    20 |    24 | 1.00 | 1.00 |      16.5 |        16.6 |          15.9 |       17.6 
   ajbdc-ckbad-jk | 230400 |    24 |    20 | 1.00 | 1.00 |      31.8 |        31.8 |          29.8 |       32.5 
 abcijk-ijma-mkbc |   6912 |  1728 |    24 | 1.00 | 1.00 |     130.9 |       131.3 |         122.1 |      109.9 
 abcijk-ijmb-mkac |   3456 |  3456 |    24 | 1.00 | 0.67 |     123.3 |       123.4 |         116.0 |       65.3 
 abcijk-ijmc-mkab |   3456 |  3456 |    24 | 1.00 | 0.67 |     120.2 |       121.5 |         114.5 |       84.0 
 abcijk-ikma-mjbc |   6912 |  1728 |    24 | 1.00 | 1.00 |     130.0 |       129.3 |         121.1 |      109.8 
 abcijk-ikmb-mjac |   3456 |  3456 |    24 | 1.00 | 0.67 |     123.1 |       123.6 |         116.5 |       90.2 
 abcijk-ikmc-mjab |   3456 |  3456 |    24 | 1.00 | 0.67 |     120.4 |       120.5 |         111.6 |       73.5 
 abcijk-jkma-mibc |   6912 |  1728 |    24 | 1.00 | 1.00 |     133.3 |       133.9 |         124.0 |      111.6 
 abcijk-jkmb-miac |   3456 |  3456 |    24 | 1.00 | 0.67 |     123.3 |       122.7 |         116.2 |       48.3 
 abcijk-jkmc-miab |   3456 |  3456 |    24 | 1.00 | 0.67 |     118.3 |       117.4 |         115.0 |       61.0 
 abcijk-eiab-jkec |   3456 |  3456 |    24 | 1.00 | 0.67 |     119.3 |       119.7 |         114.3 |       60.4 
 abcijk-eiac-jkeb |   3456 |  3456 |    24 | 1.00 | 0.67 |     123.5 |       123.3 |         116.4 |       48.7 
 abcijk-eibc-jkea |   1728 |  6912 |    24 | 1.00 | 1.00 |     133.7 |       132.0 |         122.8 |      110.1 
 abcijk-ejab-ikec |   3456 |  3456 |    24 | 1.00 | 0.67 |     113.2 |       118.5 |         112.9 |       76.3 
 abcijk-ejac-ikeb |   3456 |  3456 |    24 | 1.00 | 0.67 |     121.7 |       121.1 |         116.8 |       89.8 
 abcijk-ejbc-ikea |   1728 |  6912 |    24 | 1.00 | 1.00 |     130.5 |       130.2 |         121.8 |      109.1 
 abcijk-ekab-ijec |   3456 |  3456 |    24 | 1.00 | 0.67 |     118.3 |       118.8 |         112.9 |       83.6 
 abcijk-ekac-ijeb |   3456 |  3456 |    24 | 1.00 | 0.67 |     121.6 |       120.8 |         115.4 |       65.7 
 abcijk-ekbc-ijea |   1728 |  6912 |    24 | 1.00 | 1.00 |     129.1 |       130.5 |         121.6 |      110.3 
       abc-bk-akc |    144 | 18432 |   128 | 1.00 | 1.00 |     165.4 |       169.1 |         162.0 |      121.9 

=== c64 ===
             case |      m |     n |     k | regA | regB | plan GF/s | packed GF/s | upstream GF/s | tblis GF/s 
------------------+--------+-------+-------+------+------+-----------+-------------+---------------+------------
         ij-ik-kj |   1464 |  1448 |  1464 | 1.00 | 1.00 |     190.7 |       190.6 |         189.0 |      186.0 
       ij-ikl-ljk |    144 |   128 | 18432 | 1.00 | 1.00 |     120.3 |       120.9 |         116.5 |      117.8 
       ij-kil-lkj |    144 |   128 | 20736 | 1.00 | 1.00 |     116.1 |       115.7 |         112.0 |      109.2 
       ijk-ikl-lj |  18432 |   128 |   144 | 1.00 | 1.00 |     180.2 |       181.7 |         178.0 |      134.1 
       ijk-il-jlk |    144 | 18432 |   128 | 1.00 | 1.00 |     137.3 |       137.7 |         136.5 |      168.9 
       ijk-ilk-jl |  18432 |   144 |   128 | 1.00 | 1.00 |     190.7 |       191.0 |         187.5 |      147.3 
       ijk-ilk-lj |  18432 |   128 |   144 | 1.00 | 1.00 |     185.1 |       184.5 |         182.4 |      143.0 
     ijk-ilmk-mjl |   1920 |    40 |  1920 | 1.00 | 1.00 |     147.8 |       148.0 |         144.9 |      108.2 
   ijkl-imjn-lnkm |   1920 |  1920 |  1600 | 1.00 | 0.90 |     187.0 |       187.0 |         183.2 |      180.9 
   ijkl-imjn-nlmk |   1920 |  1600 |  1920 | 1.00 | 0.90 |     187.7 |       187.6 |         186.0 |      179.7 
   ijkl-imkn-jnlm |   1920 |  1920 |  1600 | 1.00 | 1.00 |     189.4 |       189.8 |         187.3 |      178.1 
   ijkl-imkn-njml |   1920 |  1600 |  1920 | 1.00 | 0.90 |     189.3 |       189.3 |         187.5 |      178.4 
   ijkl-imln-jnkm |   1920 |  1920 |  1600 | 1.00 | 1.00 |     190.2 |       189.8 |         184.6 |      175.8 
   ijkl-imln-njmk |   1920 |  1600 |  1920 | 1.00 | 0.90 |     186.7 |       188.0 |         183.6 |      177.3 
   ijkl-imnj-nlkm |   1920 |  1600 |  1920 | 1.00 | 0.90 |     188.0 |       187.9 |         186.5 |      181.3 
   ijkl-imnk-njml |   1920 |  1600 |  1920 | 1.00 | 0.90 |     189.7 |       189.7 |         188.1 |      179.6 
   ijkl-minj-nlmk |   1920 |  1600 |  2304 | 1.00 | 0.90 |     185.5 |       185.5 |         183.8 |      178.3 
   ijkl-mink-jnlm |   1920 |  1920 |  1920 | 1.00 | 1.00 |     188.2 |       188.1 |         185.1 |      180.3 
   ijkl-minl-njmk |   1920 |  1600 |  2304 | 1.00 | 0.90 |     187.9 |       187.8 |         185.0 |      179.5 
     aqrs-pa-pqrs |     48 | 64000 |    48 | 1.00 | 1.00 |     148.6 |       147.3 |         143.1 |      107.3 
     abrs-qb-aqrs |     40 | 76800 |    48 | 1.00 | 1.00 |     154.5 |       155.1 |         151.5 |      100.0 
     abcs-rc-abrs |     40 | 76800 |    48 | 1.00 | 1.00 |     149.1 |       149.2 |         143.7 |       95.8 
       abj-bka-kj |  20736 |   128 |   144 | 1.00 | 1.00 |     156.5 |       156.5 |         153.9 |      114.7 
       ajb-kba-jk |  18432 |   144 |   144 | 1.00 | 1.00 |     188.7 |       189.8 |         187.1 |      153.2 
     abjc-cbka-kj |  92160 |    40 |    48 | 1.00 | 1.00 |      70.0 |        71.2 |          68.9 |       74.5 
     ajbc-ckba-jk |  92160 |    48 |    40 | 1.00 | 1.00 |      96.1 |        96.5 |          94.8 |      104.5 
     abjc-kbac-jk |  76800 |    48 |    48 | 1.00 | 1.00 |     155.3 |       155.9 |         152.2 |       77.3 
   abjcd-dkbac-jk | 230400 |    24 |    20 | 0.67 | 1.00 |      67.6 |        67.8 |          64.9 |       61.2 
   adbjc-cbdka-kj | 230400 |    20 |    24 | 0.67 | 1.00 |      37.7 |        36.8 |          36.2 |       45.7 
   ajbdc-ckbad-jk | 230400 |    24 |    20 | 1.00 | 1.00 |      58.3 |        58.4 |          55.3 |       68.1 
 abcijk-ijma-mkbc |   6912 |  1728 |    24 | 1.00 | 1.00 |     170.4 |       170.0 |         165.3 |      142.4 
 abcijk-ijmb-mkac |   3456 |  3456 |    24 | 1.00 | 1.00 |     171.2 |       170.4 |         145.5 |      105.3 
 abcijk-ijmc-mkab |   3456 |  3456 |    24 | 1.00 | 1.00 |     168.8 |       168.8 |         165.5 |      140.4 
 abcijk-ikma-mjbc |   6912 |  1728 |    24 | 1.00 | 1.00 |     169.9 |       167.0 |         164.1 |      142.3 
 abcijk-ikmb-mjac |   3456 |  3456 |    24 | 1.00 | 1.00 |     171.1 |       171.1 |         166.4 |      127.4 
 abcijk-ikmc-mjab |   3456 |  3456 |    24 | 1.00 | 1.00 |     167.5 |       168.5 |         165.7 |      122.8 
 abcijk-jkma-mibc |   6912 |  1728 |    24 | 1.00 | 1.00 |     170.7 |       171.4 |         172.1 |      142.8 
 abcijk-jkmb-miac |   3456 |  3456 |    24 | 1.00 | 1.00 |     171.0 |       172.7 |         166.1 |       83.7 
 abcijk-jkmc-miab |   3456 |  3456 |    24 | 1.00 | 1.00 |     166.7 |       166.7 |         163.1 |      100.0 
 abcijk-eiab-jkec |   3456 |  3456 |    24 | 1.00 | 1.00 |     167.1 |       167.7 |         163.8 |      101.0 
 abcijk-eiac-jkeb |   3456 |  3456 |    24 | 1.00 | 1.00 |     170.9 |       170.7 |         166.0 |       83.9 
 abcijk-eibc-jkea |   1728 |  6912 |    24 | 1.00 | 1.00 |     169.7 |       169.9 |         171.2 |      142.6 
 abcijk-ejab-ikec |   3456 |  3456 |    24 | 1.00 | 1.00 |     169.9 |       167.5 |         163.9 |      124.2 
 abcijk-ejac-ikeb |   3456 |  3456 |    24 | 1.00 | 1.00 |     170.6 |       170.9 |         165.8 |      127.3 
 abcijk-ejbc-ikea |   1728 |  6912 |    24 | 1.00 | 1.00 |     168.6 |       169.1 |         164.6 |      141.9 
 abcijk-ekab-ijec |   3456 |  3456 |    24 | 1.00 | 1.00 |     168.6 |       168.3 |         166.5 |      137.5 
 abcijk-ekac-ijeb |   3456 |  3456 |    24 | 1.00 | 1.00 |     171.0 |       170.6 |         164.5 |      108.3 
 abcijk-ekbc-ijea |   1728 |  6912 |    24 | 1.00 | 1.00 |     169.5 |       169.9 |         165.2 |      142.5 
       abc-bk-akc |    144 | 18432 |   128 | 1.00 | 1.00 |     190.4 |       190.3 |         187.4 |      146.8 

=== complex efficiency ratio (c64 GF/s over f64 GF/s; 1.0 = no penalty) ===
             case | plan c64/f64 | packed c64/f64 | upstream c64/f64 | tblis c64/f64 
------------------+--------------+----------------+------------------+---------------
         ij-ik-kj |        1.320 |          1.461 |            1.482 |         1.073 
       ij-ikl-ljk |        1.162 |          1.191 |            1.182 |         1.320 
       ij-kil-lkj |        1.188 |          1.181 |            1.145 |         1.372 
       ijk-ikl-lj |        1.151 |          1.150 |            1.123 |         1.289 
       ijk-il-jlk |        1.215 |          1.214 |            1.297 |         1.199 
       ijk-ilk-jl |        1.132 |          1.159 |            1.141 |         1.202 
       ijk-ilk-lj |        1.130 |          1.108 |            1.121 |         1.237 
     ijk-ilmk-mjl |        1.221 |          1.087 |            1.114 |         1.305 
   ijkl-imjn-lnkm |        1.040 |          1.042 |            1.043 |         1.022 
   ijkl-imjn-nlmk |        1.037 |          1.037 |            1.047 |         1.047 
   ijkl-imkn-jnlm |        1.039 |          1.049 |            1.064 |         1.004 
   ijkl-imkn-njml |        1.038 |          1.038 |            1.061 |         1.037 
   ijkl-imln-jnkm |        1.046 |          1.044 |            1.049 |         0.995 
   ijkl-imln-njmk |        1.033 |          1.042 |            1.051 |         1.032 
   ijkl-imnj-nlkm |        1.046 |          1.046 |            1.909 |         1.052 
   ijkl-imnk-njml |        1.037 |          1.037 |            1.058 |         1.021 
   ijkl-minj-nlmk |        1.045 |          1.046 |            1.049 |         1.044 
   ijkl-mink-jnlm |        1.047 |          1.047 |            1.055 |         1.013 
   ijkl-minl-njmk |        1.047 |          1.049 |            1.045 |         1.045 
     aqrs-pa-pqrs |        1.247 |          1.346 |            1.452 |         1.762 
     abrs-qb-aqrs |        1.268 |          1.293 |            1.233 |         1.578 
     abcs-rc-abrs |        1.356 |          1.370 |            1.360 |         1.642 
       abj-bka-kj |        1.151 |          1.146 |            1.162 |         1.424 
       ajb-kba-jk |        1.180 |          1.184 |            1.235 |         1.212 
     abjc-cbka-kj |        2.519 |          2.575 |            2.595 |         1.795 
     ajbc-ckba-jk |        2.099 |          2.101 |            2.158 |         1.588 
     abjc-kbac-jk |        1.547 |          1.511 |            1.566 |         1.405 
   abjcd-dkbac-jk |        2.142 |          2.145 |            2.197 |         2.040 
   adbjc-cbdka-kj |        2.289 |          2.214 |            2.280 |         2.589 
   ajbdc-ckbad-jk |        1.832 |          1.835 |            1.854 |         2.091 
 abcijk-ijma-mkbc |        1.302 |          1.295 |            1.354 |         1.296 
 abcijk-ijmb-mkac |        1.389 |          1.381 |            1.254 |         1.614 
 abcijk-ijmc-mkab |        1.404 |          1.389 |            1.445 |         1.672 
 abcijk-ikma-mjbc |        1.307 |          1.292 |            1.355 |         1.296 
 abcijk-ikmb-mjac |        1.390 |          1.384 |            1.428 |         1.412 
 abcijk-ikmc-mjab |        1.391 |          1.399 |            1.485 |         1.670 
 abcijk-jkma-mibc |        1.281 |          1.280 |            1.388 |         1.280 
 abcijk-jkmb-miac |        1.387 |          1.408 |            1.429 |         1.734 
 abcijk-jkmc-miab |        1.410 |          1.419 |            1.418 |         1.639 
 abcijk-eiab-jkec |        1.400 |          1.402 |            1.433 |         1.671 
 abcijk-eiac-jkeb |        1.384 |          1.384 |            1.426 |         1.724 
 abcijk-eibc-jkea |        1.269 |          1.287 |            1.395 |         1.295 
 abcijk-ejab-ikec |        1.500 |          1.414 |            1.452 |         1.628 
 abcijk-ejac-ikeb |        1.401 |          1.411 |            1.420 |         1.417 
 abcijk-ejbc-ikea |        1.292 |          1.299 |            1.352 |         1.301 
 abcijk-ekab-ijec |        1.426 |          1.417 |            1.475 |         1.645 
 abcijk-ekac-ijeb |        1.406 |          1.412 |            1.426 |         1.649 
 abcijk-ekbc-ijea |        1.312 |          1.302 |            1.358 |         1.291 
       abc-bk-akc |        1.151 |          1.126 |            1.157 |         1.204 
             MEAN |        1.335 |          1.336 |            1.379 |         1.405 

wrote /home/shinaoka/projects/tensor4all/tprims-rs/benchmarks/benchmarks/tcbench/results/scatter-wired/baseline/A-16m-4t.pending.csv
