# threads: requested=1 pool=1 budget=1
host        : shinaoka-EVO-X1Pro
target      : x86_64 / linux
cpu features: avx2 fma avx512f avx512dq 
caches      : L1=48KiB/12-way/2sh L2=1024KiB/16-way/2sh L3=16384KiB/16-way/8sh (via sysfs), blocking=legacy
l3 domains  : t1=1
baselines   : tblis=true blas=false
tblis       : abi 2.x, 1 thread(s)

running 49 cases at 1 MiB nominal tensor size, 5 reps, stress=none


=== f64 ===
             case |     m |    n |    k | regA | regB | plan GF/s | packed GF/s | upstream GF/s | tblis GF/s 
------------------+-------+------+------+------+------+-----------+-------------+---------------+------------
         ij-ik-kj |   384 |  364 |  384 | 0.00 | 0.00 |      37.1 |        34.8 |          34.2 |       29.7 
       ij-ikl-ljk |    72 |   52 | 3744 | 1.00 | 1.00 |      38.0 |        38.2 |          36.8 |       21.9 
       ij-kil-lkj |    72 |   52 | 5184 | 1.00 | 1.00 |      35.3 |        35.4 |          34.2 |       21.4 
       ijk-ikl-lj |  3744 |   52 |   72 | 1.00 | 1.00 |      42.8 |        42.8 |          41.5 |       26.1 
       ijk-il-jlk |    72 | 3744 |   52 | 1.00 | 1.00 |      43.8 |        43.8 |          41.6 |       29.2 
       ijk-ilk-jl |  3744 |   72 |   52 | 1.00 | 1.00 |      45.4 |        45.6 |          43.8 |       30.5 
       ijk-ilk-lj |  3744 |   52 |   72 | 1.00 | 1.00 |      42.8 |        42.8 |          41.7 |       26.5 
     ijk-ilmk-mjl |   480 |   20 |  480 | 1.00 | 1.00 |      35.7 |        35.7 |          35.0 |       16.0 
   ijkl-imjn-lnkm |   480 |  480 |  400 | 1.00 | 0.80 |      48.3 |        48.4 |          47.7 |       41.7 
   ijkl-imjn-nlmk |   480 |  400 |  480 | 1.00 | 0.80 |      49.1 |        49.2 |          48.6 |       40.5 
   ijkl-imkn-jnlm |   480 |  480 |  400 | 1.00 | 1.00 |      49.1 |        49.0 |          48.5 |       42.1 
   ijkl-imkn-njml |   480 |  400 |  480 | 1.00 | 0.80 |      49.5 |        49.4 |          48.8 |       40.5 
   ijkl-imln-jnkm |   480 |  480 |  400 | 1.00 | 1.00 |      49.2 |        49.2 |          48.3 |       42.0 
   ijkl-imln-njmk |   480 |  400 |  480 | 1.00 | 0.80 |      49.3 |        49.5 |          48.8 |       41.2 
   ijkl-imnj-nlkm |   480 |  400 |  480 | 1.00 | 0.80 |      49.1 |        49.4 |          48.7 |       42.0 
   ijkl-imnk-njml |   480 |  400 |  480 | 1.00 | 0.80 |      49.4 |        49.5 |          48.9 |       42.1 
   ijkl-minj-nlmk |   480 |  400 |  576 | 1.00 | 0.80 |      48.1 |        48.1 |          47.3 |       41.2 
   ijkl-mink-jnlm |   480 |  480 |  480 | 1.00 | 1.00 |      48.9 |        48.7 |          47.8 |       41.0 
   ijkl-minl-njmk |   480 |  400 |  576 | 1.00 | 0.80 |      48.1 |        48.5 |          47.6 |       41.5 
     aqrs-pa-pqrs |    24 | 8000 |   24 | 0.00 | 0.00 |      48.8 |        32.7 |          30.6 |       14.0 
     abrs-qb-aqrs |    20 | 9600 |   24 | 1.00 | 1.00 |      32.0 |        32.1 |          30.2 |       13.2 
     abcs-rc-abrs |    20 | 9600 |   24 | 1.00 | 1.00 |      31.6 |        31.6 |          29.7 |       13.3 
       abj-bka-kj |  5184 |   52 |   72 | 1.00 | 1.00 |      35.3 |        34.9 |          33.4 |       23.5 
       ajb-kba-jk |  3744 |   72 |   72 | 1.00 | 1.00 |      43.3 |        44.0 |          42.5 |       29.5 
     abjc-cbka-kj | 11520 |   20 |   24 | 1.00 | 1.00 |      19.9 |        20.3 |          17.1 |       13.1 
     ajbc-ckba-jk | 11520 |   24 |   20 | 1.00 | 1.00 |      26.3 |        26.3 |          23.4 |       14.7 
     abjc-kbac-jk |  9600 |   24 |   24 | 1.00 | 1.00 |      33.7 |        34.1 |          32.4 |       16.1 
   abjcd-dkbac-jk | 82944 |   24 |   12 | 1.00 | 1.00 |      15.5 |        15.7 |          14.4 |        8.2 
   adbjc-cbdka-kj | 82944 |   12 |   24 | 1.00 | 1.00 |       5.5 |         5.6 |           5.3 |        6.3 
   ajbdc-ckbad-jk | 82944 |   24 |   12 | 1.00 | 1.00 |      15.6 |        15.6 |          14.9 |        8.8 
 abcijk-ijma-mkbc |  4608 |  512 |   24 | 1.00 | 1.00 |      40.3 |        40.3 |          38.2 |       28.1 
 abcijk-ijmb-mkac |  1536 | 1536 |   24 | 1.00 | 1.00 |      42.1 |        42.0 |          40.7 |       26.2 
 abcijk-ijmc-mkab |  1536 | 1536 |   24 | 1.00 | 1.00 |      41.7 |        41.8 |          39.7 |       32.2 
 abcijk-ikma-mjbc |  4608 |  512 |   24 | 1.00 | 1.00 |      40.0 |        40.3 |          38.4 |       27.9 
 abcijk-ikmb-mjac |  1536 | 1536 |   24 | 1.00 | 1.00 |      42.3 |        42.4 |          40.6 |       27.1 
 abcijk-ikmc-mjab |  1536 | 1536 |   24 | 1.00 | 1.00 |      41.2 |        41.8 |          39.7 |       28.7 
 abcijk-jkma-mibc |  4608 |  512 |   24 | 1.00 | 1.00 |      40.2 |        40.1 |          38.2 |       31.3 
 abcijk-jkmb-miac |  1536 | 1536 |   24 | 1.00 | 1.00 |      41.8 |        42.5 |          40.6 |       21.8 
 abcijk-jkmc-miab |  1536 | 1536 |   24 | 1.00 | 1.00 |      41.7 |        41.9 |          39.7 |       29.9 
 abcijk-eiab-jkec |  1536 | 1536 |   24 | 1.00 | 1.00 |      41.7 |        41.7 |          39.7 |       30.3 
 abcijk-eiac-jkeb |  1536 | 1536 |   24 | 1.00 | 1.00 |      41.8 |        42.2 |          40.3 |       21.7 
 abcijk-eibc-jkea |   512 | 4608 |   24 | 1.00 | 1.00 |      40.4 |        40.5 |          38.5 |       31.1 
 abcijk-ejab-ikec |  1536 | 1536 |   24 | 1.00 | 1.00 |      41.3 |        42.1 |          39.8 |       29.4 
 abcijk-ejac-ikeb |  1536 | 1536 |   24 | 1.00 | 1.00 |      42.0 |        42.2 |          40.3 |       26.8 
 abcijk-ejbc-ikea |   512 | 4608 |   24 | 1.00 | 1.00 |      40.3 |        40.3 |          38.1 |       28.1 
 abcijk-ekab-ijec |  1536 | 1536 |   24 | 1.00 | 1.00 |      41.5 |        41.9 |          39.8 |       32.5 
 abcijk-ekac-ijeb |  1536 | 1536 |   24 | 1.00 | 1.00 |      41.4 |        42.2 |          40.5 |       25.9 
 abcijk-ekbc-ijea |   512 | 4608 |   24 | 1.00 | 1.00 |      40.3 |        40.4 |          38.5 |       28.1 
       abc-bk-akc |    72 | 3744 |   52 | 1.00 | 1.00 |      45.7 |        45.8 |          44.5 |       31.0 

=== c64 ===
             case |     m |    n |    k | regA | regB | plan GF/s | packed GF/s | upstream GF/s | tblis GF/s 
------------------+-------+------+------+------+------+-----------+-------------+---------------+------------
         ij-ik-kj |   384 |  364 |  384 | 1.00 | 1.00 |      35.0 |        35.1 |          34.6 |       41.0 
       ij-ikl-ljk |    72 |   52 | 3744 | 1.00 | 1.00 |      37.5 |        37.7 |          36.4 |       30.3 
       ij-kil-lkj |    72 |   52 | 5184 | 1.00 | 1.00 |      32.6 |        32.7 |          31.9 |       29.1 
       ijk-ikl-lj |  3744 |   52 |   72 | 1.00 | 1.00 |      44.2 |        44.2 |          43.8 |       29.0 
       ijk-il-jlk |    72 | 3744 |   52 | 1.00 | 1.00 |      41.2 |        39.1 |          38.2 |       37.7 
       ijk-ilk-jl |  3744 |   72 |   52 | 0.89 | 1.00 |      46.7 |        46.2 |          45.6 |       35.1 
       ijk-ilk-lj |  3744 |   52 |   72 | 0.89 | 1.00 |      44.5 |        44.2 |          43.8 |       29.9 
     ijk-ilmk-mjl |   480 |   20 |  480 | 0.67 | 1.00 |      37.5 |        37.4 |          36.8 |       28.8 
   ijkl-imjn-lnkm |   480 |  480 |  400 | 0.67 | 0.80 |      48.0 |        48.0 |          47.5 |       44.2 
   ijkl-imjn-nlmk |   480 |  400 |  480 | 0.67 | 0.81 |      48.2 |        48.1 |          47.7 |       43.8 
   ijkl-imkn-jnlm |   480 |  480 |  400 | 0.67 | 1.00 |      47.9 |        48.0 |          47.1 |       44.6 
   ijkl-imkn-njml |   480 |  400 |  480 | 0.67 | 0.81 |      48.1 |        48.0 |          47.5 |       43.7 
   ijkl-imln-jnkm |   480 |  480 |  400 | 0.67 | 1.00 |      48.1 |        48.1 |          47.4 |       44.8 
   ijkl-imln-njmk |   480 |  400 |  480 | 0.67 | 0.81 |      48.1 |        48.1 |          47.6 |       44.3 
   ijkl-imnj-nlkm |   480 |  400 |  480 | 0.67 | 0.81 |      48.1 |        48.2 |          47.8 |       44.3 
   ijkl-imnk-njml |   480 |  400 |  480 | 0.67 | 0.81 |      48.1 |        48.1 |          47.6 |       44.1 
   ijkl-minj-nlmk |   480 |  400 |  576 | 0.67 | 0.81 |      46.6 |        46.6 |          45.9 |       43.5 
   ijkl-mink-jnlm |   480 |  480 |  480 | 0.67 | 1.00 |      47.7 |        47.7 |          46.8 |       44.3 
   ijkl-minl-njmk |   480 |  400 |  576 | 0.67 | 0.81 |      46.7 |        46.7 |          45.9 |       44.1 
     aqrs-pa-pqrs |    24 | 8000 |   24 | 1.00 | 1.00 |      30.6 |        30.0 |          28.9 |       25.4 
     abrs-qb-aqrs |    20 | 9600 |   24 | 1.00 | 1.00 |      40.0 |        39.8 |          38.1 |       22.6 
     abcs-rc-abrs |    20 | 9600 |   24 | 1.00 | 1.00 |      33.8 |        33.7 |          32.5 |       23.2 
       abj-bka-kj |  5184 |   52 |   72 | 0.89 | 1.00 |      40.9 |        40.8 |          40.3 |       28.3 
       ajb-kba-jk |  3744 |   72 |   72 | 0.89 | 1.00 |      45.4 |        44.0 |          42.6 |       31.9 
     abjc-cbka-kj | 11520 |   20 |   24 | 0.67 | 1.00 |      25.8 |        26.1 |          24.9 |       22.6 
     ajbc-ckba-jk | 11520 |   24 |   20 | 1.00 | 1.00 |      27.9 |        28.7 |          26.9 |       21.6 
     abjc-kbac-jk |  9600 |   24 |   24 | 0.67 | 1.00 |      37.2 |        37.1 |          34.6 |       25.4 
   abjcd-dkbac-jk | 82944 |   24 |   12 | 0.67 | 1.00 |      22.2 |        22.3 |          20.6 |       16.0 
   adbjc-cbdka-kj | 82944 |   12 |   24 | 0.67 | 1.00 |      10.3 |        10.3 |          10.0 |       13.8 
   ajbdc-ckbad-jk | 82944 |   24 |   12 | 1.00 | 1.00 |      25.3 |        25.6 |          23.6 |       15.7 
 abcijk-ijma-mkbc |  4608 |  512 |   24 | 1.00 | 0.97 |      42.6 |        42.5 |          40.7 |       32.8 
 abcijk-ijmb-mkac |  1536 | 1536 |   24 | 1.00 | 0.75 |      45.1 |        45.1 |          42.8 |       32.8 
 abcijk-ijmc-mkab |  1536 | 1536 |   24 | 1.00 | 0.50 |      45.0 |        45.0 |          42.6 |       37.5 
 abcijk-ikma-mjbc |  4608 |  512 |   24 | 1.00 | 0.97 |      42.7 |        42.4 |          41.1 |       32.8 
 abcijk-ikmb-mjac |  1536 | 1536 |   24 | 1.00 | 0.75 |      45.2 |        45.0 |          42.8 |       33.9 
 abcijk-ikmc-mjab |  1536 | 1536 |   24 | 1.00 | 0.50 |      45.0 |        45.0 |          42.5 |       35.4 
 abcijk-jkma-mibc |  4608 |  512 |   24 | 1.00 | 0.97 |      42.6 |        42.5 |          40.7 |       35.8 
 abcijk-jkmb-miac |  1536 | 1536 |   24 | 1.00 | 0.75 |      45.1 |        45.5 |          43.1 |       29.9 
 abcijk-jkmc-miab |  1536 | 1536 |   24 | 1.00 | 0.50 |      45.0 |        44.9 |          42.4 |       36.9 
 abcijk-eiab-jkec |  1536 | 1536 |   24 | 1.00 | 0.50 |      44.9 |        45.0 |          42.4 |       36.9 
 abcijk-eiac-jkeb |  1536 | 1536 |   24 | 1.00 | 0.75 |      44.7 |        44.7 |          42.0 |       29.8 
 abcijk-eibc-jkea |   512 | 4608 |   24 | 1.00 | 0.97 |      42.7 |        42.5 |          41.1 |       36.7 
 abcijk-ejab-ikec |  1536 | 1536 |   24 | 1.00 | 0.50 |      45.1 |        45.0 |          42.5 |       34.8 
 abcijk-ejac-ikeb |  1536 | 1536 |   24 | 1.00 | 0.75 |      45.2 |        45.5 |          42.9 |       33.9 
 abcijk-ejbc-ikea |   512 | 4608 |   24 | 1.00 | 0.97 |      42.6 |        42.4 |          40.8 |       32.9 
 abcijk-ekab-ijec |  1536 | 1536 |   24 | 1.00 | 0.50 |      45.0 |        45.0 |          42.6 |       37.8 
 abcijk-ekac-ijeb |  1536 | 1536 |   24 | 1.00 | 0.75 |      44.8 |        44.8 |          42.4 |       33.2 
 abcijk-ekbc-ijea |   512 | 4608 |   24 | 1.00 | 0.97 |      42.5 |        42.4 |          40.8 |       32.9 
       abc-bk-akc |    72 | 3744 |   52 | 0.89 | 1.00 |      46.9 |        46.1 |          45.2 |       34.9 

=== complex efficiency ratio (c64 GF/s over f64 GF/s; 1.0 = no penalty) ===
             case | plan c64/f64 | packed c64/f64 | upstream c64/f64 | tblis c64/f64 
------------------+--------------+----------------+------------------+---------------
         ij-ik-kj |        0.943 |          1.007 |            1.013 |         1.379 
       ij-ikl-ljk |        0.986 |          0.986 |            0.988 |         1.385 
       ij-kil-lkj |        0.922 |          0.923 |            0.932 |         1.363 
       ijk-ikl-lj |        1.034 |          1.032 |            1.056 |         1.112 
       ijk-il-jlk |        0.941 |          0.893 |            0.918 |         1.291 
       ijk-ilk-jl |        1.028 |          1.014 |            1.041 |         1.153 
       ijk-ilk-lj |        1.040 |          1.032 |            1.051 |         1.131 
     ijk-ilmk-mjl |        1.052 |          1.050 |            1.050 |         1.802 
   ijkl-imjn-lnkm |        0.992 |          0.993 |            0.996 |         1.060 
   ijkl-imjn-nlmk |        0.980 |          0.978 |            0.981 |         1.083 
   ijkl-imkn-jnlm |        0.975 |          0.979 |            0.971 |         1.060 
   ijkl-imkn-njml |        0.972 |          0.973 |            0.974 |         1.080 
   ijkl-imln-jnkm |        0.978 |          0.978 |            0.982 |         1.065 
   ijkl-imln-njmk |        0.976 |          0.973 |            0.975 |         1.075 
   ijkl-imnj-nlkm |        0.980 |          0.975 |            0.981 |         1.053 
   ijkl-imnk-njml |        0.974 |          0.970 |            0.973 |         1.049 
   ijkl-minj-nlmk |        0.969 |          0.969 |            0.970 |         1.055 
   ijkl-mink-jnlm |        0.975 |          0.979 |            0.979 |         1.081 
   ijkl-minl-njmk |        0.972 |          0.962 |            0.964 |         1.061 
     aqrs-pa-pqrs |        0.627 |          0.919 |            0.944 |         1.815 
     abrs-qb-aqrs |        1.252 |          1.240 |            1.261 |         1.706 
     abcs-rc-abrs |        1.072 |          1.064 |            1.094 |         1.748 
       abj-bka-kj |        1.159 |          1.171 |            1.205 |         1.201 
       ajb-kba-jk |        1.048 |          1.001 |            1.002 |         1.082 
     abjc-cbka-kj |        1.294 |          1.283 |            1.457 |         1.724 
     ajbc-ckba-jk |        1.061 |          1.091 |            1.149 |         1.473 
     abjc-kbac-jk |        1.104 |          1.088 |            1.066 |         1.580 
   abjcd-dkbac-jk |        1.433 |          1.414 |            1.432 |         1.955 
   adbjc-cbdka-kj |        1.859 |          1.833 |            1.886 |         2.202 
   ajbdc-ckbad-jk |        1.624 |          1.637 |            1.584 |         1.787 
 abcijk-ijma-mkbc |        1.055 |          1.055 |            1.065 |         1.169 
 abcijk-ijmb-mkac |        1.071 |          1.072 |            1.052 |         1.253 
 abcijk-ijmc-mkab |        1.079 |          1.077 |            1.072 |         1.166 
 abcijk-ikma-mjbc |        1.066 |          1.050 |            1.072 |         1.175 
 abcijk-ikmb-mjac |        1.067 |          1.060 |            1.054 |         1.248 
 abcijk-ikmc-mjab |        1.091 |          1.077 |            1.069 |         1.232 
 abcijk-jkma-mibc |        1.058 |          1.058 |            1.064 |         1.146 
 abcijk-jkmb-miac |        1.080 |          1.072 |            1.061 |         1.372 
 abcijk-jkmc-miab |        1.079 |          1.072 |            1.067 |         1.233 
 abcijk-eiab-jkec |        1.078 |          1.079 |            1.067 |         1.217 
 abcijk-eiac-jkeb |        1.070 |          1.061 |            1.041 |         1.374 
 abcijk-eibc-jkea |        1.058 |          1.050 |            1.068 |         1.177 
 abcijk-ejab-ikec |        1.092 |          1.069 |            1.067 |         1.182 
 abcijk-ejac-ikeb |        1.076 |          1.078 |            1.064 |         1.263 
 abcijk-ejbc-ikea |        1.057 |          1.052 |            1.073 |         1.173 
 abcijk-ekab-ijec |        1.084 |          1.074 |            1.071 |         1.163 
 abcijk-ekac-ijeb |        1.082 |          1.063 |            1.046 |         1.280 
 abcijk-ekbc-ijea |        1.055 |          1.049 |            1.059 |         1.169 
       abc-bk-akc |        1.027 |          1.005 |            1.016 |         1.127 
             MEAN |        1.072 |          1.073 |            1.082 |         1.301 

wrote /home/shinaoka/projects/tensor4all/tprims-rs/benchmarks/benchmarks/tcbench/results/scatter-wired/baseline/A-1m-1t.pending.csv
