# threads: requested=8 pool=8 budget=8
host        : shinaoka-EVO-X1Pro
target      : x86_64 / linux
cpu features: avx2 fma avx512f avx512dq 
caches      : L1=48KiB/12-way/2sh L2=1024KiB/16-way/2sh L3=16384KiB/16-way/8sh (via sysfs), blocking=legacy
l3 domains  : t1=1 t4=1 t8=2 t16=4
baselines   : tblis=true blas=false
tblis       : abi 2.x, 8 thread(s)

running 49 cases at 1 MiB nominal tensor size, 5 reps, stress=none


=== f64 ===
             case |     m |    n |    k | regA | regB | plan GF/s | packed GF/s | upstream GF/s | tblis GF/s 
------------------+-------+------+------+------+------+-----------+-------------+---------------+------------
         ij-ik-kj |   384 |  364 |  384 | 0.00 | 0.00 |     239.3 |       254.7 |         191.8 |      177.0 
       ij-ikl-ljk |    72 |   52 | 3744 | 1.00 | 1.00 |      90.4 |        93.4 |          67.4 |       47.7 
       ij-kil-lkj |    72 |   52 | 5184 | 1.00 | 1.00 |      89.6 |        88.9 |          70.5 |       48.2 
       ijk-ikl-lj |  3744 |   52 |   72 | 1.00 | 1.00 |      27.1 |       195.0 |         104.4 |      120.9 
       ijk-il-jlk |    72 | 3744 |   52 | 1.00 | 1.00 |     214.1 |       215.2 |         122.8 |      128.4 
       ijk-ilk-jl |  3744 |   72 |   52 | 1.00 | 1.00 |      61.9 |       111.5 |          79.1 |      130.2 
       ijk-ilk-lj |  3744 |   52 |   72 | 1.00 | 1.00 |     198.3 |       202.3 |         112.9 |      118.9 
     ijk-ilmk-mjl |   480 |   20 |  480 | 1.00 | 1.00 |      17.2 |        17.2 |          45.5 |       57.2 
   ijkl-imjn-lnkm |   480 |  480 |  400 | 1.00 | 0.80 |     215.4 |       216.1 |         189.5 |      185.9 
   ijkl-imjn-nlmk |   480 |  400 |  480 | 1.00 | 0.80 |     257.6 |       259.7 |         227.5 |      232.1 
   ijkl-imkn-jnlm |   480 |  480 |  400 | 1.00 | 1.00 |     306.7 |       306.8 |         267.8 |      266.1 
   ijkl-imkn-njml |   480 |  400 |  480 | 1.00 | 0.80 |     308.2 |       313.0 |         269.6 |      262.4 
   ijkl-imln-jnkm |   480 |  480 |  400 | 1.00 | 1.00 |     308.7 |       308.8 |         265.0 |      266.9 
   ijkl-imln-njmk |   480 |  400 |  480 | 1.00 | 0.80 |     312.4 |       315.2 |         269.8 |      266.2 
   ijkl-imnj-nlkm |   480 |  400 |  480 | 1.00 | 0.80 |     309.2 |       309.6 |         263.5 |      262.1 
   ijkl-imnk-njml |   480 |  400 |  480 | 1.00 | 0.80 |     307.8 |       314.4 |         266.4 |      262.4 
   ijkl-minj-nlmk |   480 |  400 |  576 | 1.00 | 0.80 |     293.4 |       303.6 |         259.7 |      254.8 
   ijkl-mink-jnlm |   480 |  480 |  480 | 1.00 | 1.00 |     298.5 |       310.2 |         268.9 |      260.8 
   ijkl-minl-njmk |   480 |  400 |  576 | 1.00 | 0.80 |     303.4 |       309.9 |         269.0 |      261.6 
     aqrs-pa-pqrs |    24 | 8000 |   24 | 0.00 | 0.00 |     256.4 |       181.5 |          74.5 |       62.5 
     abrs-qb-aqrs |    20 | 9600 |   24 | 1.00 | 1.00 |     166.7 |       172.1 |          52.5 |       58.7 
     abcs-rc-abrs |    20 | 9600 |   24 | 1.00 | 1.00 |     164.2 |       163.7 |          52.8 |       58.7 
       abj-bka-kj |  5184 |   52 |   72 | 1.00 | 1.00 |     244.0 |       246.6 |         135.1 |      159.0 
       ajb-kba-jk |  3744 |   72 |   72 | 1.00 | 1.00 |     299.8 |       305.2 |         167.3 |      198.9 
     abjc-cbka-kj | 11520 |   20 |   24 | 1.00 | 1.00 |      72.0 |        70.7 |          36.7 |       57.4 
     ajbc-ckba-jk | 11520 |   24 |   20 | 1.00 | 1.00 |     112.1 |       122.7 |          54.5 |       62.5 
     abjc-kbac-jk |  9600 |   24 |   24 | 1.00 | 1.00 |      26.9 |       183.0 |          65.5 |       68.9 
   abjcd-dkbac-jk | 82944 |   24 |   12 | 1.00 | 1.00 |      46.1 |        51.7 |          42.2 |       31.6 
   adbjc-cbdka-kj | 82944 |   12 |   24 | 1.00 | 1.00 |      16.0 |        15.7 |          14.5 |       22.9 
   ajbdc-ckbad-jk | 82944 |   24 |   12 | 1.00 | 1.00 |      48.6 |        48.8 |          40.8 |       32.4 
 abcijk-ijma-mkbc |  4608 |  512 |   24 | 1.00 | 1.00 |     160.6 |       176.4 |         150.3 |      167.5 
 abcijk-ijmb-mkac |  1536 | 1536 |   24 | 1.00 | 1.00 |     195.8 |       226.7 |         176.8 |      102.8 
 abcijk-ijmc-mkab |  1536 | 1536 |   24 | 1.00 | 1.00 |     188.4 |       192.9 |         165.5 |      126.6 
 abcijk-ikma-mjbc |  4608 |  512 |   24 | 1.00 | 1.00 |     144.3 |       149.7 |         137.5 |      168.1 
 abcijk-ikmb-mjac |  1536 | 1536 |   24 | 1.00 | 1.00 |     184.0 |       208.4 |         177.6 |      145.3 
 abcijk-ikmc-mjab |  1536 | 1536 |   24 | 1.00 | 1.00 |     198.3 |       187.1 |         156.1 |      107.9 
 abcijk-jkma-mibc |  4608 |  512 |   24 | 1.00 | 1.00 |     155.4 |       164.7 |         132.9 |      170.0 
 abcijk-jkmb-miac |  1536 | 1536 |   24 | 1.00 | 1.00 |     205.5 |       225.5 |         178.7 |      104.2 
 abcijk-jkmc-miab |  1536 | 1536 |   24 | 1.00 | 1.00 |     190.0 |       205.3 |         166.3 |      114.1 
 abcijk-eiab-jkec |  1536 | 1536 |   24 | 1.00 | 1.00 |     206.3 |       227.7 |         165.1 |      123.0 
 abcijk-eiac-jkeb |  1536 | 1536 |   24 | 1.00 | 1.00 |     199.1 |       216.1 |         176.3 |      102.4 
 abcijk-eibc-jkea |   512 | 4608 |   24 | 1.00 | 1.00 |     152.4 |       155.0 |         137.0 |      172.1 
 abcijk-ejab-ikec |  1536 | 1536 |   24 | 1.00 | 1.00 |     191.1 |       228.4 |         171.2 |      124.4 
 abcijk-ejac-ikeb |  1536 | 1536 |   24 | 1.00 | 1.00 |     202.3 |       207.3 |         172.5 |      154.3 
 abcijk-ejbc-ikea |   512 | 4608 |   24 | 1.00 | 1.00 |     147.2 |       164.6 |         139.3 |      170.2 
 abcijk-ekab-ijec |  1536 | 1536 |   24 | 1.00 | 1.00 |     198.7 |       226.9 |         166.7 |      145.1 
 abcijk-ekac-ijeb |  1536 | 1536 |   24 | 1.00 | 1.00 |     204.1 |       233.0 |         167.4 |      102.7 
 abcijk-ekbc-ijea |   512 | 4608 |   24 | 1.00 | 1.00 |     153.4 |       163.9 |         137.3 |      162.0 
       abc-bk-akc |    72 | 3744 |   52 | 1.00 | 1.00 |     156.2 |       155.8 |         109.7 |      180.7 

=== c64 ===
             case |     m |    n |    k | regA | regB | plan GF/s | packed GF/s | upstream GF/s | tblis GF/s 
------------------+-------+------+------+------+------+-----------+-------------+---------------+------------
         ij-ik-kj |   384 |  364 |  384 | 1.00 | 1.00 |     268.8 |       272.3 |         237.1 |      235.1 
       ij-ikl-ljk |    72 |   52 | 3744 | 1.00 | 1.00 |     116.4 |       117.6 |         102.0 |      117.3 
       ij-kil-lkj |    72 |   52 | 5184 | 1.00 | 1.00 |     104.3 |       104.1 |          91.5 |      111.3 
       ijk-ikl-lj |  3744 |   52 |   72 | 1.00 | 1.00 |     237.0 |       236.3 |         187.0 |      186.0 
       ijk-il-jlk |    72 | 3744 |   52 | 1.00 | 1.00 |     224.5 |       225.4 |         182.5 |      204.4 
       ijk-ilk-jl |  3744 |   72 |   52 | 0.89 | 1.00 |     161.2 |       162.8 |         136.3 |      204.5 
       ijk-ilk-lj |  3744 |   52 |   72 | 0.89 | 1.00 |     233.6 |       239.7 |         188.2 |      186.9 
     ijk-ilmk-mjl |   480 |   20 |  480 | 0.67 | 1.00 |     168.0 |       169.8 |         110.7 |      138.4 
   ijkl-imjn-lnkm |   480 |  480 |  400 | 0.67 | 0.80 |     243.3 |       243.0 |         228.1 |      239.1 
   ijkl-imjn-nlmk |   480 |  400 |  480 | 0.67 | 0.81 |     315.4 |       316.6 |         297.6 |      302.0 
   ijkl-imkn-jnlm |   480 |  480 |  400 | 0.67 | 1.00 |     338.1 |       338.4 |         311.7 |      295.2 
   ijkl-imkn-njml |   480 |  400 |  480 | 0.67 | 0.81 |     342.3 |       341.6 |         320.6 |      311.9 
   ijkl-imln-jnkm |   480 |  480 |  400 | 0.67 | 1.00 |     340.9 |       340.4 |         313.4 |      299.4 
   ijkl-imln-njmk |   480 |  400 |  480 | 0.67 | 0.81 |     342.2 |       343.4 |         321.7 |      315.2 
   ijkl-imnj-nlkm |   480 |  400 |  480 | 0.67 | 0.81 |     341.7 |       340.0 |         319.2 |      314.7 
   ijkl-imnk-njml |   480 |  400 |  480 | 0.67 | 0.81 |     341.0 |       341.3 |         328.0 |      320.2 
   ijkl-minj-nlmk |   480 |  400 |  576 | 0.67 | 0.81 |     333.1 |       331.3 |         307.4 |      300.0 
   ijkl-mink-jnlm |   480 |  480 |  480 | 0.67 | 1.00 |     337.9 |       340.2 |         321.0 |      305.8 
   ijkl-minl-njmk |   480 |  400 |  576 | 0.67 | 0.81 |     335.5 |       335.5 |         313.3 |      309.6 
     aqrs-pa-pqrs |    24 | 8000 |   24 | 1.00 | 1.00 |     172.4 |       177.2 |         127.6 |      150.2 
     abrs-qb-aqrs |    20 | 9600 |   24 | 1.00 | 1.00 |     272.0 |       271.6 |         148.9 |      142.3 
     abcs-rc-abrs |    20 | 9600 |   24 | 1.00 | 1.00 |     240.8 |       246.3 |         142.0 |      142.1 
       abj-bka-kj |  5184 |   52 |   72 | 0.89 | 1.00 |     310.7 |       304.8 |         239.7 |      187.7 
       ajb-kba-jk |  3744 |   72 |   72 | 0.89 | 1.00 |     345.4 |       349.1 |         272.0 |      256.9 
     abjc-cbka-kj | 11520 |   20 |   24 | 0.67 | 1.00 |     173.2 |       176.3 |         114.3 |      126.3 
     ajbc-ckba-jk | 11520 |   24 |   20 | 1.00 | 1.00 |      40.1 |        40.4 |          30.7 |      127.9 
     abjc-kbac-jk |  9600 |   24 |   24 | 0.67 | 1.00 |     260.7 |       275.9 |         159.4 |      153.9 
   abjcd-dkbac-jk | 82944 |   24 |   12 | 0.67 | 1.00 |      84.6 |        84.5 |          79.5 |       63.3 
   adbjc-cbdka-kj | 82944 |   12 |   24 | 0.67 | 1.00 |      50.9 |        51.3 |          48.4 |       42.5 
   ajbdc-ckbad-jk | 82944 |   24 |   12 | 1.00 | 1.00 |      52.7 |        51.9 |          49.0 |       69.7 
 abcijk-ijma-mkbc |  4608 |  512 |   24 | 1.00 | 0.97 |     164.8 |       154.3 |         149.3 |      204.0 
 abcijk-ijmb-mkac |  1536 | 1536 |   24 | 1.00 | 0.75 |     260.8 |       260.0 |         239.9 |      163.7 
 abcijk-ijmc-mkab |  1536 | 1536 |   24 | 1.00 | 0.50 |     263.9 |       254.3 |         239.0 |      217.0 
 abcijk-ikma-mjbc |  4608 |  512 |   24 | 1.00 | 0.97 |     154.5 |       157.1 |         150.7 |      204.6 
 abcijk-ikmb-mjac |  1536 | 1536 |   24 | 1.00 | 0.75 |     261.7 |       257.3 |         236.3 |      184.2 
 abcijk-ikmc-mjab |  1536 | 1536 |   24 | 1.00 | 0.50 |     258.9 |       277.8 |         243.7 |      183.5 
 abcijk-jkma-mibc |  4608 |  512 |   24 | 1.00 | 0.97 |     158.2 |       164.2 |         156.9 |      218.2 
 abcijk-jkmb-miac |  1536 | 1536 |   24 | 1.00 | 0.75 |     262.3 |       259.1 |         236.1 |      152.3 
 abcijk-jkmc-miab |  1536 | 1536 |   24 | 1.00 | 0.50 |     272.9 |       267.9 |         240.7 |      192.4 
 abcijk-eiab-jkec |  1536 | 1536 |   24 | 1.00 | 0.50 |     272.4 |       272.6 |         240.6 |      188.0 
 abcijk-eiac-jkeb |  1536 | 1536 |   24 | 1.00 | 0.75 |     260.2 |       256.9 |         235.6 |      153.2 
 abcijk-eibc-jkea |   512 | 4608 |   24 | 1.00 | 0.97 |     157.3 |       165.3 |         151.8 |      222.7 
 abcijk-ejab-ikec |  1536 | 1536 |   24 | 1.00 | 0.50 |     273.0 |       275.0 |         241.3 |      181.5 
 abcijk-ejac-ikeb |  1536 | 1536 |   24 | 1.00 | 0.75 |     258.6 |       261.6 |         240.6 |      184.4 
 abcijk-ejbc-ikea |   512 | 4608 |   24 | 1.00 | 0.97 |     157.3 |       153.0 |         151.8 |      201.2 
 abcijk-ekab-ijec |  1536 | 1536 |   24 | 1.00 | 0.50 |     273.2 |       276.4 |         231.9 |      213.7 
 abcijk-ekac-ijeb |  1536 | 1536 |   24 | 1.00 | 0.75 |     259.3 |       259.3 |         236.8 |      163.6 
 abcijk-ekbc-ijea |   512 | 4608 |   24 | 1.00 | 0.97 |     166.9 |       165.2 |         146.2 |      205.4 
       abc-bk-akc |    72 | 3744 |   52 | 0.89 | 1.00 |     226.1 |       224.3 |         185.9 |      281.9 

=== complex efficiency ratio (c64 GF/s over f64 GF/s; 1.0 = no penalty) ===
             case | plan c64/f64 | packed c64/f64 | upstream c64/f64 | tblis c64/f64 
------------------+--------------+----------------+------------------+---------------
         ij-ik-kj |        1.123 |          1.069 |            1.236 |         1.328 
       ij-ikl-ljk |        1.288 |          1.259 |            1.512 |         2.461 
       ij-kil-lkj |        1.164 |          1.171 |            1.297 |         2.308 
       ijk-ikl-lj |        8.740 |          1.212 |            1.792 |         1.538 
       ijk-il-jlk |        1.049 |          1.047 |            1.486 |         1.591 
       ijk-ilk-jl |        2.606 |          1.461 |            1.724 |         1.570 
       ijk-ilk-lj |        1.178 |          1.184 |            1.667 |         1.572 
     ijk-ilmk-mjl |        9.744 |          9.886 |            2.435 |         2.420 
   ijkl-imjn-lnkm |        1.129 |          1.125 |            1.204 |         1.287 
   ijkl-imjn-nlmk |        1.225 |          1.219 |            1.308 |         1.301 
   ijkl-imkn-jnlm |        1.102 |          1.103 |            1.164 |         1.109 
   ijkl-imkn-njml |        1.111 |          1.091 |            1.189 |         1.189 
   ijkl-imln-jnkm |        1.104 |          1.102 |            1.183 |         1.122 
   ijkl-imln-njmk |        1.095 |          1.090 |            1.192 |         1.184 
   ijkl-imnj-nlkm |        1.105 |          1.098 |            1.211 |         1.201 
   ijkl-imnk-njml |        1.108 |          1.086 |            1.231 |         1.220 
   ijkl-minj-nlmk |        1.135 |          1.091 |            1.184 |         1.177 
   ijkl-mink-jnlm |        1.132 |          1.097 |            1.194 |         1.172 
   ijkl-minl-njmk |        1.106 |          1.083 |            1.165 |         1.184 
     aqrs-pa-pqrs |        0.672 |          0.976 |            1.714 |         2.405 
     abrs-qb-aqrs |        1.631 |          1.578 |            2.834 |         2.423 
     abcs-rc-abrs |        1.466 |          1.505 |            2.692 |         2.422 
       abj-bka-kj |        1.273 |          1.236 |            1.775 |         1.181 
       ajb-kba-jk |        1.152 |          1.144 |            1.627 |         1.292 
     abjc-cbka-kj |        2.407 |          2.496 |            3.112 |         2.201 
     ajbc-ckba-jk |        0.358 |          0.329 |            0.564 |         2.045 
     abjc-kbac-jk |        9.695 |          1.508 |            2.432 |         2.233 
   abjcd-dkbac-jk |        1.837 |          1.633 |            1.884 |         2.000 
   adbjc-cbdka-kj |        3.174 |          3.259 |            3.337 |         1.858 
   ajbdc-ckbad-jk |        1.083 |          1.063 |            1.201 |         2.155 
 abcijk-ijma-mkbc |        1.026 |          0.875 |            0.993 |         1.218 
 abcijk-ijmb-mkac |        1.332 |          1.147 |            1.357 |         1.593 
 abcijk-ijmc-mkab |        1.401 |          1.319 |            1.444 |         1.714 
 abcijk-ikma-mjbc |        1.071 |          1.050 |            1.096 |         1.217 
 abcijk-ikmb-mjac |        1.422 |          1.235 |            1.330 |         1.267 
 abcijk-ikmc-mjab |        1.306 |          1.485 |            1.561 |         1.701 
 abcijk-jkma-mibc |        1.018 |          0.997 |            1.181 |         1.283 
 abcijk-jkmb-miac |        1.277 |          1.149 |            1.321 |         1.462 
 abcijk-jkmc-miab |        1.436 |          1.305 |            1.448 |         1.686 
 abcijk-eiab-jkec |        1.320 |          1.197 |            1.457 |         1.528 
 abcijk-eiac-jkeb |        1.307 |          1.189 |            1.336 |         1.496 
 abcijk-eibc-jkea |        1.033 |          1.067 |            1.108 |         1.294 
 abcijk-ejab-ikec |        1.428 |          1.204 |            1.409 |         1.459 
 abcijk-ejac-ikeb |        1.278 |          1.262 |            1.395 |         1.196 
 abcijk-ejbc-ikea |        1.068 |          0.930 |            1.090 |         1.182 
 abcijk-ekab-ijec |        1.375 |          1.218 |            1.391 |         1.472 
 abcijk-ekac-ijeb |        1.271 |          1.113 |            1.414 |         1.593 
 abcijk-ekbc-ijea |        1.088 |          1.008 |            1.065 |         1.268 
       abc-bk-akc |        1.447 |          1.440 |            1.694 |         1.560 
             MEAN |        1.794 |          1.416 |            1.523 |         1.578 

wrote /home/shinaoka/projects/tensor4all/tprims-rs/benchmarks/benchmarks/tcbench/results/scatter-wired/baseline/A-1m-8t.pending.csv
