# threads: requested=4 pool=4 budget=4
host        : shinaoka-EVO-X1Pro
target      : x86_64 / linux
cpu features: avx2 fma avx512f avx512dq 
caches      : L1=48KiB/12-way/2sh L2=1024KiB/16-way/2sh L3=16384KiB/16-way/8sh (via sysfs), blocking=legacy
l3 domains  : t1=1 t4=1 t8=2
baselines   : tblis=true blas=false
tblis       : abi 2.x, 4 thread(s)

running 49 cases at 1 MiB nominal tensor size, 5 reps, stress=none


=== f64 ===
             case |     m |    n |    k | regA | regB | plan GF/s | packed GF/s | upstream GF/s | tblis GF/s 
------------------+-------+------+------+------+------+-----------+-------------+---------------+------------
         ij-ik-kj |   384 |  364 |  384 | 0.00 | 0.00 |     106.9 |       134.3 |         121.8 |      105.1 
       ij-ikl-ljk |    72 |   52 | 3744 | 1.00 | 1.00 |      63.5 |        63.9 |          52.6 |       37.9 
       ij-kil-lkj |    72 |   52 | 5184 | 1.00 | 1.00 |      62.6 |        62.8 |          52.5 |       37.8 
       ijk-ikl-lj |  3744 |   52 |   72 | 1.00 | 1.00 |     108.9 |       113.0 |          83.6 |       69.9 
       ijk-il-jlk |    72 | 3744 |   52 | 1.00 | 1.00 |     115.0 |       117.6 |          93.5 |       77.2 
       ijk-ilk-jl |  3744 |   72 |   52 | 1.00 | 1.00 |     119.6 |       121.4 |          91.8 |       79.5 
       ijk-ilk-lj |  3744 |   52 |   72 | 1.00 | 1.00 |     129.3 |       132.2 |          99.0 |       81.6 
     ijk-ilmk-mjl |   480 |   20 |  480 | 1.00 | 1.00 |     110.0 |       113.0 |          50.9 |       50.8 
   ijkl-imjn-lnkm |   480 |  480 |  400 | 1.00 | 0.80 |     185.6 |       186.4 |         169.8 |      148.7 
   ijkl-imjn-nlmk |   480 |  400 |  480 | 1.00 | 0.80 |     191.6 |       192.5 |         180.7 |      151.1 
   ijkl-imkn-jnlm |   480 |  480 |  400 | 1.00 | 1.00 |     190.0 |       191.9 |         175.3 |      154.7 
   ijkl-imkn-njml |   480 |  400 |  480 | 1.00 | 0.80 |     187.0 |       193.3 |         180.0 |      148.7 
   ijkl-imln-jnkm |   480 |  480 |  400 | 1.00 | 1.00 |     191.7 |       191.5 |         175.3 |      155.8 
   ijkl-imln-njmk |   480 |  400 |  480 | 1.00 | 0.80 |     193.0 |       193.9 |         178.7 |      151.8 
   ijkl-imnj-nlkm |   480 |  400 |  480 | 1.00 | 0.80 |     182.1 |       192.5 |         174.9 |      152.4 
   ijkl-imnk-njml |   480 |  400 |  480 | 1.00 | 0.80 |     193.7 |       190.3 |         179.3 |      152.1 
   ijkl-minj-nlmk |   480 |  400 |  576 | 1.00 | 0.80 |     186.3 |       188.3 |         171.3 |      149.2 
   ijkl-mink-jnlm |   480 |  480 |  480 | 1.00 | 1.00 |     191.2 |       191.6 |         177.2 |      148.5 
   ijkl-minl-njmk |   480 |  400 |  576 | 1.00 | 0.80 |     189.4 |       189.6 |         175.3 |      150.6 
     aqrs-pa-pqrs |    24 | 8000 |   24 | 0.00 | 0.00 |      45.6 |       102.7 |          43.4 |       43.0 
     abrs-qb-aqrs |    20 | 9600 |   24 | 1.00 | 1.00 |     108.0 |       109.1 |          71.0 |       40.3 
     abcs-rc-abrs |    20 | 9600 |   24 | 1.00 | 1.00 |     103.5 |       105.4 |          66.5 |       39.4 
       abj-bka-kj |  5184 |   52 |   72 | 1.00 | 1.00 |     129.8 |       130.1 |         102.1 |       83.6 
       ajb-kba-jk |  3744 |   72 |   72 | 1.00 | 1.00 |     162.4 |       167.5 |         130.5 |      113.7 
     abjc-cbka-kj | 11520 |   20 |   24 | 1.00 | 1.00 |      52.0 |        51.7 |          38.6 |       39.2 
     ajbc-ckba-jk | 11520 |   24 |   20 | 1.00 | 1.00 |      83.2 |        84.3 |          53.3 |       43.2 
     abjc-kbac-jk |  9600 |   24 |   24 | 1.00 | 1.00 |     113.6 |       115.0 |          68.8 |       47.5 
   abjcd-dkbac-jk | 82944 |   24 |   12 | 1.00 | 1.00 |      35.6 |        39.3 |          34.1 |       23.0 
   adbjc-cbdka-kj | 82944 |   12 |   24 | 1.00 | 1.00 |       9.4 |         9.4 |           8.5 |       18.0 
   ajbdc-ckbad-jk | 82944 |   24 |   12 | 1.00 | 1.00 |      39.5 |        38.3 |          34.2 |       24.2 
 abcijk-ijma-mkbc |  4608 |  512 |   24 | 1.00 | 1.00 |     129.9 |        97.8 |         114.2 |       98.6 
 abcijk-ijmb-mkac |  1536 | 1536 |   24 | 1.00 | 1.00 |     149.2 |       150.8 |         124.1 |       64.3 
 abcijk-ijmc-mkab |  1536 | 1536 |   24 | 1.00 | 1.00 |     136.5 |       142.9 |         116.6 |       92.7 
 abcijk-ikma-mjbc |  4608 |  512 |   24 | 1.00 | 1.00 |     131.4 |       122.5 |         115.3 |      100.6 
 abcijk-ikmb-mjac |  1536 | 1536 |   24 | 1.00 | 1.00 |     144.9 |       141.2 |         127.0 |       95.9 
 abcijk-ikmc-mjab |  1536 | 1536 |   24 | 1.00 | 1.00 |     131.8 |       137.3 |         128.3 |       81.9 
 abcijk-jkma-mibc |  4608 |  512 |   24 | 1.00 | 1.00 |     112.1 |       132.7 |         117.7 |      111.1 
 abcijk-jkmb-miac |  1536 | 1536 |   24 | 1.00 | 1.00 |     147.1 |       114.9 |         121.7 |       61.5 
 abcijk-jkmc-miab |  1536 | 1536 |   24 | 1.00 | 1.00 |     134.7 |       138.9 |         121.0 |       75.1 
 abcijk-eiab-jkec |  1536 | 1536 |   24 | 1.00 | 1.00 |     132.8 |       141.2 |         118.2 |       83.8 
 abcijk-eiac-jkeb |  1536 | 1536 |   24 | 1.00 | 1.00 |     138.4 |       147.2 |         126.2 |       61.5 
 abcijk-eibc-jkea |   512 | 4608 |   24 | 1.00 | 1.00 |     127.5 |       137.5 |         123.8 |      111.6 
 abcijk-ejab-ikec |  1536 | 1536 |   24 | 1.00 | 1.00 |     132.2 |       138.8 |         123.1 |       84.6 
 abcijk-ejac-ikeb |  1536 | 1536 |   24 | 1.00 | 1.00 |     134.4 |       136.3 |         125.5 |       97.2 
 abcijk-ejbc-ikea |   512 | 4608 |   24 | 1.00 | 1.00 |     128.8 |       135.2 |         112.9 |      101.0 
 abcijk-ekab-ijec |  1536 | 1536 |   24 | 1.00 | 1.00 |     139.3 |       133.6 |         123.5 |       93.9 
 abcijk-ekac-ijeb |  1536 | 1536 |   24 | 1.00 | 1.00 |     141.0 |       145.7 |         126.2 |       64.5 
 abcijk-ekbc-ijea |   512 | 4608 |   24 | 1.00 | 1.00 |     128.9 |       134.6 |         116.5 |      100.2 
       abc-bk-akc |    72 | 3744 |   52 | 1.00 | 1.00 |     107.1 |       168.1 |         128.8 |      109.7 

=== c64 ===
             case |     m |    n |    k | regA | regB | plan GF/s | packed GF/s | upstream GF/s | tblis GF/s 
------------------+-------+------+------+------+------+-----------+-------------+---------------+------------
         ij-ik-kj |   384 |  364 |  384 | 1.00 | 1.00 |     138.1 |       138.0 |         131.7 |      125.8 
       ij-ikl-ljk |    72 |   52 | 3744 | 1.00 | 1.00 |      65.4 |        65.1 |          61.1 |       76.2 
       ij-kil-lkj |    72 |   52 | 5184 | 1.00 | 1.00 |      60.3 |        60.7 |          56.0 |       74.7 
       ijk-ikl-lj |  3744 |   52 |   72 | 1.00 | 1.00 |     123.4 |       124.0 |         114.2 |       92.1 
       ijk-il-jlk |    72 | 3744 |   52 | 1.00 | 1.00 |      72.5 |        70.6 |          67.5 |      108.0 
       ijk-ilk-jl |  3744 |   72 |   52 | 0.89 | 1.00 |     134.5 |       137.5 |         128.7 |      115.6 
       ijk-ilk-lj |  3744 |   52 |   72 | 0.89 | 1.00 |     146.7 |       151.5 |         136.3 |      119.3 
     ijk-ilmk-mjl |   480 |   20 |  480 | 0.67 | 1.00 |     125.5 |       126.1 |         105.8 |      111.3 
   ijkl-imjn-lnkm |   480 |  480 |  400 | 0.67 | 0.80 |     172.7 |       174.4 |         168.3 |      166.8 
   ijkl-imjn-nlmk |   480 |  400 |  480 | 0.67 | 0.81 |     175.4 |       176.0 |         170.7 |      165.7 
   ijkl-imkn-jnlm |   480 |  480 |  400 | 0.67 | 1.00 |     174.7 |       173.2 |         169.3 |      167.7 
   ijkl-imkn-njml |   480 |  400 |  480 | 0.67 | 0.81 |     175.3 |       176.3 |         171.8 |      166.5 
   ijkl-imln-jnkm |   480 |  480 |  400 | 0.67 | 1.00 |     125.6 |       174.4 |         170.4 |      167.0 
   ijkl-imln-njmk |   480 |  400 |  480 | 0.67 | 0.81 |     176.5 |       176.2 |         172.3 |      168.7 
   ijkl-imnj-nlkm |   480 |  400 |  480 | 0.67 | 0.81 |     174.7 |       175.0 |         171.0 |      170.2 
   ijkl-imnk-njml |   480 |  400 |  480 | 0.67 | 0.81 |     175.9 |       176.4 |         171.5 |      171.0 
   ijkl-minj-nlmk |   480 |  400 |  576 | 0.67 | 0.81 |     170.2 |       169.4 |         163.9 |      161.0 
   ijkl-mink-jnlm |   480 |  480 |  480 | 0.67 | 1.00 |     173.6 |       175.2 |         168.8 |      167.7 
   ijkl-minl-njmk |   480 |  400 |  576 | 0.67 | 0.81 |     125.2 |       170.2 |         165.0 |      165.6 
     aqrs-pa-pqrs |    24 | 8000 |   24 | 1.00 | 1.00 |     104.0 |       104.6 |          88.5 |       91.4 
     abrs-qb-aqrs |    20 | 9600 |   24 | 1.00 | 1.00 |     150.7 |       152.5 |         120.6 |       78.6 
     abcs-rc-abrs |    20 | 9600 |   24 | 1.00 | 1.00 |     127.6 |       132.7 |         103.6 |       78.2 
       abj-bka-kj |  5184 |   52 |   72 | 0.89 | 1.00 |     153.6 |       152.5 |         142.6 |       98.7 
       ajb-kba-jk |  3744 |   72 |   72 | 0.89 | 1.00 |     176.2 |       172.4 |         158.0 |      128.5 
     abjc-cbka-kj | 11520 |   20 |   24 | 0.67 | 1.00 |      93.9 |        96.3 |          80.5 |       68.1 
     ajbc-ckba-jk | 11520 |   24 |   20 | 1.00 | 1.00 |     107.3 |       105.7 |          87.6 |       68.7 
     abjc-kbac-jk |  9600 |   24 |   24 | 0.67 | 1.00 |     145.4 |       146.7 |         118.2 |       85.5 
   abjcd-dkbac-jk | 82944 |   24 |   12 | 0.67 | 1.00 |      60.9 |        61.6 |          57.7 |       46.8 
   adbjc-cbdka-kj | 82944 |   12 |   24 | 0.67 | 1.00 |      29.2 |        29.8 |          28.6 |       33.0 
   ajbdc-ckbad-jk | 82944 |   24 |   12 | 1.00 | 1.00 |      61.5 |        61.3 |          54.6 |       48.9 
 abcijk-ijma-mkbc |  4608 |  512 |   24 | 1.00 | 0.97 |     158.7 |       158.0 |         149.7 |      122.3 
 abcijk-ijmb-mkac |  1536 | 1536 |   24 | 1.00 | 0.75 |     167.1 |       169.8 |         159.3 |      117.9 
 abcijk-ijmc-mkab |  1536 | 1536 |   24 | 1.00 | 0.50 |     167.8 |       166.7 |         158.4 |      134.2 
 abcijk-ikma-mjbc |  4608 |  512 |   24 | 1.00 | 0.97 |     139.6 |       157.3 |         148.6 |      123.0 
 abcijk-ikmb-mjac |  1536 | 1536 |   24 | 1.00 | 0.75 |     169.3 |       169.5 |         158.9 |      122.5 
 abcijk-ikmc-mjab |  1536 | 1536 |   24 | 1.00 | 0.50 |     165.0 |       163.4 |         159.2 |      127.6 
 abcijk-jkma-mibc |  4608 |  512 |   24 | 1.00 | 0.97 |     155.9 |       153.6 |         150.8 |      135.4 
 abcijk-jkmb-miac |  1536 | 1536 |   24 | 1.00 | 0.75 |     168.0 |       166.8 |         160.0 |      103.9 
 abcijk-jkmc-miab |  1536 | 1536 |   24 | 1.00 | 0.50 |     165.4 |       163.6 |         155.0 |      123.1 
 abcijk-eiab-jkec |  1536 | 1536 |   24 | 1.00 | 0.50 |     164.8 |       161.4 |         156.7 |      119.9 
 abcijk-eiac-jkeb |  1536 | 1536 |   24 | 1.00 | 0.75 |     169.2 |       167.9 |         159.1 |      103.5 
 abcijk-eibc-jkea |   512 | 4608 |   24 | 1.00 | 0.97 |     157.8 |       155.1 |         147.5 |      136.5 
 abcijk-ejab-ikec |  1536 | 1536 |   24 | 1.00 | 0.50 |     168.1 |       163.3 |         157.1 |      125.1 
 abcijk-ejac-ikeb |  1536 | 1536 |   24 | 1.00 | 0.75 |     169.9 |       168.5 |         160.8 |      123.7 
 abcijk-ejbc-ikea |   512 | 4608 |   24 | 1.00 | 0.97 |     154.7 |       131.3 |         148.0 |      124.0 
 abcijk-ekab-ijec |  1536 | 1536 |   24 | 1.00 | 0.50 |     165.0 |       166.7 |         157.2 |      132.0 
 abcijk-ekac-ijeb |  1536 | 1536 |   24 | 1.00 | 0.75 |     169.8 |       167.7 |         159.5 |      109.6 
 abcijk-ekbc-ijea |   512 | 4608 |   24 | 1.00 | 0.97 |     156.6 |       150.2 |         146.6 |      123.7 
       abc-bk-akc |    72 | 3744 |   52 | 0.89 | 1.00 |     180.1 |       180.9 |         162.3 |      144.7 

=== complex efficiency ratio (c64 GF/s over f64 GF/s; 1.0 = no penalty) ===
             case | plan c64/f64 | packed c64/f64 | upstream c64/f64 | tblis c64/f64 
------------------+--------------+----------------+------------------+---------------
         ij-ik-kj |        1.291 |          1.028 |            1.081 |         1.197 
       ij-ikl-ljk |        1.030 |          1.019 |            1.161 |         2.008 
       ij-kil-lkj |        0.963 |          0.967 |            1.066 |         1.975 
       ijk-ikl-lj |        1.133 |          1.097 |            1.367 |         1.317 
       ijk-il-jlk |        0.630 |          0.601 |            0.722 |         1.400 
       ijk-ilk-jl |        1.125 |          1.132 |            1.402 |         1.453 
       ijk-ilk-lj |        1.134 |          1.147 |            1.376 |         1.463 
     ijk-ilmk-mjl |        1.141 |          1.116 |            2.081 |         2.189 
   ijkl-imjn-lnkm |        0.930 |          0.936 |            0.991 |         1.122 
   ijkl-imjn-nlmk |        0.915 |          0.914 |            0.945 |         1.097 
   ijkl-imkn-jnlm |        0.920 |          0.903 |            0.966 |         1.084 
   ijkl-imkn-njml |        0.938 |          0.912 |            0.954 |         1.120 
   ijkl-imln-jnkm |        0.655 |          0.911 |            0.972 |         1.072 
   ijkl-imln-njmk |        0.914 |          0.909 |            0.964 |         1.111 
   ijkl-imnj-nlkm |        0.960 |          0.909 |            0.978 |         1.117 
   ijkl-imnk-njml |        0.908 |          0.927 |            0.957 |         1.124 
   ijkl-minj-nlmk |        0.914 |          0.900 |            0.957 |         1.079 
   ijkl-mink-jnlm |        0.908 |          0.914 |            0.953 |         1.129 
   ijkl-minl-njmk |        0.661 |          0.898 |            0.941 |         1.099 
     aqrs-pa-pqrs |        2.280 |          1.019 |            2.041 |         2.125 
     abrs-qb-aqrs |        1.395 |          1.397 |            1.697 |         1.949 
     abcs-rc-abrs |        1.233 |          1.260 |            1.558 |         1.986 
       abj-bka-kj |        1.184 |          1.172 |            1.397 |         1.181 
       ajb-kba-jk |        1.085 |          1.029 |            1.211 |         1.130 
     abjc-cbka-kj |        1.805 |          1.864 |            2.086 |         1.735 
     ajbc-ckba-jk |        1.290 |          1.254 |            1.644 |         1.590 
     abjc-kbac-jk |        1.279 |          1.275 |            1.719 |         1.801 
   abjcd-dkbac-jk |        1.712 |          1.566 |            1.693 |         2.036 
   adbjc-cbdka-kj |        3.102 |          3.177 |            3.373 |         1.831 
   ajbdc-ckbad-jk |        1.558 |          1.600 |            1.597 |         2.021 
 abcijk-ijma-mkbc |        1.222 |          1.616 |            1.311 |         1.240 
 abcijk-ijmb-mkac |        1.120 |          1.126 |            1.284 |         1.834 
 abcijk-ijmc-mkab |        1.229 |          1.166 |            1.358 |         1.448 
 abcijk-ikma-mjbc |        1.062 |          1.284 |            1.289 |         1.223 
 abcijk-ikmb-mjac |        1.169 |          1.200 |            1.251 |         1.277 
 abcijk-ikmc-mjab |        1.252 |          1.190 |            1.241 |         1.559 
 abcijk-jkma-mibc |        1.390 |          1.158 |            1.281 |         1.219 
 abcijk-jkmb-miac |        1.142 |          1.451 |            1.315 |         1.689 
 abcijk-jkmc-miab |        1.228 |          1.178 |            1.281 |         1.638 
 abcijk-eiab-jkec |        1.241 |          1.143 |            1.326 |         1.430 
 abcijk-eiac-jkeb |        1.222 |          1.141 |            1.261 |         1.683 
 abcijk-eibc-jkea |        1.237 |          1.128 |            1.191 |         1.224 
 abcijk-ejab-ikec |        1.272 |          1.177 |            1.276 |         1.479 
 abcijk-ejac-ikeb |        1.264 |          1.236 |            1.281 |         1.273 
 abcijk-ejbc-ikea |        1.201 |          0.971 |            1.311 |         1.227 
 abcijk-ekab-ijec |        1.184 |          1.248 |            1.273 |         1.406 
 abcijk-ekac-ijeb |        1.204 |          1.151 |            1.264 |         1.700 
 abcijk-ekbc-ijea |        1.215 |          1.117 |            1.259 |         1.234 
       abc-bk-akc |        1.682 |          1.076 |            1.260 |         1.320 
             MEAN |        1.215 |          1.174 |            1.330 |         1.462 

wrote /home/shinaoka/projects/tensor4all/tprims-rs/benchmarks/benchmarks/tcbench/results/scatter-wired/baseline/A-1m-4t.pending.csv
