# threads: requested=8 pool=8 budget=8
host        : shinaoka-EVO-X1Pro
target      : x86_64 / linux
cpu features: avx2 fma avx512f avx512dq 
caches      : L1=48KiB/12-way/2sh L2=1024KiB/16-way/2sh L3=16384KiB/16-way/8sh (via sysfs), blocking=legacy
l3 domains  : t1=1 t4=1 t8=2 t16=4
baselines   : tblis=true blas=false
tblis       : abi 2.x, 8 thread(s)

running 49 cases at 1 MiB nominal tensor size, 5 reps, stress=none


=== f64 ===
             case |     m |    n |    k | regA | regB | plan GF/s | packed GF/s | upstream GF/s | tblis GF/s 
------------------+-------+------+------+------+------+-----------+-------------+---------------+------------
         ij-ik-kj |   384 |  364 |  384 | 0.00 | 0.00 |     243.7 |       256.6 |         185.8 |      177.4 
       ij-ikl-ljk |    72 |   52 | 3744 | 1.00 | 1.00 |      90.7 |        92.0 |          66.5 |       48.6 
       ij-kil-lkj |    72 |   52 | 5184 | 1.00 | 1.00 |      87.7 |        89.8 |          69.1 |       48.7 
       ijk-ikl-lj |  3744 |   52 |   72 | 1.00 | 1.00 |     197.3 |       201.9 |         104.1 |      119.6 
       ijk-il-jlk |    72 | 3744 |   52 | 1.00 | 1.00 |     110.3 |       114.3 |          88.0 |      163.8 
       ijk-ilk-jl |  3744 |   72 |   52 | 1.00 | 1.00 |     154.6 |       156.6 |         106.7 |      181.8 
       ijk-ilk-lj |  3744 |   52 |   72 | 1.00 | 1.00 |     275.1 |       284.2 |         155.5 |      168.4 
     ijk-ilmk-mjl |   480 |   20 |  480 | 1.00 | 1.00 |     154.4 |       166.6 |          65.8 |       81.8 
   ijkl-imjn-lnkm |   480 |  480 |  400 | 1.00 | 0.80 |     293.4 |       276.6 |         239.2 |      250.8 
   ijkl-imjn-nlmk |   480 |  400 |  480 | 1.00 | 0.80 |     305.3 |       299.8 |         259.9 |      260.2 
   ijkl-imkn-jnlm |   480 |  480 |  400 | 1.00 | 1.00 |     306.3 |       312.2 |         262.2 |      269.9 
   ijkl-imkn-njml |   480 |  400 |  480 | 1.00 | 0.80 |     302.9 |       311.8 |         264.4 |      264.2 
   ijkl-imln-jnkm |   480 |  480 |  400 | 1.00 | 1.00 |     306.2 |       310.8 |         260.6 |      267.9 
   ijkl-imln-njmk |   480 |  400 |  480 | 1.00 | 0.80 |     306.3 |       311.8 |         266.9 |      264.9 
   ijkl-imnj-nlkm |   480 |  400 |  480 | 1.00 | 0.80 |     309.4 |       308.3 |         260.4 |      265.4 
   ijkl-imnk-njml |   480 |  400 |  480 | 1.00 | 0.80 |     301.8 |       317.5 |         271.5 |      264.4 
   ijkl-minj-nlmk |   480 |  400 |  576 | 1.00 | 0.80 |     296.4 |       303.6 |         261.6 |      256.4 
   ijkl-mink-jnlm |   480 |  480 |  480 | 1.00 | 1.00 |     308.6 |       311.0 |         269.6 |      259.9 
   ijkl-minl-njmk |   480 |  400 |  576 | 1.00 | 0.80 |     303.8 |       310.2 |         263.2 |      261.4 
     aqrs-pa-pqrs |    24 | 8000 |   24 | 0.00 | 0.00 |     206.2 |       181.6 |          75.3 |       61.8 
     abrs-qb-aqrs |    20 | 9600 |   24 | 1.00 | 1.00 |     164.4 |       169.0 |          55.9 |       57.0 
     abcs-rc-abrs |    20 | 9600 |   24 | 1.00 | 1.00 |     162.5 |       169.9 |          65.7 |       57.5 
       abj-bka-kj |  5184 |   52 |   72 | 1.00 | 1.00 |     238.7 |       247.9 |         128.3 |      149.6 
       ajb-kba-jk |  3744 |   72 |   72 | 1.00 | 1.00 |     295.9 |       305.7 |         178.4 |      196.5 
     abjc-cbka-kj | 11520 |   20 |   24 | 1.00 | 1.00 |      70.9 |        75.6 |          43.1 |       57.6 
     ajbc-ckba-jk | 11520 |   24 |   20 | 1.00 | 1.00 |     118.7 |       127.7 |          54.5 |       48.3 
     abjc-kbac-jk |  9600 |   24 |   24 | 1.00 | 1.00 |     173.3 |       184.1 |          64.0 |       68.5 
   abjcd-dkbac-jk | 82944 |   24 |   12 | 1.00 | 1.00 |      46.9 |        51.6 |          42.0 |       30.8 
   adbjc-cbdka-kj | 82944 |   12 |   24 | 1.00 | 1.00 |      16.9 |        16.4 |          14.9 |       23.0 
   ajbdc-ckbad-jk | 82944 |   24 |   12 | 1.00 | 1.00 |      49.2 |        49.2 |          40.8 |       32.3 
 abcijk-ijma-mkbc |  4608 |  512 |   24 | 1.00 | 1.00 |     130.9 |       142.2 |         150.2 |      163.0 
 abcijk-ijmb-mkac |  1536 | 1536 |   24 | 1.00 | 1.00 |     193.5 |       214.5 |         170.5 |      101.9 
 abcijk-ijmc-mkab |  1536 | 1536 |   24 | 1.00 | 1.00 |     198.2 |       210.9 |         173.1 |      134.3 
 abcijk-ikma-mjbc |  4608 |  512 |   24 | 1.00 | 1.00 |     180.9 |       178.4 |         156.3 |      166.1 
 abcijk-ikmb-mjac |  1536 | 1536 |   24 | 1.00 | 1.00 |     204.5 |       212.3 |         170.7 |      148.8 
 abcijk-ikmc-mjab |  1536 | 1536 |   24 | 1.00 | 1.00 |     199.3 |       210.2 |         165.2 |      115.4 
 abcijk-jkma-mibc |  4608 |  512 |   24 | 1.00 | 1.00 |     145.6 |       155.6 |         135.2 |      171.5 
 abcijk-jkmb-miac |  1536 | 1536 |   24 | 1.00 | 1.00 |     190.7 |       213.5 |         182.2 |      100.9 
 abcijk-jkmc-miab |  1536 | 1536 |   24 | 1.00 | 1.00 |     208.3 |       217.5 |         164.8 |      132.0 
 abcijk-eiab-jkec |  1536 | 1536 |   24 | 1.00 | 1.00 |     200.6 |       202.9 |         163.8 |      119.6 
 abcijk-eiac-jkeb |  1536 | 1536 |   24 | 1.00 | 1.00 |     196.5 |       200.5 |         164.4 |      102.3 
 abcijk-eibc-jkea |   512 | 4608 |   24 | 1.00 | 1.00 |     144.8 |       130.6 |         134.1 |      165.1 
 abcijk-ejab-ikec |  1536 | 1536 |   24 | 1.00 | 1.00 |     212.6 |       235.9 |         150.2 |      109.0 
 abcijk-ejac-ikeb |  1536 | 1536 |   24 | 1.00 | 1.00 |     211.1 |       205.9 |         166.6 |      145.5 
 abcijk-ejbc-ikea |   512 | 4608 |   24 | 1.00 | 1.00 |     155.6 |       158.5 |         136.1 |      156.9 
 abcijk-ekab-ijec |  1536 | 1536 |   24 | 1.00 | 1.00 |     163.9 |       177.7 |         169.8 |      130.8 
 abcijk-ekac-ijeb |  1536 | 1536 |   24 | 1.00 | 1.00 |     207.9 |       217.5 |         166.0 |      104.2 
 abcijk-ekbc-ijea |   512 | 4608 |   24 | 1.00 | 1.00 |     151.1 |       151.4 |         137.2 |      163.4 
       abc-bk-akc |    72 | 3744 |   52 | 1.00 | 1.00 |     155.7 |       156.9 |         108.0 |      179.3 

=== c64 ===
             case |     m |    n |    k | regA | regB | plan GF/s | packed GF/s | upstream GF/s | tblis GF/s 
------------------+-------+------+------+------+------+-----------+-------------+---------------+------------
         ij-ik-kj |   384 |  364 |  384 | 1.00 | 1.00 |     269.9 |       271.2 |         238.4 |      235.2 
       ij-ikl-ljk |    72 |   52 | 3744 | 1.00 | 1.00 |     116.6 |       116.5 |         101.8 |      118.1 
       ij-kil-lkj |    72 |   52 | 5184 | 1.00 | 1.00 |     104.3 |       103.3 |          93.4 |      111.0 
       ijk-ikl-lj |  3744 |   52 |   72 | 1.00 | 1.00 |     236.0 |       241.2 |         188.4 |      183.2 
       ijk-il-jlk |    72 | 3744 |   52 | 1.00 | 1.00 |     290.9 |       300.6 |         249.6 |      263.7 
       ijk-ilk-jl |  3744 |   72 |   52 | 0.89 | 1.00 |     223.0 |       227.3 |         180.3 |      272.7 
       ijk-ilk-lj |  3744 |   52 |   72 | 0.89 | 1.00 |     332.5 |       338.1 |         251.4 |      252.0 
     ijk-ilmk-mjl |   480 |   20 |  480 | 0.67 | 1.00 |     229.4 |       223.9 |         139.6 |      174.1 
   ijkl-imjn-lnkm |   480 |  480 |  400 | 0.67 | 0.80 |     331.6 |       329.0 |         308.8 |      291.1 
   ijkl-imjn-nlmk |   480 |  400 |  480 | 0.67 | 0.81 |     338.1 |       334.1 |         314.7 |      303.5 
   ijkl-imkn-jnlm |   480 |  480 |  400 | 0.67 | 1.00 |     338.2 |       340.0 |         313.6 |      299.3 
   ijkl-imkn-njml |   480 |  400 |  480 | 0.67 | 0.81 |     340.9 |       340.7 |         321.2 |      311.1 
   ijkl-imln-jnkm |   480 |  480 |  400 | 0.67 | 1.00 |     341.2 |       339.2 |         313.7 |      302.1 
   ijkl-imln-njmk |   480 |  400 |  480 | 0.67 | 0.81 |     343.6 |       343.4 |         320.0 |      316.7 
   ijkl-imnj-nlkm |   480 |  400 |  480 | 0.67 | 0.81 |     342.1 |       343.4 |         317.5 |      313.8 
   ijkl-imnk-njml |   480 |  400 |  480 | 0.67 | 0.81 |     343.8 |       343.3 |         321.2 |      318.1 
   ijkl-minj-nlmk |   480 |  400 |  576 | 0.67 | 0.81 |     333.4 |       328.3 |         305.4 |      301.7 
   ijkl-mink-jnlm |   480 |  480 |  480 | 0.67 | 1.00 |     342.2 |       340.4 |         321.5 |      302.7 
   ijkl-minl-njmk |   480 |  400 |  576 | 0.67 | 0.81 |     333.9 |       331.8 |         314.3 |      308.9 
     aqrs-pa-pqrs |    24 | 8000 |   24 | 1.00 | 1.00 |     166.8 |       172.4 |         126.2 |      150.2 
     abrs-qb-aqrs |    20 | 9600 |   24 | 1.00 | 1.00 |     271.3 |       270.8 |         155.6 |      139.5 
     abcs-rc-abrs |    20 | 9600 |   24 | 1.00 | 1.00 |     243.3 |       244.4 |         130.8 |      140.2 
       abj-bka-kj |  5184 |   52 |   72 | 0.89 | 1.00 |     301.0 |       303.0 |         239.5 |      185.1 
       ajb-kba-jk |  3744 |   72 |   72 | 0.89 | 1.00 |     345.5 |       346.6 |         266.9 |      271.7 
     abjc-cbka-kj | 11520 |   20 |   24 | 0.67 | 1.00 |     162.2 |       165.2 |         113.0 |      131.0 
     ajbc-ckba-jk | 11520 |   24 |   20 | 1.00 | 1.00 |      40.6 |        39.2 |          32.0 |      133.0 
     abjc-kbac-jk |  9600 |   24 |   24 | 0.67 | 1.00 |     273.1 |       275.3 |         155.1 |      157.6 
   abjcd-dkbac-jk | 82944 |   24 |   12 | 0.67 | 1.00 |      85.0 |        84.0 |          78.8 |       64.3 
   adbjc-cbdka-kj | 82944 |   12 |   24 | 0.67 | 1.00 |      50.5 |        51.3 |          49.1 |       41.9 
   ajbdc-ckbad-jk | 82944 |   24 |   12 | 1.00 | 1.00 |      50.8 |        52.2 |          33.4 |       56.2 
 abcijk-ijma-mkbc |  4608 |  512 |   24 | 1.00 | 0.97 |     168.5 |       155.6 |         149.6 |      207.5 
 abcijk-ijmb-mkac |  1536 | 1536 |   24 | 1.00 | 0.75 |     263.6 |       258.7 |         240.4 |      165.6 
 abcijk-ijmc-mkab |  1536 | 1536 |   24 | 1.00 | 0.50 |     270.8 |       264.1 |         241.7 |      207.5 
 abcijk-ikma-mjbc |  4608 |  512 |   24 | 1.00 | 0.97 |     162.2 |       155.6 |         151.4 |      205.6 
 abcijk-ikmb-mjac |  1536 | 1536 |   24 | 1.00 | 0.75 |     264.1 |       259.7 |         241.0 |      186.3 
 abcijk-ikmc-mjab |  1536 | 1536 |   24 | 1.00 | 0.50 |     265.3 |       257.1 |         239.6 |      171.7 
 abcijk-jkma-mibc |  4608 |  512 |   24 | 1.00 | 0.97 |     155.7 |       150.7 |         155.3 |      221.4 
 abcijk-jkmb-miac |  1536 | 1536 |   24 | 1.00 | 0.75 |     263.3 |       257.9 |         236.4 |      157.7 
 abcijk-jkmc-miab |  1536 | 1536 |   24 | 1.00 | 0.50 |     272.9 |       263.6 |         241.1 |      199.7 
 abcijk-eiab-jkec |  1536 | 1536 |   24 | 1.00 | 0.50 |     267.2 |       255.7 |         243.2 |      187.3 
 abcijk-eiac-jkeb |  1536 | 1536 |   24 | 1.00 | 0.75 |     257.0 |       256.8 |         230.7 |      152.0 
 abcijk-eibc-jkea |   512 | 4608 |   24 | 1.00 | 0.97 |     153.0 |       155.0 |         151.5 |      218.8 
 abcijk-ejab-ikec |  1536 | 1536 |   24 | 1.00 | 0.50 |     266.4 |       266.7 |         246.6 |      176.3 
 abcijk-ejac-ikeb |  1536 | 1536 |   24 | 1.00 | 0.75 |     238.4 |       269.3 |         237.2 |      186.9 
 abcijk-ejbc-ikea |   512 | 4608 |   24 | 1.00 | 0.97 |     153.6 |       153.8 |         150.7 |      206.5 
 abcijk-ekab-ijec |  1536 | 1536 |   24 | 1.00 | 0.50 |     251.6 |       267.2 |         225.5 |      216.9 
 abcijk-ekac-ijeb |  1536 | 1536 |   24 | 1.00 | 0.75 |     258.1 |       260.0 |         243.5 |      160.6 
 abcijk-ekbc-ijea |   512 | 4608 |   24 | 1.00 | 0.97 |     157.1 |       154.0 |         142.2 |      205.5 
       abc-bk-akc |    72 | 3744 |   52 | 0.89 | 1.00 |     226.4 |       228.1 |         186.7 |      283.1 

=== complex efficiency ratio (c64 GF/s over f64 GF/s; 1.0 = no penalty) ===
             case | plan c64/f64 | packed c64/f64 | upstream c64/f64 | tblis c64/f64 
------------------+--------------+----------------+------------------+---------------
         ij-ik-kj |        1.107 |          1.057 |            1.283 |         1.326 
       ij-ikl-ljk |        1.285 |          1.267 |            1.532 |         2.428 
       ij-kil-lkj |        1.190 |          1.151 |            1.351 |         2.281 
       ijk-ikl-lj |        1.196 |          1.195 |            1.811 |         1.532 
       ijk-il-jlk |        2.637 |          2.631 |            2.837 |         1.609 
       ijk-ilk-jl |        1.443 |          1.451 |            1.690 |         1.500 
       ijk-ilk-lj |        1.209 |          1.189 |            1.616 |         1.496 
     ijk-ilmk-mjl |        1.486 |          1.343 |            2.120 |         2.128 
   ijkl-imjn-lnkm |        1.130 |          1.189 |            1.291 |         1.161 
   ijkl-imjn-nlmk |        1.108 |          1.115 |            1.211 |         1.166 
   ijkl-imkn-jnlm |        1.104 |          1.089 |            1.196 |         1.109 
   ijkl-imkn-njml |        1.125 |          1.093 |            1.215 |         1.177 
   ijkl-imln-jnkm |        1.114 |          1.091 |            1.204 |         1.127 
   ijkl-imln-njmk |        1.122 |          1.101 |            1.199 |         1.195 
   ijkl-imnj-nlkm |        1.106 |          1.114 |            1.219 |         1.182 
   ijkl-imnk-njml |        1.139 |          1.081 |            1.183 |         1.203 
   ijkl-minj-nlmk |        1.125 |          1.081 |            1.168 |         1.177 
   ijkl-mink-jnlm |        1.109 |          1.095 |            1.193 |         1.165 
   ijkl-minl-njmk |        1.099 |          1.070 |            1.194 |         1.181 
     aqrs-pa-pqrs |        0.809 |          0.949 |            1.677 |         2.429 
     abrs-qb-aqrs |        1.650 |          1.602 |            2.784 |         2.450 
     abcs-rc-abrs |        1.497 |          1.439 |            1.992 |         2.440 
       abj-bka-kj |        1.261 |          1.222 |            1.867 |         1.238 
       ajb-kba-jk |        1.167 |          1.134 |            1.497 |         1.383 
     abjc-cbka-kj |        2.288 |          2.185 |            2.625 |         2.273 
     ajbc-ckba-jk |        0.342 |          0.307 |            0.586 |         2.754 
     abjc-kbac-jk |        1.576 |          1.495 |            2.424 |         2.300 
   abjcd-dkbac-jk |        1.814 |          1.628 |            1.875 |         2.089 
   adbjc-cbdka-kj |        2.991 |          3.137 |            3.294 |         1.820 
   ajbdc-ckbad-jk |        1.032 |          1.061 |            0.817 |         1.742 
 abcijk-ijma-mkbc |        1.288 |          1.094 |            0.996 |         1.273 
 abcijk-ijmb-mkac |        1.362 |          1.206 |            1.410 |         1.625 
 abcijk-ijmc-mkab |        1.366 |          1.252 |            1.396 |         1.545 
 abcijk-ikma-mjbc |        0.896 |          0.872 |            0.968 |         1.238 
 abcijk-ikmb-mjac |        1.291 |          1.223 |            1.412 |         1.252 
 abcijk-ikmc-mjab |        1.331 |          1.223 |            1.450 |         1.489 
 abcijk-jkma-mibc |        1.069 |          0.969 |            1.149 |         1.291 
 abcijk-jkmb-miac |        1.380 |          1.208 |            1.298 |         1.563 
 abcijk-jkmc-miab |        1.310 |          1.212 |            1.463 |         1.514 
 abcijk-eiab-jkec |        1.332 |          1.260 |            1.485 |         1.567 
 abcijk-eiac-jkeb |        1.308 |          1.280 |            1.404 |         1.485 
 abcijk-eibc-jkea |        1.057 |          1.187 |            1.130 |         1.325 
 abcijk-ejab-ikec |        1.253 |          1.130 |            1.642 |         1.617 
 abcijk-ejac-ikeb |        1.129 |          1.308 |            1.424 |         1.285 
 abcijk-ejbc-ikea |        0.987 |          0.971 |            1.107 |         1.316 
 abcijk-ekab-ijec |        1.536 |          1.503 |            1.328 |         1.658 
 abcijk-ekac-ijeb |        1.242 |          1.195 |            1.467 |         1.541 
 abcijk-ekbc-ijea |        1.040 |          1.017 |            1.037 |         1.257 
       abc-bk-akc |        1.454 |          1.454 |            1.729 |         1.579 
             MEAN |        1.304 |          1.268 |            1.515 |         1.581 

wrote /home/shinaoka/projects/tensor4all/tprims-rs/benchmarks/benchmarks/tcbench/results/scatter-wired/baseline/A2-1m-8t.pending.csv
