# threads: requested=4 pool=4 budget=4
host        : shinaoka-EVO-X1Pro
target      : x86_64 / linux
cpu features: avx2 fma avx512f avx512dq 
caches      : L1=48KiB/12-way/2sh L2=1024KiB/16-way/2sh L3=16384KiB/16-way/8sh (via sysfs), blocking=legacy
l3 domains  : t1=1 t4=1 t8=2
baselines   : tblis=true blas=false
tblis       : abi 2.x, 4 thread(s)

running 49 cases at 1 MiB nominal tensor size, 5 reps, stress=none


=== f64 ===
             case |     m |    n |    k | regA | regB | plan GF/s | packed GF/s | upstream GF/s | tblis GF/s 
------------------+-------+------+------+------+------+-----------+-------------+---------------+------------
         ij-ik-kj |   384 |  364 |  384 | 0.00 | 0.00 |     143.7 |       132.6 |         116.8 |      105.1 
       ij-ikl-ljk |    72 |   52 | 3744 | 1.00 | 1.00 |      63.3 |        62.9 |          53.2 |       38.2 
       ij-kil-lkj |    72 |   52 | 5184 | 1.00 | 1.00 |      62.5 |        63.0 |          52.5 |       38.1 
       ijk-ikl-lj |  3744 |   52 |   72 | 1.00 | 1.00 |     111.7 |       113.8 |          90.5 |       69.3 
       ijk-il-jlk |    72 | 3744 |   52 | 1.00 | 1.00 |      42.9 |       116.8 |          92.8 |       76.7 
       ijk-ilk-jl |  3744 |   72 |   52 | 1.00 | 1.00 |     125.9 |       129.3 |          95.2 |       82.9 
       ijk-ilk-lj |  3744 |   52 |   72 | 1.00 | 1.00 |     129.5 |       136.1 |         102.1 |       86.4 
     ijk-ilmk-mjl |   480 |   20 |  480 | 1.00 | 1.00 |     116.7 |       119.1 |          67.3 |       52.9 
   ijkl-imjn-lnkm |   480 |  480 |  400 | 1.00 | 0.80 |     185.9 |       186.8 |         170.3 |      144.5 
   ijkl-imjn-nlmk |   480 |  400 |  480 | 1.00 | 0.80 |     192.5 |       192.6 |         177.8 |      149.3 
   ijkl-imkn-jnlm |   480 |  480 |  400 | 1.00 | 1.00 |     191.4 |       190.9 |         176.3 |      151.5 
   ijkl-imkn-njml |   480 |  400 |  480 | 1.00 | 0.80 |     193.0 |       194.3 |         176.7 |      150.1 
   ijkl-imln-jnkm |   480 |  480 |  400 | 1.00 | 1.00 |     192.2 |       192.7 |         172.3 |      152.3 
   ijkl-imln-njmk |   480 |  400 |  480 | 1.00 | 0.80 |     191.8 |       193.5 |         173.5 |      151.5 
   ijkl-imnj-nlkm |   480 |  400 |  480 | 1.00 | 0.80 |     192.5 |       192.9 |         173.9 |      153.0 
   ijkl-imnk-njml |   480 |  400 |  480 | 1.00 | 0.80 |     190.4 |       194.5 |         181.1 |      152.7 
   ijkl-minj-nlmk |   480 |  400 |  576 | 1.00 | 0.80 |     188.1 |       187.9 |         174.1 |      149.3 
   ijkl-mink-jnlm |   480 |  480 |  480 | 1.00 | 1.00 |     190.8 |       191.8 |         173.2 |      149.3 
   ijkl-minl-njmk |   480 |  400 |  576 | 1.00 | 0.80 |     188.6 |       189.9 |         175.4 |      149.9 
     aqrs-pa-pqrs |    24 | 8000 |   24 | 0.00 | 0.00 |      78.6 |        31.6 |          75.0 |       43.2 
     abrs-qb-aqrs |    20 | 9600 |   24 | 1.00 | 1.00 |     105.9 |       107.8 |          72.2 |       40.1 
     abcs-rc-abrs |    20 | 9600 |   24 | 1.00 | 1.00 |     105.8 |       105.8 |          64.6 |       39.8 
       abj-bka-kj |  5184 |   52 |   72 | 1.00 | 1.00 |     128.4 |       126.9 |         106.6 |       85.1 
       ajb-kba-jk |  3744 |   72 |   72 | 1.00 | 1.00 |     146.4 |       167.9 |         137.4 |      113.4 
     abjc-cbka-kj | 11520 |   20 |   24 | 1.00 | 1.00 |      50.7 |        50.0 |          39.8 |       39.2 
     ajbc-ckba-jk | 11520 |   24 |   20 | 1.00 | 1.00 |      83.6 |        86.3 |          51.1 |       43.0 
     abjc-kbac-jk |  9600 |   24 |   24 | 1.00 | 1.00 |     113.4 |       114.2 |          72.2 |       47.2 
   abjcd-dkbac-jk | 82944 |   24 |   12 | 1.00 | 1.00 |      40.3 |        40.2 |          35.6 |       23.1 
   adbjc-cbdka-kj | 82944 |   12 |   24 | 1.00 | 1.00 |       9.1 |         9.0 |           8.5 |       18.3 
   ajbdc-ckbad-jk | 82944 |   24 |   12 | 1.00 | 1.00 |      38.7 |        38.3 |          34.0 |       23.4 
 abcijk-ijma-mkbc |  4608 |  512 |   24 | 1.00 | 1.00 |     111.4 |       131.1 |         117.5 |       94.9 
 abcijk-ijmb-mkac |  1536 | 1536 |   24 | 1.00 | 1.00 |     139.5 |       146.0 |         124.9 |       59.0 
 abcijk-ijmc-mkab |  1536 | 1536 |   24 | 1.00 | 1.00 |     137.3 |       130.9 |         124.0 |       80.3 
 abcijk-ikma-mjbc |  4608 |  512 |   24 | 1.00 | 1.00 |      93.2 |       124.2 |         118.5 |       94.0 
 abcijk-ikmb-mjac |  1536 | 1536 |   24 | 1.00 | 1.00 |     144.4 |       145.0 |         128.6 |       93.6 
 abcijk-ikmc-mjab |  1536 | 1536 |   24 | 1.00 | 1.00 |     138.2 |       143.5 |         120.5 |       85.1 
 abcijk-jkma-mibc |  4608 |  512 |   24 | 1.00 | 1.00 |     112.1 |       137.2 |         110.8 |      111.5 
 abcijk-jkmb-miac |  1536 | 1536 |   24 | 1.00 | 1.00 |     135.0 |       143.1 |         125.5 |       65.3 
 abcijk-jkmc-miab |  1536 | 1536 |   24 | 1.00 | 1.00 |     141.7 |       140.1 |         120.6 |       85.1 
 abcijk-eiab-jkec |  1536 | 1536 |   24 | 1.00 | 1.00 |     138.1 |       142.8 |         126.5 |       79.7 
 abcijk-eiac-jkeb |  1536 | 1536 |   24 | 1.00 | 1.00 |      90.1 |       137.9 |         130.1 |       62.4 
 abcijk-eibc-jkea |   512 | 4608 |   24 | 1.00 | 1.00 |     125.7 |       133.0 |         121.8 |      111.8 
 abcijk-ejab-ikec |  1536 | 1536 |   24 | 1.00 | 1.00 |     132.6 |       139.5 |         122.6 |       81.7 
 abcijk-ejac-ikeb |  1536 | 1536 |   24 | 1.00 | 1.00 |     146.8 |       148.7 |         133.8 |       87.3 
 abcijk-ejbc-ikea |   512 | 4608 |   24 | 1.00 | 1.00 |     129.3 |       134.4 |         116.8 |      100.7 
 abcijk-ekab-ijec |  1536 | 1536 |   24 | 1.00 | 1.00 |     136.2 |       141.6 |         122.5 |       86.6 
 abcijk-ekac-ijeb |  1536 | 1536 |   24 | 1.00 | 1.00 |     134.8 |       141.1 |         125.6 |       61.7 
 abcijk-ekbc-ijea |   512 | 4608 |   24 | 1.00 | 1.00 |     132.0 |       126.6 |         110.7 |      100.4 
       abc-bk-akc |    72 | 3744 |   52 | 1.00 | 1.00 |     150.0 |       167.1 |         130.4 |      108.7 

=== c64 ===
             case |     m |    n |    k | regA | regB | plan GF/s | packed GF/s | upstream GF/s | tblis GF/s 
------------------+-------+------+------+------+------+-----------+-------------+---------------+------------
         ij-ik-kj |   384 |  364 |  384 | 1.00 | 1.00 |     138.3 |       137.4 |         132.7 |      125.3 
       ij-ikl-ljk |    72 |   52 | 3744 | 1.00 | 1.00 |      65.2 |        65.3 |          61.0 |       77.8 
       ij-kil-lkj |    72 |   52 | 5184 | 1.00 | 1.00 |      60.0 |        59.8 |          56.6 |       75.5 
       ijk-ikl-lj |  3744 |   52 |   72 | 1.00 | 1.00 |     122.9 |       122.5 |         114.3 |       91.3 
       ijk-il-jlk |    72 | 3744 |   52 | 1.00 | 1.00 |      70.9 |        70.7 |          68.4 |      111.3 
       ijk-ilk-jl |  3744 |   72 |   52 | 0.89 | 1.00 |     141.8 |       141.9 |         131.0 |      122.2 
       ijk-ilk-lj |  3744 |   52 |   72 | 0.89 | 1.00 |     154.7 |       156.0 |         145.6 |      120.1 
     ijk-ilmk-mjl |   480 |   20 |  480 | 0.67 | 1.00 |     129.6 |       129.5 |         109.4 |      111.1 
   ijkl-imjn-lnkm |   480 |  480 |  400 | 0.67 | 0.80 |     113.1 |       173.0 |         167.9 |      165.7 
   ijkl-imjn-nlmk |   480 |  400 |  480 | 0.67 | 0.81 |     175.2 |       175.8 |         171.2 |      164.2 
   ijkl-imkn-jnlm |   480 |  480 |  400 | 0.67 | 1.00 |     174.8 |       174.1 |         168.0 |      167.9 
   ijkl-imkn-njml |   480 |  400 |  480 | 0.67 | 0.81 |     162.1 |       174.6 |         171.1 |      165.8 
   ijkl-imln-jnkm |   480 |  480 |  400 | 0.67 | 1.00 |     175.2 |       174.7 |         169.9 |      167.7 
   ijkl-imln-njmk |   480 |  400 |  480 | 0.67 | 0.81 |     176.3 |       176.0 |         171.2 |      168.8 
   ijkl-imnj-nlkm |   480 |  400 |  480 | 0.67 | 0.81 |     173.5 |       176.1 |         171.8 |      170.8 
   ijkl-imnk-njml |   480 |  400 |  480 | 0.67 | 0.81 |     174.7 |       175.9 |         171.6 |      170.6 
   ijkl-minj-nlmk |   480 |  400 |  576 | 0.67 | 0.81 |     124.8 |       167.9 |         163.2 |      161.6 
   ijkl-mink-jnlm |   480 |  480 |  480 | 0.67 | 1.00 |     169.2 |       169.4 |         168.1 |      167.8 
   ijkl-minl-njmk |   480 |  400 |  576 | 0.67 | 0.81 |     166.0 |       171.3 |         165.4 |      166.7 
     aqrs-pa-pqrs |    24 | 8000 |   24 | 1.00 | 1.00 |     104.2 |       104.3 |          87.4 |       91.6 
     abrs-qb-aqrs |    20 | 9600 |   24 | 1.00 | 1.00 |     148.7 |       149.4 |         115.2 |       79.0 
     abcs-rc-abrs |    20 | 9600 |   24 | 1.00 | 1.00 |     128.1 |       130.7 |         104.9 |       81.3 
       abj-bka-kj |  5184 |   52 |   72 | 0.89 | 1.00 |     156.2 |       153.1 |         144.1 |      100.2 
       ajb-kba-jk |  3744 |   72 |   72 | 0.89 | 1.00 |     176.4 |       177.1 |         162.5 |      131.8 
     abjc-cbka-kj | 11520 |   20 |   24 | 0.67 | 1.00 |      95.3 |        95.2 |          74.5 |       72.6 
     ajbc-ckba-jk | 11520 |   24 |   20 | 1.00 | 1.00 |      99.3 |       103.6 |          89.3 |       72.2 
     abjc-kbac-jk |  9600 |   24 |   24 | 0.67 | 1.00 |     146.6 |       144.3 |         116.5 |       84.0 
   abjcd-dkbac-jk | 82944 |   24 |   12 | 0.67 | 1.00 |      61.9 |        61.8 |          56.3 |       46.9 
   adbjc-cbdka-kj | 82944 |   12 |   24 | 0.67 | 1.00 |      29.6 |        28.5 |          27.9 |       31.0 
   ajbdc-ckbad-jk | 82944 |   24 |   12 | 1.00 | 1.00 |      59.6 |        59.0 |          51.2 |       47.6 
 abcijk-ijma-mkbc |  4608 |  512 |   24 | 1.00 | 0.97 |     154.3 |       158.4 |         147.8 |      123.4 
 abcijk-ijmb-mkac |  1536 | 1536 |   24 | 1.00 | 0.75 |     167.3 |       169.2 |         160.3 |      110.2 
 abcijk-ijmc-mkab |  1536 | 1536 |   24 | 1.00 | 0.50 |     167.7 |       166.0 |         161.1 |      135.4 
 abcijk-ikma-mjbc |  4608 |  512 |   24 | 1.00 | 0.97 |     157.9 |       154.5 |         150.1 |      124.7 
 abcijk-ikmb-mjac |  1536 | 1536 |   24 | 1.00 | 0.75 |     167.4 |       170.0 |         158.8 |      123.1 
 abcijk-ikmc-mjab |  1536 | 1536 |   24 | 1.00 | 0.50 |     164.8 |       165.4 |         159.9 |      126.8 
 abcijk-jkma-mibc |  4608 |  512 |   24 | 1.00 | 0.97 |     157.5 |       156.3 |         148.0 |      135.5 
 abcijk-jkmb-miac |  1536 | 1536 |   24 | 1.00 | 0.75 |     169.4 |       163.1 |         160.4 |      103.2 
 abcijk-jkmc-miab |  1536 | 1536 |   24 | 1.00 | 0.50 |     165.2 |       165.3 |         155.5 |      120.8 
 abcijk-eiab-jkec |  1536 | 1536 |   24 | 1.00 | 0.50 |     165.1 |       163.8 |         155.5 |      119.7 
 abcijk-eiac-jkeb |  1536 | 1536 |   24 | 1.00 | 0.75 |     168.6 |       170.1 |         161.0 |      103.7 
 abcijk-eibc-jkea |   512 | 4608 |   24 | 1.00 | 0.97 |     156.2 |       155.7 |         149.1 |      134.5 
 abcijk-ejab-ikec |  1536 | 1536 |   24 | 1.00 | 0.50 |     166.6 |       168.0 |         159.0 |      125.3 
 abcijk-ejac-ikeb |  1536 | 1536 |   24 | 1.00 | 0.75 |     170.9 |       167.3 |         158.8 |      123.3 
 abcijk-ejbc-ikea |   512 | 4608 |   24 | 1.00 | 0.97 |     157.5 |       156.5 |         149.8 |      124.1 
 abcijk-ekab-ijec |  1536 | 1536 |   24 | 1.00 | 0.50 |     167.8 |       166.3 |         158.9 |      137.7 
 abcijk-ekac-ijeb |  1536 | 1536 |   24 | 1.00 | 0.75 |     170.1 |       168.9 |         160.1 |      109.4 
 abcijk-ekbc-ijea |   512 | 4608 |   24 | 1.00 | 0.97 |     155.4 |       156.8 |         149.8 |      125.1 
       abc-bk-akc |    72 | 3744 |   52 | 0.89 | 1.00 |     177.7 |       177.8 |         165.6 |      145.6 

=== complex efficiency ratio (c64 GF/s over f64 GF/s; 1.0 = no penalty) ===
             case | plan c64/f64 | packed c64/f64 | upstream c64/f64 | tblis c64/f64 
------------------+--------------+----------------+------------------+---------------
         ij-ik-kj |        0.963 |          1.037 |            1.136 |         1.192 
       ij-ikl-ljk |        1.031 |          1.037 |            1.147 |         2.033 
       ij-kil-lkj |        0.961 |          0.949 |            1.077 |         1.982 
       ijk-ikl-lj |        1.100 |          1.076 |            1.263 |         1.317 
       ijk-il-jlk |        1.653 |          0.605 |            0.737 |         1.451 
       ijk-ilk-jl |        1.127 |          1.098 |            1.375 |         1.473 
       ijk-ilk-lj |        1.195 |          1.146 |            1.427 |         1.391 
     ijk-ilmk-mjl |        1.111 |          1.087 |            1.625 |         2.102 
   ijkl-imjn-lnkm |        0.609 |          0.926 |            0.986 |         1.146 
   ijkl-imjn-nlmk |        0.910 |          0.913 |            0.963 |         1.100 
   ijkl-imkn-jnlm |        0.913 |          0.912 |            0.953 |         1.108 
   ijkl-imkn-njml |        0.840 |          0.898 |            0.968 |         1.105 
   ijkl-imln-jnkm |        0.912 |          0.907 |            0.986 |         1.101 
   ijkl-imln-njmk |        0.919 |          0.910 |            0.987 |         1.114 
   ijkl-imnj-nlkm |        0.902 |          0.913 |            0.988 |         1.116 
   ijkl-imnk-njml |        0.918 |          0.905 |            0.947 |         1.117 
   ijkl-minj-nlmk |        0.663 |          0.894 |            0.937 |         1.083 
   ijkl-mink-jnlm |        0.887 |          0.883 |            0.970 |         1.124 
   ijkl-minl-njmk |        0.880 |          0.902 |            0.943 |         1.112 
     aqrs-pa-pqrs |        1.326 |          3.305 |            1.165 |         2.122 
     abrs-qb-aqrs |        1.404 |          1.386 |            1.596 |         1.970 
     abcs-rc-abrs |        1.211 |          1.235 |            1.624 |         2.044 
       abj-bka-kj |        1.217 |          1.206 |            1.352 |         1.178 
       ajb-kba-jk |        1.205 |          1.055 |            1.183 |         1.162 
     abjc-cbka-kj |        1.879 |          1.905 |            1.874 |         1.854 
     ajbc-ckba-jk |        1.187 |          1.201 |            1.746 |         1.678 
     abjc-kbac-jk |        1.293 |          1.264 |            1.615 |         1.781 
   abjcd-dkbac-jk |        1.537 |          1.536 |            1.584 |         2.030 
   adbjc-cbdka-kj |        3.249 |          3.152 |            3.274 |         1.696 
   ajbdc-ckbad-jk |        1.541 |          1.543 |            1.505 |         2.034 
 abcijk-ijma-mkbc |        1.386 |          1.209 |            1.258 |         1.301 
 abcijk-ijmb-mkac |        1.200 |          1.159 |            1.284 |         1.867 
 abcijk-ijmc-mkab |        1.221 |          1.268 |            1.299 |         1.687 
 abcijk-ikma-mjbc |        1.695 |          1.244 |            1.266 |         1.326 
 abcijk-ikmb-mjac |        1.159 |          1.172 |            1.235 |         1.315 
 abcijk-ikmc-mjab |        1.192 |          1.152 |            1.327 |         1.490 
 abcijk-jkma-mibc |        1.405 |          1.140 |            1.336 |         1.216 
 abcijk-jkmb-miac |        1.255 |          1.140 |            1.278 |         1.580 
 abcijk-jkmc-miab |        1.165 |          1.180 |            1.289 |         1.420 
 abcijk-eiab-jkec |        1.195 |          1.147 |            1.229 |         1.503 
 abcijk-eiac-jkeb |        1.870 |          1.233 |            1.238 |         1.662 
 abcijk-eibc-jkea |        1.243 |          1.170 |            1.224 |         1.203 
 abcijk-ejab-ikec |        1.256 |          1.204 |            1.297 |         1.534 
 abcijk-ejac-ikeb |        1.164 |          1.125 |            1.186 |         1.412 
 abcijk-ejbc-ikea |        1.218 |          1.165 |            1.282 |         1.233 
 abcijk-ekab-ijec |        1.232 |          1.174 |            1.297 |         1.589 
 abcijk-ekac-ijeb |        1.262 |          1.197 |            1.275 |         1.773 
 abcijk-ekbc-ijea |        1.177 |          1.238 |            1.353 |         1.245 
       abc-bk-akc |        1.184 |          1.064 |            1.270 |         1.340 
             MEAN |        1.225 |          1.208 |            1.289 |         1.478 

wrote /home/shinaoka/projects/tensor4all/tprims-rs/benchmarks/benchmarks/tcbench/results/scatter-wired/baseline/A2-1m-4t.pending.csv
