# threads: requested=4 pool=4 budget=4
host        : shinaoka-EVO-X1Pro
target      : x86_64 / linux
cpu features: avx2 fma avx512f avx512dq 
caches      : L1=48KiB/12-way/2sh L2=1024KiB/16-way/2sh L3=16384KiB/16-way/8sh (via sysfs), blocking=legacy
l3 domains  : t1=1 t4=1 t8=2
baselines   : tblis=true blas=false
tblis       : abi 2.x, 4 thread(s)

running 49 cases at 16 MiB nominal tensor size, 5 reps, stress=none


=== f64 ===
             case |      m |     n |     k | regA | regB | plan GF/s | packed GF/s | upstream GF/s | tblis GF/s 
------------------+--------+-------+-------+------+------+-----------+-------------+---------------+------------
         ij-ik-kj |   1464 |  1448 |  1464 | 0.00 | 0.00 |     145.2 |       130.6 |         127.3 |      173.3 
       ij-ikl-ljk |    144 |   128 | 18432 | 1.00 | 1.00 |     104.2 |       101.2 |          98.0 |       88.9 
       ij-kil-lkj |    144 |   128 | 20736 | 1.00 | 1.00 |      98.4 |        97.6 |          96.0 |       80.5 
       ijk-ikl-lj |  18432 |   128 |   144 | 1.00 | 1.00 |     156.1 |       159.8 |         156.3 |      107.1 
       ijk-il-jlk |    144 | 18432 |   128 | 1.00 | 1.00 |     115.3 |       114.1 |         106.4 |      142.7 
       ijk-ilk-jl |  18432 |   144 |   128 | 1.00 | 1.00 |     166.5 |       169.6 |         165.2 |      121.2 
       ijk-ilk-lj |  18432 |   128 |   144 | 1.00 | 1.00 |     168.7 |       170.0 |         161.8 |      116.4 
     ijk-ilmk-mjl |   1920 |    40 |  1920 | 1.00 | 1.00 |     128.6 |       137.8 |         130.0 |       76.8 
   ijkl-imjn-lnkm |   1920 |  1920 |  1600 | 1.00 | 1.00 |     178.7 |       178.9 |         174.6 |      176.8 
   ijkl-imjn-nlmk |   1920 |  1600 |  1920 | 1.00 | 1.00 |     181.1 |       180.9 |         177.2 |      172.8 
   ijkl-imkn-jnlm |   1920 |  1920 |  1600 | 1.00 | 1.00 |     180.6 |       180.9 |         177.3 |      175.7 
   ijkl-imkn-njml |   1920 |  1600 |  1920 | 1.00 | 1.00 |     181.5 |       181.4 |         178.1 |      170.7 
   ijkl-imln-jnkm |   1920 |  1920 |  1600 | 1.00 | 1.00 |     182.1 |       181.2 |         176.6 |      173.5 
   ijkl-imln-njmk |   1920 |  1600 |  1920 | 1.00 | 1.00 |     182.2 |       182.2 |         178.0 |      170.3 
   ijkl-imnj-nlkm |   1920 |  1600 |  1920 | 1.00 | 1.00 |     180.7 |       180.8 |         176.8 |      175.7 
   ijkl-imnk-njml |   1920 |  1600 |  1920 | 1.00 | 1.00 |     181.2 |       181.3 |         179.0 |      174.4 
   ijkl-minj-nlmk |   1920 |  1600 |  2304 | 1.00 | 1.00 |     177.5 |       177.8 |         175.2 |      172.6 
   ijkl-mink-jnlm |   1920 |  1920 |  1920 | 1.00 | 1.00 |     179.9 |       179.7 |         175.6 |      175.3 
   ijkl-minl-njmk |   1920 |  1600 |  2304 | 1.00 | 1.00 |     178.2 |       178.2 |         174.0 |      175.5 
     aqrs-pa-pqrs |     48 | 64000 |    48 | 0.00 | 0.00 |     116.6 |       107.8 |         100.3 |       61.4 
     abrs-qb-aqrs |     40 | 76800 |    48 | 1.00 | 1.00 |     124.1 |       122.6 |         121.4 |       62.9 
     abcs-rc-abrs |     40 | 76800 |    48 | 1.00 | 1.00 |     109.0 |       102.8 |         110.3 |       56.8 
       abj-bka-kj |  20736 |   128 |   144 | 1.00 | 1.00 |     134.3 |       135.6 |         131.5 |       77.5 
       ajb-kba-jk |  18432 |   144 |   144 | 1.00 | 1.00 |     159.0 |       160.3 |         156.3 |      126.8 
     abjc-cbka-kj |  92160 |    40 |    48 | 1.00 | 1.00 |      27.8 |        28.1 |          26.1 |       40.5 
     ajbc-ckba-jk |  92160 |    48 |    40 | 1.00 | 1.00 |      43.3 |        43.3 |          41.2 |       65.4 
     abjc-kbac-jk |  76800 |    48 |    48 | 1.00 | 1.00 |      94.0 |        99.2 |          93.0 |       51.3 
   abjcd-dkbac-jk | 230400 |    24 |    20 | 1.00 | 1.00 |      31.6 |        31.5 |          29.5 |       30.2 
   adbjc-cbdka-kj | 230400 |    20 |    24 | 1.00 | 1.00 |      16.7 |        16.9 |          15.8 |       17.4 
   ajbdc-ckbad-jk | 230400 |    24 |    20 | 1.00 | 1.00 |      31.2 |        31.2 |          29.6 |       32.5 
 abcijk-ijma-mkbc |   6912 |  1728 |    24 | 1.00 | 1.00 |     129.0 |       130.3 |         121.3 |      110.2 
 abcijk-ijmb-mkac |   3456 |  3456 |    24 | 1.00 | 0.67 |     124.2 |       123.5 |         116.3 |       66.3 
 abcijk-ijmc-mkab |   3456 |  3456 |    24 | 1.00 | 0.67 |     120.0 |       119.6 |         112.2 |       83.5 
 abcijk-ikma-mjbc |   6912 |  1728 |    24 | 1.00 | 1.00 |     130.5 |       130.3 |         121.2 |      110.0 
 abcijk-ikmb-mjac |   3456 |  3456 |    24 | 1.00 | 0.67 |     123.9 |       123.8 |         116.3 |       90.5 
 abcijk-ikmc-mjab |   3456 |  3456 |    24 | 1.00 | 0.67 |     121.3 |       121.0 |         113.6 |       79.8 
 abcijk-jkma-mibc |   6912 |  1728 |    24 | 1.00 | 1.00 |     132.2 |       133.5 |         123.4 |      111.9 
 abcijk-jkmb-miac |   3456 |  3456 |    24 | 1.00 | 0.67 |     123.5 |       122.5 |         115.7 |       46.9 
 abcijk-jkmc-miab |   3456 |  3456 |    24 | 1.00 | 0.67 |     119.5 |       118.6 |         114.8 |       61.7 
 abcijk-eiab-jkec |   3456 |  3456 |    24 | 1.00 | 0.67 |     119.6 |       119.1 |         113.5 |       61.6 
 abcijk-eiac-jkeb |   3456 |  3456 |    24 | 1.00 | 0.67 |     123.2 |       123.0 |         116.1 |       46.6 
 abcijk-eibc-jkea |   1728 |  6912 |    24 | 1.00 | 1.00 |     132.7 |       133.1 |         123.7 |      111.5 
 abcijk-ejab-ikec |   3456 |  3456 |    24 | 1.00 | 0.67 |     120.3 |       120.0 |         113.4 |       77.4 
 abcijk-ejac-ikeb |   3456 |  3456 |    24 | 1.00 | 0.67 |     123.9 |       123.7 |         116.3 |       88.2 
 abcijk-ejbc-ikea |   1728 |  6912 |    24 | 1.00 | 1.00 |     129.6 |       130.2 |         121.2 |      110.0 
 abcijk-ekab-ijec |   3456 |  3456 |    24 | 1.00 | 0.67 |     119.5 |       120.2 |         113.6 |       84.3 
 abcijk-ekac-ijeb |   3456 |  3456 |    24 | 1.00 | 0.67 |     122.9 |       123.8 |         116.8 |       65.3 
 abcijk-ekbc-ijea |   1728 |  6912 |    24 | 1.00 | 1.00 |     130.2 |       131.1 |         120.4 |      109.9 
       abc-bk-akc |    144 | 18432 |   128 | 1.00 | 1.00 |     166.4 |       166.5 |         164.2 |      123.3 

=== c64 ===
             case |      m |     n |     k | regA | regB | plan GF/s | packed GF/s | upstream GF/s | tblis GF/s 
------------------+--------+-------+-------+------+------+-----------+-------------+---------------+------------
         ij-ik-kj |   1464 |  1448 |  1464 | 1.00 | 1.00 |     190.8 |       190.8 |         189.6 |      184.5 
       ij-ikl-ljk |    144 |   128 | 18432 | 1.00 | 1.00 |     120.5 |       120.2 |         116.3 |      119.2 
       ij-kil-lkj |    144 |   128 | 20736 | 1.00 | 1.00 |     117.2 |       116.7 |         111.7 |      109.1 
       ijk-ikl-lj |  18432 |   128 |   144 | 1.00 | 1.00 |     181.6 |       180.7 |         177.5 |      136.3 
       ijk-il-jlk |    144 | 18432 |   128 | 1.00 | 1.00 |     137.7 |       137.1 |         137.0 |      167.0 
       ijk-ilk-jl |  18432 |   144 |   128 | 1.00 | 1.00 |     192.1 |       191.6 |         189.7 |      143.5 
       ijk-ilk-lj |  18432 |   128 |   144 | 1.00 | 1.00 |     185.6 |       186.4 |         184.6 |      139.2 
     ijk-ilmk-mjl |   1920 |    40 |  1920 | 1.00 | 1.00 |     148.2 |       149.1 |         145.8 |       98.9 
   ijkl-imjn-lnkm |   1920 |  1920 |  1600 | 1.00 | 0.90 |     187.0 |       187.2 |         184.4 |      180.0 
   ijkl-imjn-nlmk |   1920 |  1600 |  1920 | 1.00 | 0.90 |     188.1 |       188.0 |         186.3 |      179.3 
   ijkl-imkn-jnlm |   1920 |  1920 |  1600 | 1.00 | 1.00 |     190.1 |       190.1 |         188.1 |      178.2 
   ijkl-imkn-njml |   1920 |  1600 |  1920 | 1.00 | 0.90 |     189.7 |       189.7 |         187.5 |      178.0 
   ijkl-imln-jnkm |   1920 |  1920 |  1600 | 1.00 | 1.00 |     190.7 |       190.8 |         188.6 |      178.2 
   ijkl-imln-njmk |   1920 |  1600 |  1920 | 1.00 | 0.90 |     190.5 |       190.4 |         188.2 |      179.0 
   ijkl-imnj-nlkm |   1920 |  1600 |  1920 | 1.00 | 0.90 |     188.4 |       188.4 |         186.6 |      179.8 
   ijkl-imnk-njml |   1920 |  1600 |  1920 | 1.00 | 0.90 |     190.1 |       190.1 |         188.0 |      179.0 
   ijkl-minj-nlmk |   1920 |  1600 |  2304 | 1.00 | 0.90 |     185.9 |       185.9 |         184.4 |      178.7 
   ijkl-mink-jnlm |   1920 |  1920 |  1920 | 1.00 | 1.00 |     188.3 |       188.4 |         185.7 |      179.4 
   ijkl-minl-njmk |   1920 |  1600 |  2304 | 1.00 | 0.90 |     188.1 |       188.2 |         185.9 |      178.0 
     aqrs-pa-pqrs |     48 | 64000 |    48 | 1.00 | 1.00 |     147.3 |       147.2 |         142.9 |      113.5 
     abrs-qb-aqrs |     40 | 76800 |    48 | 1.00 | 1.00 |     158.1 |       157.3 |         152.4 |      100.5 
     abcs-rc-abrs |     40 | 76800 |    48 | 1.00 | 1.00 |     150.4 |       151.0 |         144.9 |       95.1 
       abj-bka-kj |  20736 |   128 |   144 | 1.00 | 1.00 |     157.2 |       156.8 |         154.4 |      115.2 
       ajb-kba-jk |  18432 |   144 |   144 | 1.00 | 1.00 |     190.2 |       190.0 |         186.7 |      153.4 
     abjc-cbka-kj |  92160 |    40 |    48 | 1.00 | 1.00 |      71.9 |        70.3 |          70.0 |       72.7 
     ajbc-ckba-jk |  92160 |    48 |    40 | 1.00 | 1.00 |      96.5 |        96.5 |          94.7 |      103.9 
     abjc-kbac-jk |  76800 |    48 |    48 | 1.00 | 1.00 |     155.9 |       155.2 |         157.1 |       79.2 
   abjcd-dkbac-jk | 230400 |    24 |    20 | 0.67 | 1.00 |      68.1 |        68.1 |          65.1 |       63.2 
   adbjc-cbdka-kj | 230400 |    20 |    24 | 0.67 | 1.00 |      38.2 |        40.2 |          37.2 |       47.5 
   ajbdc-ckbad-jk | 230400 |    24 |    20 | 1.00 | 1.00 |      58.3 |        58.7 |          55.3 |       67.7 
 abcijk-ijma-mkbc |   6912 |  1728 |    24 | 1.00 | 1.00 |     166.6 |       157.8 |         161.3 |      142.3 
 abcijk-ijmb-mkac |   3456 |  3456 |    24 | 1.00 | 1.00 |     171.4 |       171.5 |         167.2 |      108.3 
 abcijk-ijmc-mkab |   3456 |  3456 |    24 | 1.00 | 1.00 |     168.6 |       167.7 |         166.3 |      138.9 
 abcijk-ikma-mjbc |   6912 |  1728 |    24 | 1.00 | 1.00 |     166.4 |       165.1 |         161.4 |      142.2 
 abcijk-ikmb-mjac |   3456 |  3456 |    24 | 1.00 | 1.00 |     171.3 |       171.5 |         166.9 |      127.7 
 abcijk-ikmc-mjab |   3456 |  3456 |    24 | 1.00 | 1.00 |     169.2 |       168.6 |         165.1 |      123.8 
 abcijk-jkma-mibc |   6912 |  1728 |    24 | 1.00 | 1.00 |     166.6 |       167.3 |         161.8 |      142.6 
 abcijk-jkmb-miac |   3456 |  3456 |    24 | 1.00 | 1.00 |     160.4 |       169.6 |         165.6 |       84.8 
 abcijk-jkmc-miab |   3456 |  3456 |    24 | 1.00 | 1.00 |     166.8 |       165.7 |         163.0 |       98.8 
 abcijk-eiab-jkec |   3456 |  3456 |    24 | 1.00 | 1.00 |     166.0 |       167.4 |         164.1 |       99.1 
 abcijk-eiac-jkeb |   3456 |  3456 |    24 | 1.00 | 1.00 |     171.2 |       171.8 |         168.0 |       85.3 
 abcijk-eibc-jkea |   1728 |  6912 |    24 | 1.00 | 1.00 |     167.3 |       167.3 |         162.0 |      142.7 
 abcijk-ejab-ikec |   3456 |  3456 |    24 | 1.00 | 1.00 |     168.8 |       169.0 |         165.1 |      124.4 
 abcijk-ejac-ikeb |   3456 |  3456 |    24 | 1.00 | 1.00 |     170.6 |       171.0 |         166.0 |      127.7 
 abcijk-ejbc-ikea |   1728 |  6912 |    24 | 1.00 | 1.00 |     164.6 |       166.6 |         160.3 |      142.0 
 abcijk-ekab-ijec |   3456 |  3456 |    24 | 1.00 | 1.00 |     170.4 |       169.0 |         165.9 |      139.0 
 abcijk-ekac-ijeb |   3456 |  3456 |    24 | 1.00 | 1.00 |     171.4 |       171.2 |         169.3 |      108.3 
 abcijk-ekbc-ijea |   1728 |  6912 |    24 | 1.00 | 1.00 |     166.3 |       166.4 |         161.1 |      142.4 
       abc-bk-akc |    144 | 18432 |   128 | 1.00 | 1.00 |     192.2 |       191.4 |         190.0 |      143.4 

=== complex efficiency ratio (c64 GF/s over f64 GF/s; 1.0 = no penalty) ===
             case | plan c64/f64 | packed c64/f64 | upstream c64/f64 | tblis c64/f64 
------------------+--------------+----------------+------------------+---------------
         ij-ik-kj |        1.314 |          1.462 |            1.489 |         1.064 
       ij-ikl-ljk |        1.157 |          1.188 |            1.187 |         1.340 
       ij-kil-lkj |        1.191 |          1.195 |            1.164 |         1.354 
       ijk-ikl-lj |        1.163 |          1.131 |            1.136 |         1.272 
       ijk-il-jlk |        1.194 |          1.202 |            1.287 |         1.170 
       ijk-ilk-jl |        1.153 |          1.130 |            1.148 |         1.185 
       ijk-ilk-lj |        1.100 |          1.096 |            1.141 |         1.196 
     ijk-ilmk-mjl |        1.153 |          1.082 |            1.122 |         1.287 
   ijkl-imjn-lnkm |        1.047 |          1.047 |            1.056 |         1.018 
   ijkl-imjn-nlmk |        1.039 |          1.039 |            1.051 |         1.037 
   ijkl-imkn-jnlm |        1.053 |          1.051 |            1.061 |         1.014 
   ijkl-imkn-njml |        1.045 |          1.046 |            1.053 |         1.042 
   ijkl-imln-jnkm |        1.047 |          1.053 |            1.068 |         1.027 
   ijkl-imln-njmk |        1.045 |          1.045 |            1.057 |         1.051 
   ijkl-imnj-nlkm |        1.042 |          1.042 |            1.055 |         1.024 
   ijkl-imnk-njml |        1.049 |          1.049 |            1.050 |         1.026 
   ijkl-minj-nlmk |        1.047 |          1.046 |            1.052 |         1.036 
   ijkl-mink-jnlm |        1.047 |          1.048 |            1.057 |         1.023 
   ijkl-minl-njmk |        1.056 |          1.056 |            1.068 |         1.015 
     aqrs-pa-pqrs |        1.264 |          1.365 |            1.425 |         1.848 
     abrs-qb-aqrs |        1.273 |          1.283 |            1.256 |         1.598 
     abcs-rc-abrs |        1.380 |          1.469 |            1.313 |         1.673 
       abj-bka-kj |        1.171 |          1.156 |            1.174 |         1.486 
       ajb-kba-jk |        1.196 |          1.185 |            1.195 |         1.210 
     abjc-cbka-kj |        2.585 |          2.503 |            2.685 |         1.795 
     ajbc-ckba-jk |        2.228 |          2.230 |            2.298 |         1.588 
     abjc-kbac-jk |        1.658 |          1.565 |            1.689 |         1.546 
   abjcd-dkbac-jk |        2.157 |          2.164 |            2.203 |         2.093 
   adbjc-cbdka-kj |        2.289 |          2.387 |            2.354 |         2.734 
   ajbdc-ckbad-jk |        1.869 |          1.882 |            1.870 |         2.083 
 abcijk-ijma-mkbc |        1.292 |          1.211 |            1.329 |         1.292 
 abcijk-ijmb-mkac |        1.380 |          1.389 |            1.438 |         1.634 
 abcijk-ijmc-mkab |        1.405 |          1.403 |            1.483 |         1.664 
 abcijk-ikma-mjbc |        1.275 |          1.267 |            1.331 |         1.293 
 abcijk-ikmb-mjac |        1.382 |          1.386 |            1.436 |         1.411 
 abcijk-ikmc-mjab |        1.395 |          1.393 |            1.453 |         1.551 
 abcijk-jkma-mibc |        1.260 |          1.253 |            1.311 |         1.273 
 abcijk-jkmb-miac |        1.299 |          1.384 |            1.432 |         1.810 
 abcijk-jkmc-miab |        1.396 |          1.397 |            1.421 |         1.600 
 abcijk-eiab-jkec |        1.388 |          1.406 |            1.446 |         1.607 
 abcijk-eiac-jkeb |        1.389 |          1.397 |            1.447 |         1.829 
 abcijk-eibc-jkea |        1.261 |          1.257 |            1.310 |         1.280 
 abcijk-ejab-ikec |        1.403 |          1.409 |            1.457 |         1.608 
 abcijk-ejac-ikeb |        1.376 |          1.383 |            1.428 |         1.448 
 abcijk-ejbc-ikea |        1.271 |          1.279 |            1.323 |         1.291 
 abcijk-ekab-ijec |        1.426 |          1.405 |            1.461 |         1.649 
 abcijk-ekac-ijeb |        1.394 |          1.382 |            1.449 |         1.658 
 abcijk-ekbc-ijea |        1.277 |          1.269 |            1.338 |         1.296 
       abc-bk-akc |        1.155 |          1.149 |            1.157 |         1.163 
             MEAN |        1.335 |          1.339 |            1.372 |         1.412 

wrote /home/shinaoka/projects/tensor4all/tprims-rs/benchmarks/benchmarks/tcbench/results/scatter-wired/baseline/A2-16m-4t.pending.csv
