# threads: requested=8 pool=8 budget=8
host        : shinaoka-EVO-X1Pro
target      : x86_64 / linux
cpu features: avx2 fma avx512f avx512dq 
caches      : L1=48KiB/12-way/2sh L2=1024KiB/16-way/2sh L3=16384KiB/16-way/8sh (via sysfs), blocking=legacy
l3 domains  : t1=1 t4=1 t8=2 t16=4
baselines   : tblis=true blas=false
tblis       : abi 2.x, 8 thread(s)

running 49 cases at 16 MiB nominal tensor size, 5 reps, stress=none


=== f64 ===
             case |      m |     n |     k | regA | regB | plan GF/s | packed GF/s | upstream GF/s | tblis GF/s 
------------------+--------+-------+-------+------+------+-----------+-------------+---------------+------------
         ij-ik-kj |   1464 |  1448 |  1464 | 0.00 | 0.00 |     283.0 |       254.2 |         246.8 |      318.9 
       ij-ikl-ljk |    144 |   128 | 18432 | 1.00 | 1.00 |     189.8 |       211.8 |         194.8 |      133.6 
       ij-kil-lkj |    144 |   128 | 20736 | 1.00 | 1.00 |     181.7 |       182.7 |         167.6 |      117.9 
       ijk-ikl-lj |  18432 |   128 |   144 | 1.00 | 1.00 |     295.9 |       288.0 |         263.9 |      168.3 
       ijk-il-jlk |    144 | 18432 |   128 | 1.00 | 1.00 |     299.1 |       300.1 |         280.6 |      265.5 
       ijk-ilk-jl |  18432 |   144 |   128 | 1.00 | 1.00 |     310.7 |       314.7 |         296.4 |      205.0 
       ijk-ilk-lj |  18432 |   128 |   144 | 1.00 | 1.00 |     306.0 |       310.7 |         292.6 |      187.2 
     ijk-ilmk-mjl |   1920 |    40 |  1920 | 1.00 | 1.00 |     171.4 |       213.2 |         185.3 |      151.2 
   ijkl-imjn-lnkm |   1920 |  1920 |  1600 | 1.00 | 1.00 |     332.0 |       331.9 |         321.3 |      326.2 
   ijkl-imjn-nlmk |   1920 |  1600 |  1920 | 1.00 | 1.00 |     329.7 |       330.1 |         321.9 |      329.9 
   ijkl-imkn-jnlm |   1920 |  1920 |  1600 | 1.00 | 1.00 |     349.3 |       349.0 |         341.1 |      320.6 
   ijkl-imkn-njml |   1920 |  1600 |  1920 | 1.00 | 1.00 |     348.2 |       347.7 |         331.2 |      328.6 
   ijkl-imln-jnkm |   1920 |  1920 |  1600 | 1.00 | 1.00 |     351.6 |       352.8 |         341.6 |      319.9 
   ijkl-imln-njmk |   1920 |  1600 |  1920 | 1.00 | 1.00 |     350.1 |       350.4 |         337.9 |      327.4 
   ijkl-imnj-nlkm |   1920 |  1600 |  1920 | 1.00 | 1.00 |     328.0 |       328.3 |         318.5 |      333.1 
   ijkl-imnk-njml |   1920 |  1600 |  1920 | 1.00 | 1.00 |     343.0 |       346.4 |         338.4 |      329.7 
   ijkl-minj-nlmk |   1920 |  1600 |  2304 | 1.00 | 1.00 |     328.8 |       329.1 |         320.7 |      318.7 
   ijkl-mink-jnlm |   1920 |  1920 |  1920 | 1.00 | 1.00 |     349.6 |       349.1 |         339.5 |      324.9 
   ijkl-minl-njmk |   1920 |  1600 |  2304 | 1.00 | 1.00 |     350.0 |       350.2 |         339.7 |      319.7 
     aqrs-pa-pqrs |     48 | 64000 |    48 | 0.00 | 0.00 |     197.0 |       179.3 |         161.9 |      109.2 
     abrs-qb-aqrs |     40 | 76800 |    48 | 1.00 | 1.00 |     190.6 |       196.9 |         176.4 |      106.1 
     abcs-rc-abrs |     40 | 76800 |    48 | 1.00 | 1.00 |     147.5 |       152.0 |         135.6 |       70.6 
       abj-bka-kj |  20736 |   128 |   144 | 1.00 | 1.00 |     178.6 |       177.0 |         168.4 |      114.7 
       ajb-kba-jk |  18432 |   144 |   144 | 1.00 | 1.00 |     284.2 |       287.3 |         266.6 |      204.1 
     abjc-cbka-kj |  92160 |    40 |    48 | 1.00 | 1.00 |      42.6 |        41.7 |          41.2 |       54.7 
     ajbc-ckba-jk |  92160 |    48 |    40 | 1.00 | 1.00 |      70.5 |        70.2 |          65.9 |       87.7 
     abjc-kbac-jk |  76800 |    48 |    48 | 1.00 | 1.00 |     146.1 |       145.8 |         134.2 |       75.6 
   abjcd-dkbac-jk | 230400 |    24 |    20 | 1.00 | 1.00 |      49.6 |        49.6 |          45.9 |       42.6 
   adbjc-cbdka-kj | 230400 |    20 |    24 | 1.00 | 1.00 |      27.0 |        26.8 |          26.8 |       20.8 
   ajbdc-ckbad-jk | 230400 |    24 |    20 | 1.00 | 1.00 |      49.3 |        49.8 |          45.3 |       46.9 
 abcijk-ijma-mkbc |   6912 |  1728 |    24 | 1.00 | 1.00 |     156.0 |       156.1 |         155.7 |      147.1 
 abcijk-ijmb-mkac |   3456 |  3456 |    24 | 1.00 | 0.67 |     161.3 |       160.0 |         152.4 |       89.3 
 abcijk-ijmc-mkab |   3456 |  3456 |    24 | 1.00 | 0.67 |     159.0 |       159.4 |         153.8 |      107.3 
 abcijk-ikma-mjbc |   6912 |  1728 |    24 | 1.00 | 1.00 |     156.7 |       156.5 |         154.7 |      147.1 
 abcijk-ikmb-mjac |   3456 |  3456 |    24 | 1.00 | 0.67 |     162.3 |       159.3 |         152.9 |      119.5 
 abcijk-ikmc-mjab |   3456 |  3456 |    24 | 1.00 | 0.67 |     158.1 |       156.5 |         152.6 |      106.9 
 abcijk-jkma-mibc |   6912 |  1728 |    24 | 1.00 | 1.00 |     155.9 |       155.9 |         154.4 |      149.9 
 abcijk-jkmb-miac |   3456 |  3456 |    24 | 1.00 | 0.67 |     159.9 |       159.0 |         152.3 |       78.9 
 abcijk-jkmc-miab |   3456 |  3456 |    24 | 1.00 | 0.67 |     158.5 |       158.0 |         151.5 |       86.0 
 abcijk-eiab-jkec |   3456 |  3456 |    24 | 1.00 | 0.67 |     158.4 |       153.6 |         152.8 |       85.6 
 abcijk-eiac-jkeb |   3456 |  3456 |    24 | 1.00 | 0.67 |     161.2 |       160.3 |         148.6 |       78.5 
 abcijk-eibc-jkea |   1728 |  6912 |    24 | 1.00 | 1.00 |     156.8 |       155.2 |         155.3 |      150.4 
 abcijk-ejab-ikec |   3456 |  3456 |    24 | 1.00 | 0.67 |     160.0 |       158.7 |         152.6 |      106.1 
 abcijk-ejac-ikeb |   3456 |  3456 |    24 | 1.00 | 0.67 |     160.0 |       159.7 |         151.6 |      119.5 
 abcijk-ejbc-ikea |   1728 |  6912 |    24 | 1.00 | 1.00 |     156.6 |       155.8 |         152.4 |      148.4 
 abcijk-ekab-ijec |   3456 |  3456 |    24 | 1.00 | 0.67 |     159.3 |       156.7 |         152.5 |      107.9 
 abcijk-ekac-ijeb |   3456 |  3456 |    24 | 1.00 | 0.67 |     162.5 |       159.4 |         152.0 |       82.6 
 abcijk-ekbc-ijea |   1728 |  6912 |    24 | 1.00 | 1.00 |     156.8 |       155.3 |         152.7 |      148.1 
       abc-bk-akc |    144 | 18432 |   128 | 1.00 | 1.00 |     295.0 |       315.0 |         295.9 |      196.6 

=== c64 ===
             case |      m |     n |     k | regA | regB | plan GF/s | packed GF/s | upstream GF/s | tblis GF/s 
------------------+--------+-------+-------+------+------+-----------+-------------+---------------+------------
         ij-ik-kj |   1464 |  1448 |  1464 | 1.00 | 1.00 |     348.7 |       349.1 |         335.9 |      359.0 
       ij-ikl-ljk |    144 |   128 | 18432 | 1.00 | 1.00 |     168.4 |       169.3 |         162.4 |      198.2 
       ij-kil-lkj |    144 |   128 | 20736 | 1.00 | 1.00 |     164.7 |       163.9 |         157.2 |      173.4 
       ijk-ikl-lj |  18432 |   128 |   144 | 1.00 | 1.00 |     345.3 |       345.7 |         338.7 |      232.4 
       ijk-il-jlk |    144 | 18432 |   128 | 1.00 | 1.00 |     202.5 |       203.2 |         200.9 |      331.3 
       ijk-ilk-jl |  18432 |   144 |   128 | 1.00 | 1.00 |     368.3 |       370.6 |         361.9 |      257.4 
       ijk-ilk-lj |  18432 |   128 |   144 | 1.00 | 1.00 |     357.4 |       359.4 |         351.7 |      251.1 
     ijk-ilmk-mjl |   1920 |    40 |  1920 | 1.00 | 1.00 |     256.6 |       268.5 |         254.9 |      202.8 
   ijkl-imjn-lnkm |   1920 |  1920 |  1600 | 1.00 | 0.90 |     347.1 |       347.7 |         336.1 |      352.4 
   ijkl-imjn-nlmk |   1920 |  1600 |  1920 | 1.00 | 0.90 |     351.9 |       352.4 |         347.0 |      350.6 
   ijkl-imkn-jnlm |   1920 |  1920 |  1600 | 1.00 | 1.00 |     363.1 |       362.8 |         356.7 |      346.0 
   ijkl-imkn-njml |   1920 |  1600 |  1920 | 1.00 | 0.90 |     358.9 |       358.8 |         349.6 |      349.9 
   ijkl-imln-jnkm |   1920 |  1920 |  1600 | 1.00 | 1.00 |     364.4 |       364.4 |         355.3 |      347.1 
   ijkl-imln-njmk |   1920 |  1600 |  1920 | 1.00 | 0.90 |     359.8 |       360.2 |         350.3 |      351.3 
   ijkl-imnj-nlkm |   1920 |  1600 |  1920 | 1.00 | 0.90 |     353.1 |       353.3 |         344.3 |      352.3 
   ijkl-imnk-njml |   1920 |  1600 |  1920 | 1.00 | 0.90 |     360.2 |       360.2 |         354.9 |      350.7 
   ijkl-minj-nlmk |   1920 |  1600 |  2304 | 1.00 | 0.90 |     353.4 |       354.1 |         348.0 |      347.1 
   ijkl-mink-jnlm |   1920 |  1920 |  1920 | 1.00 | 1.00 |     364.0 |       364.1 |         356.4 |      351.6 
   ijkl-minl-njmk |   1920 |  1600 |  2304 | 1.00 | 0.90 |     360.5 |       360.2 |         352.3 |      350.5 
     aqrs-pa-pqrs |     48 | 64000 |    48 | 1.00 | 1.00 |     268.5 |       268.1 |         258.0 |      198.8 
     abrs-qb-aqrs |     40 | 76800 |    48 | 1.00 | 1.00 |     293.2 |       295.3 |         277.3 |      139.3 
     abcs-rc-abrs |     40 | 76800 |    48 | 1.00 | 1.00 |     255.1 |       239.5 |         242.5 |      124.3 
       abj-bka-kj |  20736 |   128 |   144 | 1.00 | 1.00 |     286.6 |       287.1 |         271.7 |      193.6 
       ajb-kba-jk |  18432 |   144 |   144 | 1.00 | 1.00 |     366.9 |       360.4 |         352.4 |      265.8 
     abjc-cbka-kj |  92160 |    40 |    48 | 1.00 | 1.00 |     117.8 |       118.3 |         115.8 |      109.6 
     ajbc-ckba-jk |  92160 |    48 |    40 | 1.00 | 1.00 |      35.0 |        34.9 |          33.5 |      135.3 
     abjc-kbac-jk |  76800 |    48 |    48 | 1.00 | 1.00 |     205.3 |       205.7 |         199.1 |      129.1 
   abjcd-dkbac-jk | 230400 |    24 |    20 | 0.67 | 1.00 |      98.7 |        98.1 |          96.5 |       81.9 
   adbjc-cbdka-kj | 230400 |    20 |    24 | 0.67 | 1.00 |      63.3 |        66.3 |          63.0 |       61.8 
   ajbdc-ckbad-jk | 230400 |    24 |    20 | 1.00 | 1.00 |      33.3 |        30.6 |          31.8 |       91.0 
 abcijk-ijma-mkbc |   6912 |  1728 |    24 | 1.00 | 1.00 |     224.6 |       224.6 |         218.2 |      233.5 
 abcijk-ijmb-mkac |   3456 |  3456 |    24 | 1.00 | 1.00 |     256.7 |       266.1 |         279.2 |      170.4 
 abcijk-ijmc-mkab |   3456 |  3456 |    24 | 1.00 | 1.00 |     261.4 |       261.3 |         252.4 |      221.6 
 abcijk-ikma-mjbc |   6912 |  1728 |    24 | 1.00 | 1.00 |     218.0 |       219.3 |         215.8 |      233.1 
 abcijk-ikmb-mjac |   3456 |  3456 |    24 | 1.00 | 1.00 |     261.1 |       269.9 |         276.2 |      205.1 
 abcijk-ikmc-mjab |   3456 |  3456 |    24 | 1.00 | 1.00 |     262.0 |       260.5 |         253.8 |      196.1 
 abcijk-jkma-mibc |   6912 |  1728 |    24 | 1.00 | 1.00 |     224.9 |       224.4 |         220.8 |      234.2 
 abcijk-jkmb-miac |   3456 |  3456 |    24 | 1.00 | 1.00 |     281.7 |       279.3 |         280.0 |      135.3 
 abcijk-jkmc-miab |   3456 |  3456 |    24 | 1.00 | 1.00 |     260.0 |       260.5 |         255.5 |      160.1 
 abcijk-eiab-jkec |   3456 |  3456 |    24 | 1.00 | 1.00 |     260.5 |       260.6 |         257.6 |      159.9 
 abcijk-eiac-jkeb |   3456 |  3456 |    24 | 1.00 | 1.00 |     283.1 |       278.6 |         279.1 |      134.2 
 abcijk-eibc-jkea |   1728 |  6912 |    24 | 1.00 | 1.00 |     222.9 |       225.1 |         220.9 |      234.9 
 abcijk-ejab-ikec |   3456 |  3456 |    24 | 1.00 | 1.00 |     259.6 |       260.7 |         256.3 |      196.5 
 abcijk-ejac-ikeb |   3456 |  3456 |    24 | 1.00 | 1.00 |     266.8 |       267.9 |         272.0 |      204.5 
 abcijk-ejbc-ikea |   1728 |  6912 |    24 | 1.00 | 1.00 |     218.8 |       217.2 |         214.4 |      234.0 
 abcijk-ekab-ijec |   3456 |  3456 |    24 | 1.00 | 1.00 |     261.7 |       261.9 |         255.0 |      221.3 
 abcijk-ekac-ijeb |   3456 |  3456 |    24 | 1.00 | 1.00 |     272.0 |       272.9 |         278.5 |      171.6 
 abcijk-ekbc-ijea |   1728 |  6912 |    24 | 1.00 | 1.00 |     222.5 |       225.2 |         218.4 |      233.2 
       abc-bk-akc |    144 | 18432 |   128 | 1.00 | 1.00 |     368.3 |       344.7 |         359.3 |      258.4 

=== complex efficiency ratio (c64 GF/s over f64 GF/s; 1.0 = no penalty) ===
             case | plan c64/f64 | packed c64/f64 | upstream c64/f64 | tblis c64/f64 
------------------+--------------+----------------+------------------+---------------
         ij-ik-kj |        1.232 |          1.373 |            1.361 |         1.126 
       ij-ikl-ljk |        0.887 |          0.799 |            0.834 |         1.484 
       ij-kil-lkj |        0.907 |          0.897 |            0.938 |         1.472 
       ijk-ikl-lj |        1.167 |          1.201 |            1.284 |         1.381 
       ijk-il-jlk |        0.677 |          0.677 |            0.716 |         1.248 
       ijk-ilk-jl |        1.186 |          1.178 |            1.221 |         1.256 
       ijk-ilk-lj |        1.168 |          1.157 |            1.202 |         1.342 
     ijk-ilmk-mjl |        1.497 |          1.259 |            1.376 |         1.341 
   ijkl-imjn-lnkm |        1.046 |          1.048 |            1.046 |         1.080 
   ijkl-imjn-nlmk |        1.067 |          1.068 |            1.078 |         1.063 
   ijkl-imkn-jnlm |        1.040 |          1.040 |            1.046 |         1.079 
   ijkl-imkn-njml |        1.031 |          1.032 |            1.056 |         1.065 
   ijkl-imln-jnkm |        1.036 |          1.033 |            1.040 |         1.085 
   ijkl-imln-njmk |        1.028 |          1.028 |            1.037 |         1.073 
   ijkl-imnj-nlkm |        1.076 |          1.076 |            1.081 |         1.058 
   ijkl-imnk-njml |        1.050 |          1.040 |            1.049 |         1.064 
   ijkl-minj-nlmk |        1.075 |          1.076 |            1.085 |         1.089 
   ijkl-mink-jnlm |        1.041 |          1.043 |            1.050 |         1.082 
   ijkl-minl-njmk |        1.030 |          1.029 |            1.037 |         1.096 
     aqrs-pa-pqrs |        1.363 |          1.495 |            1.594 |         1.821 
     abrs-qb-aqrs |        1.538 |          1.500 |            1.572 |         1.313 
     abcs-rc-abrs |        1.730 |          1.575 |            1.788 |         1.760 
       abj-bka-kj |        1.604 |          1.622 |            1.613 |         1.688 
       ajb-kba-jk |        1.291 |          1.254 |            1.322 |         1.302 
     abjc-cbka-kj |        2.764 |          2.839 |            2.807 |         2.002 
     ajbc-ckba-jk |        0.497 |          0.497 |            0.508 |         1.543 
     abjc-kbac-jk |        1.406 |          1.411 |            1.484 |         1.706 
   abjcd-dkbac-jk |        1.989 |          1.977 |            2.100 |         1.922 
   adbjc-cbdka-kj |        2.348 |          2.473 |            2.352 |         2.970 
   ajbdc-ckbad-jk |        0.676 |          0.614 |            0.703 |         1.941 
 abcijk-ijma-mkbc |        1.440 |          1.439 |            1.402 |         1.588 
 abcijk-ijmb-mkac |        1.591 |          1.664 |            1.832 |         1.908 
 abcijk-ijmc-mkab |        1.645 |          1.640 |            1.641 |         2.066 
 abcijk-ikma-mjbc |        1.391 |          1.401 |            1.395 |         1.585 
 abcijk-ikmb-mjac |        1.609 |          1.694 |            1.806 |         1.715 
 abcijk-ikmc-mjab |        1.657 |          1.664 |            1.663 |         1.835 
 abcijk-jkma-mibc |        1.442 |          1.440 |            1.430 |         1.563 
 abcijk-jkmb-miac |        1.762 |          1.757 |            1.838 |         1.715 
 abcijk-jkmc-miab |        1.640 |          1.649 |            1.687 |         1.861 
 abcijk-eiab-jkec |        1.644 |          1.697 |            1.686 |         1.868 
 abcijk-eiac-jkeb |        1.755 |          1.738 |            1.879 |         1.709 
 abcijk-eibc-jkea |        1.422 |          1.451 |            1.422 |         1.562 
 abcijk-ejab-ikec |        1.622 |          1.643 |            1.680 |         1.853 
 abcijk-ejac-ikeb |        1.668 |          1.678 |            1.794 |         1.711 
 abcijk-ejbc-ikea |        1.397 |          1.394 |            1.407 |         1.577 
 abcijk-ekab-ijec |        1.643 |          1.671 |            1.673 |         2.051 
 abcijk-ekac-ijeb |        1.674 |          1.713 |            1.832 |         2.079 
 abcijk-ekbc-ijea |        1.419 |          1.450 |            1.430 |         1.574 
       abc-bk-akc |        1.248 |          1.094 |            1.214 |         1.314 
             MEAN |        1.370 |          1.371 |            1.410 |         1.543 

wrote /home/shinaoka/projects/tensor4all/tprims-rs/benchmarks/benchmarks/tcbench/results/scatter-wired/baseline/A2-16m-8t.pending.csv
