# threads: requested=1 pool=1 budget=1
host        : shinaoka-EVO-X1Pro
target      : x86_64 / linux
cpu features: avx2 fma avx512f avx512dq 
caches      : L1=48KiB/12-way/2sh L2=1024KiB/16-way/2sh L3=16384KiB/16-way/8sh (via sysfs), blocking=legacy
l3 domains  : t1=1
baselines   : tblis=true blas=false
tblis       : abi 2.x, 1 thread(s)

running 49 cases at 16 MiB nominal tensor size, 5 reps, stress=none


=== f64 ===
             case |      m |     n |     k | regA | regB | plan GF/s | packed GF/s | upstream GF/s | tblis GF/s 
------------------+--------+-------+-------+------+------+-----------+-------------+---------------+------------
         ij-ik-kj |   1464 |  1448 |  1464 | 0.00 | 0.00 |      36.6 |        48.8 |          47.7 |       46.1 
       ij-ikl-ljk |    144 |   128 | 18432 | 1.00 | 1.00 |      37.9 |        37.9 |          36.9 |       27.2 
       ij-kil-lkj |    144 |   128 | 20736 | 1.00 | 1.00 |      35.9 |        35.9 |          35.0 |       25.5 
       ijk-ikl-lj |  18432 |   128 |   144 | 1.00 | 1.00 |      42.6 |        42.5 |          41.4 |       34.9 
       ijk-il-jlk |    144 | 18432 |   128 | 1.00 | 1.00 |      38.4 |        38.9 |          35.3 |       36.7 
       ijk-ilk-jl |  18432 |   144 |   128 | 1.00 | 1.00 |      44.2 |        44.3 |          44.5 |       36.4 
       ijk-ilk-lj |  18432 |   128 |   144 | 1.00 | 1.00 |      44.0 |        44.2 |          44.2 |       33.9 
     ijk-ilmk-mjl |   1920 |    40 |  1920 | 1.00 | 1.00 |      40.5 |        40.7 |          39.4 |       21.9 
   ijkl-imjn-lnkm |   1920 |  1920 |  1600 | 1.00 | 1.00 |      47.1 |        47.1 |          46.1 |       46.6 
   ijkl-imjn-nlmk |   1920 |  1600 |  1920 | 1.00 | 1.00 |      47.1 |        47.1 |          46.0 |       45.8 
   ijkl-imkn-jnlm |   1920 |  1920 |  1600 | 1.00 | 1.00 |      47.0 |        47.0 |          45.9 |       46.6 
   ijkl-imkn-njml |   1920 |  1600 |  1920 | 1.00 | 1.00 |      47.4 |        47.4 |          46.2 |       45.6 
   ijkl-imln-jnkm |   1920 |  1920 |  1600 | 1.00 | 1.00 |      47.1 |        47.1 |          45.8 |       46.1 
   ijkl-imln-njmk |   1920 |  1600 |  1920 | 1.00 | 1.00 |      47.5 |        47.5 |          46.3 |       45.6 
   ijkl-imnj-nlkm |   1920 |  1600 |  1920 | 1.00 | 1.00 |      47.1 |        47.2 |          46.1 |       46.2 
   ijkl-imnk-njml |   1920 |  1600 |  1920 | 1.00 | 1.00 |      47.3 |        47.3 |          46.4 |       45.8 
   ijkl-minj-nlmk |   1920 |  1600 |  2304 | 1.00 | 1.00 |      46.1 |        46.1 |          45.3 |       45.1 
   ijkl-mink-jnlm |   1920 |  1920 |  1920 | 1.00 | 1.00 |      46.7 |        46.7 |          45.9 |       46.2 
   ijkl-minl-njmk |   1920 |  1600 |  2304 | 1.00 | 1.00 |      46.5 |        46.4 |          45.2 |       45.5 
     aqrs-pa-pqrs |     48 | 64000 |    48 | 0.00 | 0.00 |      40.7 |        33.1 |          30.6 |       19.2 
     abrs-qb-aqrs |     40 | 76800 |    48 | 1.00 | 1.00 |      34.6 |        34.9 |          34.8 |       19.7 
     abcs-rc-abrs |     40 | 76800 |    48 | 1.00 | 1.00 |      30.3 |        30.9 |          28.8 |       21.4 
       abj-bka-kj |  20736 |   128 |   144 | 1.00 | 1.00 |      38.6 |        38.8 |          38.6 |       27.0 
       ajb-kba-jk |  18432 |   144 |   144 | 1.00 | 1.00 |      42.7 |        42.6 |          42.6 |       37.2 
     abjc-cbka-kj |  92160 |    40 |    48 | 1.00 | 1.00 |       9.7 |         9.7 |           9.4 |       13.6 
     ajbc-ckba-jk |  92160 |    48 |    40 | 1.00 | 1.00 |      17.8 |        17.8 |          17.2 |       19.5 
     abjc-kbac-jk |  76800 |    48 |    48 | 1.00 | 1.00 |      28.9 |        28.9 |          29.2 |       19.3 
   abjcd-dkbac-jk | 230400 |    24 |    20 | 1.00 | 1.00 |      13.0 |        13.0 |          12.0 |       10.1 
   adbjc-cbdka-kj | 230400 |    20 |    24 | 1.00 | 1.00 |       5.3 |         5.3 |           5.1 |        7.6 
   ajbdc-ckbad-jk | 230400 |    24 |    20 | 1.00 | 1.00 |      12.8 |        12.9 |          11.7 |       10.7 
 abcijk-ijma-mkbc |   6912 |  1728 |    24 | 1.00 | 1.00 |      41.5 |        41.4 |          39.6 |       33.6 
 abcijk-ijmb-mkac |   3456 |  3456 |    24 | 1.00 | 0.67 |      40.9 |        40.4 |          38.2 |       24.2 
 abcijk-ijmc-mkab |   3456 |  3456 |    24 | 1.00 | 0.67 |      39.5 |        39.4 |          37.3 |       31.4 
 abcijk-ikma-mjbc |   6912 |  1728 |    24 | 1.00 | 1.00 |      41.2 |        41.2 |          39.1 |       33.5 
 abcijk-ikmb-mjac |   3456 |  3456 |    24 | 1.00 | 0.67 |      40.8 |        40.6 |          38.1 |       29.5 
 abcijk-ikmc-mjab |   3456 |  3456 |    24 | 1.00 | 0.67 |      39.6 |        39.4 |          37.2 |       24.9 
 abcijk-jkma-mibc |   6912 |  1728 |    24 | 1.00 | 1.00 |      41.9 |        41.8 |          39.8 |       33.6 
 abcijk-jkmb-miac |   3456 |  3456 |    24 | 1.00 | 0.67 |      40.9 |        40.9 |          37.9 |       16.7 
 abcijk-jkmc-miab |   3456 |  3456 |    24 | 1.00 | 0.67 |      39.9 |        39.7 |          37.7 |       21.7 
 abcijk-eiab-jkec |   3456 |  3456 |    24 | 1.00 | 0.67 |      40.0 |        39.9 |          37.7 |       22.1 
 abcijk-eiac-jkeb |   3456 |  3456 |    24 | 1.00 | 0.67 |      40.9 |        40.9 |          38.4 |       16.5 
 abcijk-eibc-jkea |   1728 |  6912 |    24 | 1.00 | 1.00 |      41.3 |        41.4 |          39.3 |       33.5 
 abcijk-ejab-ikec |   3456 |  3456 |    24 | 1.00 | 0.67 |      39.6 |        39.6 |          37.5 |       25.2 
 abcijk-ejac-ikeb |   3456 |  3456 |    24 | 1.00 | 0.67 |      41.1 |        40.7 |          38.0 |       29.6 
 abcijk-ejbc-ikea |   1728 |  6912 |    24 | 1.00 | 1.00 |      39.8 |        40.1 |          38.6 |       33.3 
 abcijk-ekab-ijec |   3456 |  3456 |    24 | 1.00 | 0.67 |      39.1 |        39.2 |          37.4 |       31.4 
 abcijk-ekac-ijeb |   3456 |  3456 |    24 | 1.00 | 0.67 |      40.4 |        40.1 |          38.2 |       24.1 
 abcijk-ekbc-ijea |   1728 |  6912 |    24 | 1.00 | 1.00 |      41.3 |        40.9 |          39.0 |       33.5 
       abc-bk-akc |    144 | 18432 |   128 | 1.00 | 1.00 |      43.9 |        44.0 |          43.3 |       36.2 

=== c64 ===
             case |      m |     n |     k | regA | regB | plan GF/s | packed GF/s | upstream GF/s | tblis GF/s 
------------------+--------+-------+-------+------+------+-----------+-------------+---------------+------------
         ij-ik-kj |   1464 |  1448 |  1464 | 1.00 | 1.00 |      48.4 |        48.4 |          48.0 |       46.8 
       ij-ikl-ljk |    144 |   128 | 18432 | 1.00 | 1.00 |      42.1 |        42.1 |          40.2 |       33.6 
       ij-kil-lkj |    144 |   128 | 20736 | 1.00 | 1.00 |      40.4 |        40.4 |          38.1 |       30.8 
       ijk-ikl-lj |  18432 |   128 |   144 | 1.00 | 1.00 |      46.5 |        46.5 |          45.7 |       36.5 
       ijk-il-jlk |    144 | 18432 |   128 | 1.00 | 1.00 |      44.8 |        44.8 |          43.6 |       42.8 
       ijk-ilk-jl |  18432 |   144 |   128 | 1.00 | 1.00 |      48.9 |        48.9 |          48.2 |       39.4 
       ijk-ilk-lj |  18432 |   128 |   144 | 1.00 | 1.00 |      47.5 |        47.5 |          46.7 |       37.9 
     ijk-ilmk-mjl |   1920 |    40 |  1920 | 1.00 | 1.00 |      41.7 |        41.8 |          40.6 |       28.3 
   ijkl-imjn-lnkm |   1920 |  1920 |  1600 | 1.00 | 0.90 |      48.0 |        48.0 |          47.7 |       45.5 
   ijkl-imjn-nlmk |   1920 |  1600 |  1920 | 1.00 | 0.90 |      47.9 |        47.9 |          47.5 |       45.4 
   ijkl-imkn-jnlm |   1920 |  1920 |  1600 | 1.00 | 1.00 |      48.2 |        48.3 |          47.8 |       45.2 
   ijkl-imkn-njml |   1920 |  1600 |  1920 | 1.00 | 0.90 |      48.2 |        48.2 |          47.7 |       44.9 
   ijkl-imln-jnkm |   1920 |  1920 |  1600 | 1.00 | 1.00 |      48.4 |        48.4 |          47.9 |       45.3 
   ijkl-imln-njmk |   1920 |  1600 |  1920 | 1.00 | 0.90 |      48.3 |        48.3 |          47.9 |       45.7 
   ijkl-imnj-nlkm |   1920 |  1600 |  1920 | 1.00 | 0.90 |      47.9 |        48.0 |          47.5 |       45.1 
   ijkl-imnk-njml |   1920 |  1600 |  1920 | 1.00 | 0.90 |      48.2 |        48.2 |          47.8 |       45.0 
   ijkl-minj-nlmk |   1920 |  1600 |  2304 | 1.00 | 0.90 |      47.2 |        47.2 |          46.7 |       45.6 
   ijkl-mink-jnlm |   1920 |  1920 |  1920 | 1.00 | 1.00 |      47.5 |        47.5 |          47.0 |       45.9 
   ijkl-minl-njmk |   1920 |  1600 |  2304 | 1.00 | 0.90 |      47.6 |        47.6 |          47.0 |       45.0 
     aqrs-pa-pqrs |     48 | 64000 |    48 | 1.00 | 1.00 |      38.5 |        38.6 |          37.4 |       28.8 
     abrs-qb-aqrs |     40 | 76800 |    48 | 1.00 | 1.00 |      39.4 |        39.5 |          38.8 |       29.3 
     abcs-rc-abrs |     40 | 76800 |    48 | 1.00 | 1.00 |      39.2 |        39.2 |          38.0 |       29.2 
       abj-bka-kj |  20736 |   128 |   144 | 1.00 | 1.00 |      41.1 |        41.1 |          40.4 |       30.9 
       ajb-kba-jk |  18432 |   144 |   144 | 1.00 | 1.00 |      48.5 |        48.5 |          48.2 |       40.6 
     abjc-cbka-kj |  92160 |    40 |    48 | 1.00 | 1.00 |      19.2 |        19.1 |          18.9 |       22.9 
     ajbc-ckba-jk |  92160 |    48 |    40 | 1.00 | 1.00 |      25.8 |        25.7 |          25.1 |       33.0 
     abjc-kbac-jk |  76800 |    48 |    48 | 1.00 | 1.00 |      39.9 |        39.9 |          39.0 |       26.4 
   abjcd-dkbac-jk | 230400 |    24 |    20 | 0.67 | 1.00 |      21.2 |        21.2 |          19.9 |       19.3 
   adbjc-cbdka-kj | 230400 |    20 |    24 | 0.67 | 1.00 |      11.5 |        11.5 |          11.3 |       17.8 
   ajbdc-ckbad-jk | 230400 |    24 |    20 | 1.00 | 1.00 |      20.4 |        20.3 |          19.4 |       19.6 
 abcijk-ijma-mkbc |   6912 |  1728 |    24 | 1.00 | 1.00 |      43.8 |        43.8 |          42.5 |       37.5 
 abcijk-ijmb-mkac |   3456 |  3456 |    24 | 1.00 | 1.00 |      45.1 |        45.1 |          44.1 |       33.1 
 abcijk-ijmc-mkab |   3456 |  3456 |    24 | 1.00 | 1.00 |      44.5 |        44.4 |          43.3 |       39.3 
 abcijk-ikma-mjbc |   6912 |  1728 |    24 | 1.00 | 1.00 |      43.7 |        43.7 |          42.3 |       37.9 
 abcijk-ikmb-mjac |   3456 |  3456 |    24 | 1.00 | 1.00 |      45.1 |        45.1 |          44.1 |       35.4 
 abcijk-ikmc-mjab |   3456 |  3456 |    24 | 1.00 | 1.00 |      44.5 |        44.5 |          43.1 |       35.3 
 abcijk-jkma-mibc |   6912 |  1728 |    24 | 1.00 | 1.00 |      43.9 |        43.9 |          42.5 |       37.5 
 abcijk-jkmb-miac |   3456 |  3456 |    24 | 1.00 | 1.00 |      45.0 |        45.0 |          43.6 |       27.6 
 abcijk-jkmc-miab |   3456 |  3456 |    24 | 1.00 | 1.00 |      44.2 |        44.2 |          43.0 |       34.1 
 abcijk-eiab-jkec |   3456 |  3456 |    24 | 1.00 | 1.00 |      44.2 |        44.2 |          42.9 |       34.2 
 abcijk-eiac-jkeb |   3456 |  3456 |    24 | 1.00 | 1.00 |      45.0 |        45.0 |          43.3 |       27.7 
 abcijk-eibc-jkea |   1728 |  6912 |    24 | 1.00 | 1.00 |      44.0 |        44.0 |          42.4 |       37.4 
 abcijk-ejab-ikec |   3456 |  3456 |    24 | 1.00 | 1.00 |      44.5 |        44.5 |          43.4 |       35.3 
 abcijk-ejac-ikeb |   3456 |  3456 |    24 | 1.00 | 1.00 |      45.2 |        45.1 |          44.2 |       34.8 
 abcijk-ejbc-ikea |   1728 |  6912 |    24 | 1.00 | 1.00 |      43.8 |        43.8 |          42.4 |       37.4 
 abcijk-ekab-ijec |   3456 |  3456 |    24 | 1.00 | 1.00 |      44.5 |        44.6 |          43.5 |       39.3 
 abcijk-ekac-ijeb |   3456 |  3456 |    24 | 1.00 | 1.00 |      45.2 |        45.2 |          44.2 |       33.1 
 abcijk-ekbc-ijea |   1728 |  6912 |    24 | 1.00 | 1.00 |      43.9 |        43.9 |          42.6 |       37.4 
       abc-bk-akc |    144 | 18432 |   128 | 1.00 | 1.00 |      48.7 |        48.9 |          48.1 |       39.0 

=== complex efficiency ratio (c64 GF/s over f64 GF/s; 1.0 = no penalty) ===
             case | plan c64/f64 | packed c64/f64 | upstream c64/f64 | tblis c64/f64 
------------------+--------------+----------------+------------------+---------------
         ij-ik-kj |        1.321 |          0.992 |            1.008 |         1.015 
       ij-ikl-ljk |        1.111 |          1.110 |            1.092 |         1.234 
       ij-kil-lkj |        1.124 |          1.123 |            1.088 |         1.209 
       ijk-ikl-lj |        1.092 |          1.093 |            1.103 |         1.046 
       ijk-il-jlk |        1.165 |          1.150 |            1.235 |         1.165 
       ijk-ilk-jl |        1.106 |          1.102 |            1.082 |         1.085 
       ijk-ilk-lj |        1.079 |          1.074 |            1.058 |         1.118 
     ijk-ilmk-mjl |        1.029 |          1.026 |            1.031 |         1.295 
   ijkl-imjn-lnkm |        1.020 |          1.020 |            1.035 |         0.976 
   ijkl-imjn-nlmk |        1.017 |          1.018 |            1.032 |         0.989 
   ijkl-imkn-jnlm |        1.025 |          1.026 |            1.041 |         0.971 
   ijkl-imkn-njml |        1.016 |          1.016 |            1.032 |         0.984 
   ijkl-imln-jnkm |        1.027 |          1.027 |            1.044 |         0.983 
   ijkl-imln-njmk |        1.019 |          1.016 |            1.034 |         1.001 
   ijkl-imnj-nlkm |        1.016 |          1.017 |            1.030 |         0.976 
   ijkl-imnk-njml |        1.018 |          1.020 |            1.029 |         0.982 
   ijkl-minj-nlmk |        1.023 |          1.023 |            1.030 |         1.012 
   ijkl-mink-jnlm |        1.017 |          1.018 |            1.025 |         0.992 
   ijkl-minl-njmk |        1.024 |          1.025 |            1.038 |         0.989 
     aqrs-pa-pqrs |        0.946 |          1.169 |            1.222 |         1.501 
     abrs-qb-aqrs |        1.141 |          1.133 |            1.116 |         1.491 
     abcs-rc-abrs |        1.297 |          1.267 |            1.321 |         1.368 
       abj-bka-kj |        1.064 |          1.060 |            1.046 |         1.148 
       ajb-kba-jk |        1.137 |          1.140 |            1.132 |         1.092 
     abjc-cbka-kj |        1.966 |          1.968 |            2.000 |         1.681 
     ajbc-ckba-jk |        1.451 |          1.447 |            1.455 |         1.691 
     abjc-kbac-jk |        1.383 |          1.384 |            1.339 |         1.372 
   abjcd-dkbac-jk |        1.632 |          1.627 |            1.657 |         1.909 
   adbjc-cbdka-kj |        2.161 |          2.159 |            2.218 |         2.355 
   ajbdc-ckbad-jk |        1.603 |          1.577 |            1.661 |         1.834 
 abcijk-ijma-mkbc |        1.056 |          1.058 |            1.074 |         1.116 
 abcijk-ijmb-mkac |        1.103 |          1.119 |            1.155 |         1.371 
 abcijk-ijmc-mkab |        1.126 |          1.129 |            1.163 |         1.254 
 abcijk-ikma-mjbc |        1.061 |          1.062 |            1.083 |         1.129 
 abcijk-ikmb-mjac |        1.106 |          1.110 |            1.157 |         1.200 
 abcijk-ikmc-mjab |        1.125 |          1.128 |            1.158 |         1.415 
 abcijk-jkma-mibc |        1.050 |          1.051 |            1.068 |         1.117 
 abcijk-jkmb-miac |        1.100 |          1.101 |            1.150 |         1.656 
 abcijk-jkmc-miab |        1.108 |          1.114 |            1.143 |         1.568 
 abcijk-eiab-jkec |        1.105 |          1.108 |            1.138 |         1.544 
 abcijk-eiac-jkeb |        1.100 |          1.101 |            1.129 |         1.680 
 abcijk-eibc-jkea |        1.064 |          1.063 |            1.077 |         1.116 
 abcijk-ejab-ikec |        1.125 |          1.124 |            1.157 |         1.400 
 abcijk-ejac-ikeb |        1.101 |          1.110 |            1.162 |         1.172 
 abcijk-ejbc-ikea |        1.102 |          1.093 |            1.099 |         1.124 
 abcijk-ekab-ijec |        1.140 |          1.138 |            1.164 |         1.251 
 abcijk-ekac-ijeb |        1.119 |          1.126 |            1.158 |         1.370 
 abcijk-ekbc-ijea |        1.063 |          1.074 |            1.091 |         1.117 
       abc-bk-akc |        1.109 |          1.111 |            1.110 |         1.080 
             MEAN |        1.161 |          1.158 |            1.177 |         1.268 

wrote /home/shinaoka/projects/tensor4all/tprims-rs/benchmarks/benchmarks/tcbench/results/scatter-wired/baseline/A2-16m-1t.pending.csv
