# threads: requested=1 pool=1 budget=1
host        : shinaoka-EVO-X1Pro
target      : x86_64 / linux
cpu features: avx2 fma avx512f avx512dq 
caches      : L1=48KiB/12-way/2sh L2=1024KiB/16-way/2sh L3=16384KiB/16-way/8sh (via sysfs), blocking=legacy
l3 domains  : t1=1
baselines   : tblis=true blas=false
tblis       : abi 2.x, 1 thread(s)

running 49 cases at 1 MiB nominal tensor size, 5 reps, stress=none


=== f64 ===
             case |     m |    n |    k | regA | regB | plan GF/s | packed GF/s | upstream GF/s | tblis GF/s 
------------------+-------+------+------+------+------+-----------+-------------+---------------+------------
         ij-ik-kj |   384 |  364 |  384 | 0.00 | 0.00 |      37.1 |        34.8 |          34.2 |       29.7 
       ij-ikl-ljk |    72 |   52 | 3744 | 1.00 | 1.00 |      38.1 |        38.3 |          36.8 |       21.8 
       ij-kil-lkj |    72 |   52 | 5184 | 1.00 | 1.00 |      35.1 |        35.3 |          33.6 |       20.4 
       ijk-ikl-lj |  3744 |   52 |   72 | 1.00 | 1.00 |      41.5 |        42.7 |          41.2 |       25.5 
       ijk-il-jlk |    72 | 3744 |   52 | 1.00 | 1.00 |      43.1 |        43.5 |          40.8 |       29.2 
       ijk-ilk-jl |  3744 |   72 |   52 | 1.00 | 1.00 |      44.9 |        45.5 |          44.2 |       30.5 
       ijk-ilk-lj |  3744 |   52 |   72 | 1.00 | 1.00 |      41.8 |        42.4 |          41.5 |       26.4 
     ijk-ilmk-mjl |   480 |   20 |  480 | 1.00 | 1.00 |      35.7 |        35.6 |          35.0 |       16.2 
   ijkl-imjn-lnkm |   480 |  480 |  400 | 1.00 | 0.80 |      48.3 |        48.3 |          47.6 |       41.4 
   ijkl-imjn-nlmk |   480 |  400 |  480 | 1.00 | 0.80 |      49.1 |        49.1 |          48.2 |       40.2 
   ijkl-imkn-jnlm |   480 |  480 |  400 | 1.00 | 1.00 |      48.6 |        49.0 |          48.1 |       41.6 
   ijkl-imkn-njml |   480 |  400 |  480 | 1.00 | 0.80 |      49.3 |        49.3 |          48.6 |       40.7 
   ijkl-imln-jnkm |   480 |  480 |  400 | 1.00 | 1.00 |      49.1 |        48.8 |          48.4 |       41.7 
   ijkl-imln-njmk |   480 |  400 |  480 | 1.00 | 0.80 |      49.3 |        49.2 |          48.8 |       41.0 
   ijkl-imnj-nlkm |   480 |  400 |  480 | 1.00 | 0.80 |      49.0 |        49.1 |          48.6 |       41.5 
   ijkl-imnk-njml |   480 |  400 |  480 | 1.00 | 0.80 |      49.5 |        49.5 |          48.9 |       41.5 
   ijkl-minj-nlmk |   480 |  400 |  576 | 1.00 | 0.80 |      47.9 |        48.0 |          47.2 |       40.4 
   ijkl-mink-jnlm |   480 |  480 |  480 | 1.00 | 1.00 |      48.2 |        48.2 |          47.2 |       40.3 
   ijkl-minl-njmk |   480 |  400 |  576 | 1.00 | 0.80 |      48.1 |        48.1 |          47.7 |       39.2 
     aqrs-pa-pqrs |    24 | 8000 |   24 | 0.00 | 0.00 |      49.1 |        32.9 |          30.7 |       14.0 
     abrs-qb-aqrs |    20 | 9600 |   24 | 1.00 | 1.00 |      31.9 |        31.9 |          30.2 |       13.2 
     abcs-rc-abrs |    20 | 9600 |   24 | 1.00 | 1.00 |      31.7 |        31.7 |          29.7 |       13.3 
       abj-bka-kj |  5184 |   52 |   72 | 1.00 | 1.00 |      34.7 |        34.1 |          33.2 |       23.5 
       ajb-kba-jk |  3744 |   72 |   72 | 1.00 | 1.00 |      43.0 |        43.8 |          42.4 |       29.1 
     abjc-cbka-kj | 11520 |   20 |   24 | 1.00 | 1.00 |      20.0 |        19.0 |          16.9 |       12.7 
     ajbc-ckba-jk | 11520 |   24 |   20 | 1.00 | 1.00 |      25.7 |        25.8 |          23.7 |       15.1 
     abjc-kbac-jk |  9600 |   24 |   24 | 1.00 | 1.00 |      34.0 |        34.1 |          32.2 |       15.9 
   abjcd-dkbac-jk | 82944 |   24 |   12 | 1.00 | 1.00 |      15.3 |        15.5 |          14.6 |        8.2 
   adbjc-cbdka-kj | 82944 |   12 |   24 | 1.00 | 1.00 |       5.5 |         5.5 |           5.2 |        6.2 
   ajbdc-ckbad-jk | 82944 |   24 |   12 | 1.00 | 1.00 |      15.2 |        15.3 |          14.1 |        8.8 
 abcijk-ijma-mkbc |  4608 |  512 |   24 | 1.00 | 1.00 |      40.4 |        40.4 |          38.2 |       27.9 
 abcijk-ijmb-mkac |  1536 | 1536 |   24 | 1.00 | 1.00 |      42.0 |        42.5 |          40.3 |       25.9 
 abcijk-ijmc-mkab |  1536 | 1536 |   24 | 1.00 | 1.00 |      41.6 |        41.6 |          39.6 |       32.5 
 abcijk-ikma-mjbc |  4608 |  512 |   24 | 1.00 | 1.00 |      40.2 |        40.5 |          38.0 |       27.5 
 abcijk-ikmb-mjac |  1536 | 1536 |   24 | 1.00 | 1.00 |      42.1 |        42.4 |          40.3 |       26.7 
 abcijk-ikmc-mjab |  1536 | 1536 |   24 | 1.00 | 1.00 |      41.7 |        41.7 |          39.6 |       28.9 
 abcijk-jkma-mibc |  4608 |  512 |   24 | 1.00 | 1.00 |      40.3 |        40.7 |          38.4 |       30.9 
 abcijk-jkmb-miac |  1536 | 1536 |   24 | 1.00 | 1.00 |      41.8 |        42.6 |          40.4 |       21.1 
 abcijk-jkmc-miab |  1536 | 1536 |   24 | 1.00 | 1.00 |      41.8 |        42.0 |          39.9 |       29.7 
 abcijk-eiab-jkec |  1536 | 1536 |   24 | 1.00 | 1.00 |      41.5 |        42.1 |          40.0 |       30.2 
 abcijk-eiac-jkeb |  1536 | 1536 |   24 | 1.00 | 1.00 |      42.1 |        42.4 |          40.1 |       21.1 
 abcijk-eibc-jkea |   512 | 4608 |   24 | 1.00 | 1.00 |      40.5 |        40.5 |          38.5 |       30.8 
 abcijk-ejab-ikec |  1536 | 1536 |   24 | 1.00 | 1.00 |      41.6 |        42.2 |          39.8 |       29.3 
 abcijk-ejac-ikeb |  1536 | 1536 |   24 | 1.00 | 1.00 |      41.9 |        42.0 |          40.6 |       26.6 
 abcijk-ejbc-ikea |   512 | 4608 |   24 | 1.00 | 1.00 |      38.6 |        39.9 |          36.9 |       27.7 
 abcijk-ekab-ijec |  1536 | 1536 |   24 | 1.00 | 1.00 |      41.4 |        42.0 |          40.0 |       32.6 
 abcijk-ekac-ijeb |  1536 | 1536 |   24 | 1.00 | 1.00 |      41.9 |        42.5 |          40.4 |       26.3 
 abcijk-ekbc-ijea |   512 | 4608 |   24 | 1.00 | 1.00 |      40.4 |        40.4 |          38.4 |       27.9 
       abc-bk-akc |    72 | 3744 |   52 | 1.00 | 1.00 |      45.8 |        45.8 |          44.1 |       31.1 

=== c64 ===
             case |     m |    n |    k | regA | regB | plan GF/s | packed GF/s | upstream GF/s | tblis GF/s 
------------------+-------+------+------+------+------+-----------+-------------+---------------+------------
         ij-ik-kj |   384 |  364 |  384 | 1.00 | 1.00 |      35.1 |        35.1 |          34.6 |       41.4 
       ij-ikl-ljk |    72 |   52 | 3744 | 1.00 | 1.00 |      37.3 |        37.1 |          36.0 |       30.2 
       ij-kil-lkj |    72 |   52 | 5184 | 1.00 | 1.00 |      31.2 |        32.3 |          31.6 |       27.6 
       ijk-ikl-lj |  3744 |   52 |   72 | 1.00 | 1.00 |      43.8 |        43.7 |          43.0 |       27.9 
       ijk-il-jlk |    72 | 3744 |   52 | 1.00 | 1.00 |      40.5 |        38.8 |          37.9 |       37.5 
       ijk-ilk-jl |  3744 |   72 |   52 | 0.89 | 1.00 |      45.9 |        44.2 |          44.7 |       33.7 
       ijk-ilk-lj |  3744 |   52 |   72 | 0.89 | 1.00 |      43.9 |        43.9 |          43.5 |       30.7 
     ijk-ilmk-mjl |   480 |   20 |  480 | 0.67 | 1.00 |      37.1 |        37.1 |          35.8 |       27.7 
   ijkl-imjn-lnkm |   480 |  480 |  400 | 0.67 | 0.80 |      48.1 |        48.2 |          47.7 |       44.2 
   ijkl-imjn-nlmk |   480 |  400 |  480 | 0.67 | 0.81 |      48.2 |        48.2 |          47.7 |       43.2 
   ijkl-imkn-jnlm |   480 |  480 |  400 | 0.67 | 1.00 |      48.0 |        48.1 |          47.0 |       44.0 
   ijkl-imkn-njml |   480 |  400 |  480 | 0.67 | 0.81 |      48.0 |        48.0 |          47.4 |       43.0 
   ijkl-imln-jnkm |   480 |  480 |  400 | 0.67 | 1.00 |      48.1 |        48.1 |          47.3 |       44.1 
   ijkl-imln-njmk |   480 |  400 |  480 | 0.67 | 0.81 |      48.2 |        48.2 |          47.6 |       43.8 
   ijkl-imnj-nlkm |   480 |  400 |  480 | 0.67 | 0.81 |      48.1 |        48.2 |          47.8 |       44.3 
   ijkl-imnk-njml |   480 |  400 |  480 | 0.67 | 0.81 |      48.0 |        48.1 |          47.4 |       44.1 
   ijkl-minj-nlmk |   480 |  400 |  576 | 0.67 | 0.81 |      46.5 |        46.3 |          45.9 |       43.5 
   ijkl-mink-jnlm |   480 |  480 |  480 | 0.67 | 1.00 |      47.6 |        47.6 |          46.8 |       44.7 
   ijkl-minl-njmk |   480 |  400 |  576 | 0.67 | 0.81 |      46.6 |        46.6 |          46.0 |       44.0 
     aqrs-pa-pqrs |    24 | 8000 |   24 | 1.00 | 1.00 |      29.9 |        29.7 |          28.3 |       25.3 
     abrs-qb-aqrs |    20 | 9600 |   24 | 1.00 | 1.00 |      39.7 |        38.6 |          37.8 |       22.6 
     abcs-rc-abrs |    20 | 9600 |   24 | 1.00 | 1.00 |      33.7 |        33.2 |          32.4 |       23.6 
       abj-bka-kj |  5184 |   52 |   72 | 0.89 | 1.00 |      41.2 |        40.7 |          40.3 |       28.2 
       ajb-kba-jk |  3744 |   72 |   72 | 0.89 | 1.00 |      45.0 |        43.7 |          42.2 |       31.6 
     abjc-cbka-kj | 11520 |   20 |   24 | 0.67 | 1.00 |      23.9 |        24.1 |          23.8 |       22.3 
     ajbc-ckba-jk | 11520 |   24 |   20 | 1.00 | 1.00 |      27.8 |        26.5 |          24.6 |       20.1 
     abjc-kbac-jk |  9600 |   24 |   24 | 0.67 | 1.00 |      37.2 |        36.5 |          35.1 |       24.0 
   abjcd-dkbac-jk | 82944 |   24 |   12 | 0.67 | 1.00 |      22.0 |        22.1 |          20.5 |       16.2 
   adbjc-cbdka-kj | 82944 |   12 |   24 | 0.67 | 1.00 |      10.3 |        10.3 |          10.1 |       13.9 
   ajbdc-ckbad-jk | 82944 |   24 |   12 | 1.00 | 1.00 |      25.5 |        26.1 |          23.8 |       15.7 
 abcijk-ijma-mkbc |  4608 |  512 |   24 | 1.00 | 0.97 |      42.6 |        42.4 |          40.5 |       33.0 
 abcijk-ijmb-mkac |  1536 | 1536 |   24 | 1.00 | 0.75 |      44.8 |        44.8 |          42.4 |       33.2 
 abcijk-ijmc-mkab |  1536 | 1536 |   24 | 1.00 | 0.50 |      44.9 |        45.0 |          42.5 |       38.0 
 abcijk-ikma-mjbc |  4608 |  512 |   24 | 1.00 | 0.97 |      42.5 |        42.3 |          41.0 |       33.1 
 abcijk-ikmb-mjac |  1536 | 1536 |   24 | 1.00 | 0.75 |      45.4 |        45.2 |          43.2 |       33.8 
 abcijk-ikmc-mjab |  1536 | 1536 |   24 | 1.00 | 0.50 |      45.0 |        45.0 |          42.5 |       34.8 
 abcijk-jkma-mibc |  4608 |  512 |   24 | 1.00 | 0.97 |      42.4 |        42.3 |          40.6 |       36.0 
 abcijk-jkmb-miac |  1536 | 1536 |   24 | 1.00 | 0.75 |      45.2 |        45.6 |          43.4 |       30.2 
 abcijk-jkmc-miab |  1536 | 1536 |   24 | 1.00 | 0.50 |      44.9 |        45.0 |          42.3 |       36.6 
 abcijk-eiab-jkec |  1536 | 1536 |   24 | 1.00 | 0.50 |      44.9 |        45.0 |          42.5 |       37.2 
 abcijk-eiac-jkeb |  1536 | 1536 |   24 | 1.00 | 0.75 |      44.6 |        44.8 |          43.2 |       29.6 
 abcijk-eibc-jkea |   512 | 4608 |   24 | 1.00 | 0.97 |      42.3 |        42.3 |          40.6 |       36.1 
 abcijk-ejab-ikec |  1536 | 1536 |   24 | 1.00 | 0.50 |      45.0 |        45.0 |          42.4 |       35.4 
 abcijk-ejac-ikeb |  1536 | 1536 |   24 | 1.00 | 0.75 |      45.2 |        45.1 |          42.9 |       33.6 
 abcijk-ejbc-ikea |   512 | 4608 |   24 | 1.00 | 0.97 |      42.5 |        42.6 |          41.2 |       33.0 
 abcijk-ekab-ijec |  1536 | 1536 |   24 | 1.00 | 0.50 |      45.1 |        45.0 |          42.5 |       38.1 
 abcijk-ekac-ijeb |  1536 | 1536 |   24 | 1.00 | 0.75 |      44.8 |        44.9 |          42.4 |       33.3 
 abcijk-ekbc-ijea |   512 | 4608 |   24 | 1.00 | 0.97 |      42.7 |        42.7 |          40.6 |       33.0 
       abc-bk-akc |    72 | 3744 |   52 | 0.89 | 1.00 |      46.7 |        45.9 |          45.4 |       34.2 

=== complex efficiency ratio (c64 GF/s over f64 GF/s; 1.0 = no penalty) ===
             case | plan c64/f64 | packed c64/f64 | upstream c64/f64 | tblis c64/f64 
------------------+--------------+----------------+------------------+---------------
         ij-ik-kj |        0.945 |          1.010 |            1.012 |         1.392 
       ij-ikl-ljk |        0.979 |          0.971 |            0.977 |         1.385 
       ij-kil-lkj |        0.887 |          0.916 |            0.939 |         1.358 
       ijk-ikl-lj |        1.056 |          1.024 |            1.042 |         1.096 
       ijk-il-jlk |        0.939 |          0.891 |            0.928 |         1.285 
       ijk-ilk-jl |        1.023 |          0.971 |            1.010 |         1.106 
       ijk-ilk-lj |        1.049 |          1.035 |            1.048 |         1.162 
     ijk-ilmk-mjl |        1.041 |          1.039 |            1.023 |         1.704 
   ijkl-imjn-lnkm |        0.997 |          0.996 |            1.002 |         1.066 
   ijkl-imjn-nlmk |        0.983 |          0.983 |            0.989 |         1.073 
   ijkl-imkn-jnlm |        0.987 |          0.982 |            0.978 |         1.059 
   ijkl-imkn-njml |        0.974 |          0.974 |            0.977 |         1.055 
   ijkl-imln-jnkm |        0.981 |          0.987 |            0.978 |         1.059 
   ijkl-imln-njmk |        0.978 |          0.980 |            0.977 |         1.070 
   ijkl-imnj-nlkm |        0.981 |          0.982 |            0.984 |         1.067 
   ijkl-imnk-njml |        0.970 |          0.970 |            0.971 |         1.061 
   ijkl-minj-nlmk |        0.970 |          0.966 |            0.973 |         1.079 
   ijkl-mink-jnlm |        0.988 |          0.987 |            0.991 |         1.108 
   ijkl-minl-njmk |        0.968 |          0.969 |            0.964 |         1.123 
     aqrs-pa-pqrs |        0.608 |          0.903 |            0.921 |         1.813 
     abrs-qb-aqrs |        1.246 |          1.209 |            1.254 |         1.710 
     abcs-rc-abrs |        1.063 |          1.049 |            1.090 |         1.779 
       abj-bka-kj |        1.189 |          1.193 |            1.213 |         1.199 
       ajb-kba-jk |        1.046 |          0.999 |            0.996 |         1.087 
     abjc-cbka-kj |        1.193 |          1.274 |            1.410 |         1.746 
     ajbc-ckba-jk |        1.080 |          1.028 |            1.039 |         1.332 
     abjc-kbac-jk |        1.093 |          1.070 |            1.090 |         1.506 
   abjcd-dkbac-jk |        1.436 |          1.424 |            1.403 |         1.975 
   adbjc-cbdka-kj |        1.885 |          1.879 |            1.920 |         2.238 
   ajbdc-ckbad-jk |        1.677 |          1.702 |            1.685 |         1.789 
 abcijk-ijma-mkbc |        1.054 |          1.050 |            1.060 |         1.181 
 abcijk-ijmb-mkac |        1.065 |          1.054 |            1.051 |         1.283 
 abcijk-ijmc-mkab |        1.082 |          1.083 |            1.072 |         1.169 
 abcijk-ikma-mjbc |        1.058 |          1.043 |            1.079 |         1.202 
 abcijk-ikmb-mjac |        1.080 |          1.066 |            1.073 |         1.268 
 abcijk-ikmc-mjab |        1.080 |          1.079 |            1.071 |         1.206 
 abcijk-jkma-mibc |        1.051 |          1.041 |            1.056 |         1.167 
 abcijk-jkmb-miac |        1.082 |          1.069 |            1.073 |         1.433 
 abcijk-jkmc-miab |        1.074 |          1.071 |            1.061 |         1.231 
 abcijk-eiab-jkec |        1.082 |          1.069 |            1.062 |         1.229 
 abcijk-eiac-jkeb |        1.060 |          1.055 |            1.076 |         1.400 
 abcijk-eibc-jkea |        1.045 |          1.044 |            1.055 |         1.172 
 abcijk-ejab-ikec |        1.080 |          1.067 |            1.065 |         1.211 
 abcijk-ejac-ikeb |        1.078 |          1.073 |            1.057 |         1.264 
 abcijk-ejbc-ikea |        1.102 |          1.066 |            1.117 |         1.190 
 abcijk-ekab-ijec |        1.089 |          1.072 |            1.063 |         1.170 
 abcijk-ekac-ijeb |        1.072 |          1.058 |            1.052 |         1.264 
 abcijk-ekbc-ijea |        1.056 |          1.056 |            1.057 |         1.181 
       abc-bk-akc |        1.020 |          1.003 |            1.029 |         1.102 
             MEAN |        1.072 |          1.071 |            1.082 |         1.302 

wrote /home/shinaoka/projects/tensor4all/tprims-rs/benchmarks/benchmarks/tcbench/results/scatter-wired/baseline/A2-1m-1t.pending.csv
