# threads: requested=8 pool=8 budget=8
host        : shinaoka-EVO-X1Pro
target      : x86_64 / linux
cpu features: avx2 fma avx512f avx512dq 
caches      : L1=48KiB/12-way/2sh L2=1024KiB/16-way/2sh L3=16384KiB/16-way/8sh (via sysfs), blocking=legacy
l3 domains  : t1=1 t4=1 t8=2 t16=4
baselines   : tblis=true blas=false
tblis       : abi 2.x, 8 thread(s)

running 49 cases at 1 MiB nominal tensor size, 5 reps, stress=none


=== f64 ===
             case |     m |    n |    k | regA | regB | plan GF/s | packed GF/s | upstream GF/s | tblis GF/s 
------------------+-------+------+------+------+------+-----------+-------------+---------------+------------
         ij-ik-kj |   384 |  364 |  384 | 0.00 | 0.00 |     250.0 |       255.5 |         188.6 |      178.7 
       ij-ikl-ljk |    72 |   52 | 3744 | 1.00 | 1.00 |      93.6 |        93.5 |          68.6 |       48.1 
       ij-kil-lkj |    72 |   52 | 5184 | 1.00 | 1.00 |      89.3 |        87.4 |          68.6 |       48.3 
       ijk-ikl-lj |  3744 |   52 |   72 | 1.00 | 1.00 |     202.9 |       204.0 |         109.7 |      119.4 
       ijk-il-jlk |    72 | 3744 |   52 | 1.00 | 1.00 |     203.4 |       217.9 |         127.3 |      129.5 
       ijk-ilk-jl |  3744 |   72 |   52 | 1.00 | 1.00 |      36.8 |       114.4 |          82.0 |      133.2 
       ijk-ilk-lj |  3744 |   52 |   72 | 1.00 | 1.00 |     199.4 |       205.9 |         109.7 |      120.0 
     ijk-ilmk-mjl |   480 |   20 |  480 | 1.00 | 1.00 |     116.9 |       122.3 |          45.0 |       58.9 
   ijkl-imjn-lnkm |   480 |  480 |  400 | 1.00 | 0.80 |     215.3 |       217.6 |         184.3 |      185.1 
   ijkl-imjn-nlmk |   480 |  400 |  480 | 1.00 | 0.80 |     250.2 |       253.7 |         220.8 |      223.7 
   ijkl-imkn-jnlm |   480 |  480 |  400 | 1.00 | 1.00 |     311.4 |       311.9 |         261.9 |      263.0 
   ijkl-imkn-njml |   480 |  400 |  480 | 1.00 | 0.80 |     312.6 |       314.2 |         269.7 |      264.4 
   ijkl-imln-jnkm |   480 |  480 |  400 | 1.00 | 1.00 |     312.2 |       313.5 |         265.4 |      264.7 
   ijkl-imln-njmk |   480 |  400 |  480 | 1.00 | 0.80 |     313.7 |       317.2 |         271.2 |      265.1 
   ijkl-imnj-nlkm |   480 |  400 |  480 | 1.00 | 0.80 |     304.4 |       313.0 |         261.1 |      263.6 
   ijkl-imnk-njml |   480 |  400 |  480 | 1.00 | 0.80 |     304.9 |       315.1 |         265.3 |      264.8 
   ijkl-minj-nlmk |   480 |  400 |  576 | 1.00 | 0.80 |     301.2 |       304.5 |         258.6 |      255.7 
   ijkl-mink-jnlm |   480 |  480 |  480 | 1.00 | 1.00 |     307.4 |       313.2 |         271.0 |      267.1 
   ijkl-minl-njmk |   480 |  400 |  576 | 1.00 | 0.80 |     310.8 |       311.4 |         268.9 |      262.2 
     aqrs-pa-pqrs |    24 | 8000 |   24 | 0.00 | 0.00 |      53.1 |        67.1 |          81.4 |       61.5 
     abrs-qb-aqrs |    20 | 9600 |   24 | 1.00 | 1.00 |     154.5 |       173.0 |          59.6 |       58.0 
     abcs-rc-abrs |    20 | 9600 |   24 | 1.00 | 1.00 |     156.5 |       166.1 |          60.0 |       58.9 
       abj-bka-kj |  5184 |   52 |   72 | 1.00 | 1.00 |     243.8 |       246.8 |         141.8 |      157.2 
       ajb-kba-jk |  3744 |   72 |   72 | 1.00 | 1.00 |     302.1 |       303.1 |         172.1 |      198.2 
     abjc-cbka-kj | 11520 |   20 |   24 | 1.00 | 1.00 |      76.6 |        74.4 |          38.9 |       57.6 
     ajbc-ckba-jk | 11520 |   24 |   20 | 1.00 | 1.00 |     128.6 |       134.9 |          53.3 |       62.8 
     abjc-kbac-jk |  9600 |   24 |   24 | 1.00 | 1.00 |     175.5 |       182.7 |          65.1 |       68.5 
   abjcd-dkbac-jk | 82944 |   24 |   12 | 1.00 | 1.00 |      45.2 |        51.5 |          42.4 |       31.4 
   adbjc-cbdka-kj | 82944 |   12 |   24 | 1.00 | 1.00 |      15.4 |        15.9 |          14.1 |       23.1 
   ajbdc-ckbad-jk | 82944 |   24 |   12 | 1.00 | 1.00 |      48.4 |        48.6 |          40.1 |       32.6 
 abcijk-ijma-mkbc |  4608 |  512 |   24 | 1.00 | 1.00 |     153.4 |       171.2 |         139.6 |      169.3 
 abcijk-ijmb-mkac |  1536 | 1536 |   24 | 1.00 | 1.00 |     197.1 |       199.3 |         170.1 |      104.3 
 abcijk-ijmc-mkab |  1536 | 1536 |   24 | 1.00 | 1.00 |     196.6 |       196.9 |         164.1 |      134.0 
 abcijk-ikma-mjbc |  4608 |  512 |   24 | 1.00 | 1.00 |     154.7 |       150.3 |         138.9 |      166.4 
 abcijk-ikmb-mjac |  1536 | 1536 |   24 | 1.00 | 1.00 |     195.9 |       209.8 |         171.5 |      142.7 
 abcijk-ikmc-mjab |  1536 | 1536 |   24 | 1.00 | 1.00 |     202.4 |       208.8 |         158.4 |      112.2 
 abcijk-jkma-mibc |  4608 |  512 |   24 | 1.00 | 1.00 |     151.6 |       154.5 |         135.3 |      171.0 
 abcijk-jkmb-miac |  1536 | 1536 |   24 | 1.00 | 1.00 |     203.6 |       216.7 |         164.6 |       98.1 
 abcijk-jkmc-miab |  1536 | 1536 |   24 | 1.00 | 1.00 |     204.3 |       213.5 |         164.0 |      115.6 
 abcijk-eiab-jkec |  1536 | 1536 |   24 | 1.00 | 1.00 |     184.0 |       198.2 |         168.8 |      116.3 
 abcijk-eiac-jkeb |  1536 | 1536 |   24 | 1.00 | 1.00 |     205.1 |       204.4 |         166.2 |       99.7 
 abcijk-eibc-jkea |   512 | 4608 |   24 | 1.00 | 1.00 |     148.9 |       151.5 |         134.5 |      170.2 
 abcijk-ejab-ikec |  1536 | 1536 |   24 | 1.00 | 1.00 |     215.0 |       235.9 |         177.6 |      118.5 
 abcijk-ejac-ikeb |  1536 | 1536 |   24 | 1.00 | 1.00 |     188.4 |       171.5 |         167.1 |      142.0 
 abcijk-ejbc-ikea |   512 | 4608 |   24 | 1.00 | 1.00 |     137.3 |       152.0 |         139.4 |      166.7 
 abcijk-ekab-ijec |  1536 | 1536 |   24 | 1.00 | 1.00 |     211.2 |       236.5 |         179.3 |      151.4 
 abcijk-ekac-ijeb |  1536 | 1536 |   24 | 1.00 | 1.00 |     205.6 |       224.9 |         165.8 |      107.7 
 abcijk-ekbc-ijea |   512 | 4608 |   24 | 1.00 | 1.00 |     151.1 |       154.6 |         133.1 |      169.5 
       abc-bk-akc |    72 | 3744 |   52 | 1.00 | 1.00 |     112.8 |       159.0 |         111.0 |      183.1 

=== c64 ===
             case |     m |    n |    k | regA | regB | plan GF/s | packed GF/s | upstream GF/s | tblis GF/s 
------------------+-------+------+------+------+------+-----------+-------------+---------------+------------
         ij-ik-kj |   384 |  364 |  384 | 1.00 | 1.00 |     270.6 |       271.7 |         239.2 |      233.9 
       ij-ikl-ljk |    72 |   52 | 3744 | 1.00 | 1.00 |     116.2 |       116.5 |         101.5 |      114.6 
       ij-kil-lkj |    72 |   52 | 5184 | 1.00 | 1.00 |     104.4 |       105.1 |          92.8 |      111.8 
       ijk-ikl-lj |  3744 |   52 |   72 | 1.00 | 1.00 |     239.4 |       240.4 |         186.0 |      183.6 
       ijk-il-jlk |    72 | 3744 |   52 | 1.00 | 1.00 |     221.5 |       222.5 |         183.6 |      205.0 
       ijk-ilk-jl |  3744 |   72 |   52 | 0.89 | 1.00 |     163.0 |       163.5 |         136.6 |      203.2 
       ijk-ilk-lj |  3744 |   52 |   72 | 0.89 | 1.00 |     235.3 |       241.9 |         185.1 |      190.3 
     ijk-ilmk-mjl |   480 |   20 |  480 | 0.67 | 1.00 |     170.3 |       169.9 |         110.9 |      137.9 
   ijkl-imjn-lnkm |   480 |  480 |  400 | 0.67 | 0.80 |     245.3 |       244.4 |         228.1 |      224.5 
   ijkl-imjn-nlmk |   480 |  400 |  480 | 0.67 | 0.81 |     311.9 |       314.5 |         297.7 |      300.9 
   ijkl-imkn-jnlm |   480 |  480 |  400 | 0.67 | 1.00 |     341.1 |       338.6 |         310.4 |      294.1 
   ijkl-imkn-njml |   480 |  400 |  480 | 0.67 | 0.81 |     342.6 |       342.4 |         320.1 |      312.2 
   ijkl-imln-jnkm |   480 |  480 |  400 | 0.67 | 1.00 |     340.9 |       341.7 |         312.8 |      293.2 
   ijkl-imln-njmk |   480 |  400 |  480 | 0.67 | 0.81 |     339.8 |       341.7 |         319.9 |      314.1 
   ijkl-imnj-nlkm |   480 |  400 |  480 | 0.67 | 0.81 |     339.4 |       341.0 |         319.8 |      316.6 
   ijkl-imnk-njml |   480 |  400 |  480 | 0.67 | 0.81 |     341.3 |       342.2 |         321.2 |      319.9 
   ijkl-minj-nlmk |   480 |  400 |  576 | 0.67 | 0.81 |     331.9 |       329.2 |         306.7 |      299.7 
   ijkl-mink-jnlm |   480 |  480 |  480 | 0.67 | 1.00 |     339.6 |       338.8 |         320.2 |      303.2 
   ijkl-minl-njmk |   480 |  400 |  576 | 0.67 | 0.81 |     333.1 |       333.2 |         313.6 |      308.4 
     aqrs-pa-pqrs |    24 | 8000 |   24 | 1.00 | 1.00 |     168.9 |       168.9 |         127.7 |      151.7 
     abrs-qb-aqrs |    20 | 9600 |   24 | 1.00 | 1.00 |     273.3 |       264.9 |         141.6 |      138.8 
     abcs-rc-abrs |    20 | 9600 |   24 | 1.00 | 1.00 |     244.3 |       243.7 |         144.1 |      143.6 
       abj-bka-kj |  5184 |   52 |   72 | 0.89 | 1.00 |     300.6 |       301.7 |         242.4 |      188.0 
       ajb-kba-jk |  3744 |   72 |   72 | 0.89 | 1.00 |     348.0 |       351.1 |         273.6 |      263.0 
     abjc-cbka-kj | 11520 |   20 |   24 | 0.67 | 1.00 |     171.7 |       174.7 |         115.9 |      127.1 
     ajbc-ckba-jk | 11520 |   24 |   20 | 1.00 | 1.00 |      40.2 |        39.5 |          30.1 |       93.5 
     abjc-kbac-jk |  9600 |   24 |   24 | 0.67 | 1.00 |     268.4 |       279.3 |         157.5 |      158.8 
   abjcd-dkbac-jk | 82944 |   24 |   12 | 0.67 | 1.00 |      84.9 |        85.1 |          79.9 |       63.8 
   adbjc-cbdka-kj | 82944 |   12 |   24 | 0.67 | 1.00 |      50.8 |        51.8 |          48.0 |       41.1 
   ajbdc-ckbad-jk | 82944 |   24 |   12 | 1.00 | 1.00 |      51.3 |        51.2 |          48.0 |       69.7 
 abcijk-ijma-mkbc |  4608 |  512 |   24 | 1.00 | 0.97 |     143.6 |       147.9 |         144.4 |      206.1 
 abcijk-ijmb-mkac |  1536 | 1536 |   24 | 1.00 | 0.75 |     258.4 |       259.0 |         235.5 |      166.6 
 abcijk-ijmc-mkab |  1536 | 1536 |   24 | 1.00 | 0.50 |     263.7 |       257.3 |         237.7 |      210.1 
 abcijk-ikma-mjbc |  4608 |  512 |   24 | 1.00 | 0.97 |     152.7 |       142.9 |         150.5 |      206.2 
 abcijk-ikmb-mjac |  1536 | 1536 |   24 | 1.00 | 0.75 |     258.4 |       257.1 |         236.3 |      182.7 
 abcijk-ikmc-mjab |  1536 | 1536 |   24 | 1.00 | 0.50 |     260.3 |       252.2 |         241.1 |      185.3 
 abcijk-jkma-mibc |  4608 |  512 |   24 | 1.00 | 0.97 |     156.5 |       156.9 |         158.0 |      216.9 
 abcijk-jkmb-miac |  1536 | 1536 |   24 | 1.00 | 0.75 |     257.9 |       260.6 |         235.7 |      157.6 
 abcijk-jkmc-miab |  1536 | 1536 |   24 | 1.00 | 0.50 |     267.8 |       255.5 |         251.7 |      197.3 
 abcijk-eiab-jkec |  1536 | 1536 |   24 | 1.00 | 0.50 |     264.3 |       245.4 |         240.1 |      197.5 
 abcijk-eiac-jkeb |  1536 | 1536 |   24 | 1.00 | 0.75 |     255.9 |       258.3 |         234.8 |      153.6 
 abcijk-eibc-jkea |   512 | 4608 |   24 | 1.00 | 0.97 |     146.2 |       166.5 |         134.0 |      215.9 
 abcijk-ejab-ikec |  1536 | 1536 |   24 | 1.00 | 0.50 |     268.6 |       260.5 |         248.8 |      180.2 
 abcijk-ejac-ikeb |  1536 | 1536 |   24 | 1.00 | 0.75 |     258.7 |       262.6 |         233.0 |      184.7 
 abcijk-ejbc-ikea |   512 | 4608 |   24 | 1.00 | 0.97 |     146.1 |       140.7 |         145.4 |      205.2 
 abcijk-ekab-ijec |  1536 | 1536 |   24 | 1.00 | 0.50 |     273.8 |       273.9 |         243.3 |      206.8 
 abcijk-ekac-ijeb |  1536 | 1536 |   24 | 1.00 | 0.75 |     259.4 |       260.0 |         234.9 |      165.9 
 abcijk-ekbc-ijea |   512 | 4608 |   24 | 1.00 | 0.97 |     147.6 |       145.0 |         150.7 |      206.8 
       abc-bk-akc |    72 | 3744 |   52 | 0.89 | 1.00 |     218.1 |       228.0 |         184.3 |      286.0 

=== complex efficiency ratio (c64 GF/s over f64 GF/s; 1.0 = no penalty) ===
             case | plan c64/f64 | packed c64/f64 | upstream c64/f64 | tblis c64/f64 
------------------+--------------+----------------+------------------+---------------
         ij-ik-kj |        1.082 |          1.063 |            1.268 |         1.309 
       ij-ikl-ljk |        1.242 |          1.246 |            1.478 |         2.380 
       ij-kil-lkj |        1.170 |          1.203 |            1.353 |         2.316 
       ijk-ikl-lj |        1.180 |          1.178 |            1.696 |         1.537 
       ijk-il-jlk |        1.089 |          1.021 |            1.442 |         1.583 
       ijk-ilk-jl |        4.430 |          1.429 |            1.666 |         1.525 
       ijk-ilk-lj |        1.180 |          1.175 |            1.688 |         1.586 
     ijk-ilmk-mjl |        1.456 |          1.389 |            2.466 |         2.342 
   ijkl-imjn-lnkm |        1.139 |          1.123 |            1.237 |         1.213 
   ijkl-imjn-nlmk |        1.247 |          1.240 |            1.349 |         1.345 
   ijkl-imkn-jnlm |        1.095 |          1.086 |            1.185 |         1.118 
   ijkl-imkn-njml |        1.096 |          1.090 |            1.187 |         1.181 
   ijkl-imln-jnkm |        1.092 |          1.090 |            1.179 |         1.108 
   ijkl-imln-njmk |        1.083 |          1.077 |            1.180 |         1.184 
   ijkl-imnj-nlkm |        1.115 |          1.089 |            1.225 |         1.201 
   ijkl-imnk-njml |        1.119 |          1.086 |            1.211 |         1.208 
   ijkl-minj-nlmk |        1.102 |          1.081 |            1.186 |         1.172 
   ijkl-mink-jnlm |        1.104 |          1.082 |            1.182 |         1.135 
   ijkl-minl-njmk |        1.072 |          1.070 |            1.166 |         1.176 
     aqrs-pa-pqrs |        3.183 |          2.517 |            1.569 |         2.466 
     abrs-qb-aqrs |        1.769 |          1.531 |            2.374 |         2.392 
     abcs-rc-abrs |        1.561 |          1.467 |            2.400 |         2.438 
       abj-bka-kj |        1.233 |          1.223 |            1.710 |         1.196 
       ajb-kba-jk |        1.152 |          1.159 |            1.590 |         1.327 
     abjc-cbka-kj |        2.242 |          2.347 |            2.981 |         2.205 
     ajbc-ckba-jk |        0.312 |          0.293 |            0.565 |         1.489 
     abjc-kbac-jk |        1.529 |          1.529 |            2.418 |         2.317 
   abjcd-dkbac-jk |        1.878 |          1.651 |            1.882 |         2.032 
   adbjc-cbdka-kj |        3.295 |          3.268 |            3.397 |         1.777 
   ajbdc-ckbad-jk |        1.059 |          1.053 |            1.198 |         2.135 
 abcijk-ijma-mkbc |        0.936 |          0.864 |            1.034 |         1.218 
 abcijk-ijmb-mkac |        1.311 |          1.300 |            1.385 |         1.598 
 abcijk-ijmc-mkab |        1.341 |          1.307 |            1.449 |         1.568 
 abcijk-ikma-mjbc |        0.987 |          0.951 |            1.083 |         1.240 
 abcijk-ikmb-mjac |        1.319 |          1.226 |            1.377 |         1.280 
 abcijk-ikmc-mjab |        1.286 |          1.208 |            1.522 |         1.651 
 abcijk-jkma-mibc |        1.032 |          1.016 |            1.168 |         1.268 
 abcijk-jkmb-miac |        1.267 |          1.203 |            1.432 |         1.607 
 abcijk-jkmc-miab |        1.311 |          1.197 |            1.534 |         1.706 
 abcijk-eiab-jkec |        1.437 |          1.238 |            1.422 |         1.698 
 abcijk-eiac-jkeb |        1.248 |          1.263 |            1.413 |         1.541 
 abcijk-eibc-jkea |        0.982 |          1.099 |            0.996 |         1.268 
 abcijk-ejab-ikec |        1.249 |          1.105 |            1.401 |         1.521 
 abcijk-ejac-ikeb |        1.373 |          1.532 |            1.394 |         1.300 
 abcijk-ejbc-ikea |        1.064 |          0.925 |            1.043 |         1.231 
 abcijk-ekab-ijec |        1.296 |          1.158 |            1.356 |         1.366 
 abcijk-ekac-ijeb |        1.262 |          1.156 |            1.417 |         1.540 
 abcijk-ekbc-ijea |        0.977 |          0.938 |            1.133 |         1.220 
       abc-bk-akc |        1.934 |          1.434 |            1.660 |         1.562 
             MEAN |        1.386 |          1.265 |            1.503 |         1.567 

wrote /home/shinaoka/projects/tensor4all/tprims-rs/benchmarks/benchmarks/tcbench/results/scaling-baseline/A-1m-8t.pending.csv
