# threads: requested=1 pool=1 budget=1
host        : shinaoka-EVO-X1Pro
target      : x86_64 / linux
cpu features: avx2 fma avx512f avx512dq 
caches      : L1=48KiB/12-way/2sh L2=1024KiB/16-way/2sh L3=16384KiB/16-way/8sh (via sysfs), blocking=legacy
l3 domains  : t1=1
baselines   : tblis=true blas=false
tblis       : abi 2.x, 1 thread(s)

running 49 cases at 1 MiB nominal tensor size, 5 reps, stress=none


=== f64 ===
             case |     m |    n |    k | regA | regB | plan GF/s | packed GF/s | upstream GF/s | tblis GF/s 
------------------+-------+------+------+------+------+-----------+-------------+---------------+------------
         ij-ik-kj |   384 |  364 |  384 | 0.00 | 0.00 |      37.1 |        34.8 |          34.2 |       29.5 
       ij-ikl-ljk |    72 |   52 | 3744 | 1.00 | 1.00 |      38.4 |        38.3 |          37.1 |       21.7 
       ij-kil-lkj |    72 |   52 | 5184 | 1.00 | 1.00 |      35.2 |        35.9 |          34.7 |       21.3 
       ijk-ikl-lj |  3744 |   52 |   72 | 1.00 | 1.00 |      42.7 |        42.7 |          41.6 |       26.7 
       ijk-il-jlk |    72 | 3744 |   52 | 1.00 | 1.00 |      43.5 |        43.5 |          41.8 |       29.6 
       ijk-ilk-jl |  3744 |   72 |   52 | 1.00 | 1.00 |      45.6 |        45.7 |          44.6 |       31.0 
       ijk-ilk-lj |  3744 |   52 |   72 | 1.00 | 1.00 |      42.7 |        42.8 |          41.3 |       27.0 
     ijk-ilmk-mjl |   480 |   20 |  480 | 1.00 | 1.00 |      35.6 |        35.7 |          34.9 |       16.1 
   ijkl-imjn-lnkm |   480 |  480 |  400 | 1.00 | 0.80 |      48.1 |        48.1 |          47.8 |       42.2 
   ijkl-imjn-nlmk |   480 |  400 |  480 | 1.00 | 0.80 |      49.1 |        49.2 |          48.4 |       41.2 
   ijkl-imkn-jnlm |   480 |  480 |  400 | 1.00 | 1.00 |      49.1 |        49.1 |          48.5 |       42.3 
   ijkl-imkn-njml |   480 |  400 |  480 | 1.00 | 0.80 |      49.2 |        49.3 |          48.7 |       41.3 
   ijkl-imln-jnkm |   480 |  480 |  400 | 1.00 | 1.00 |      49.0 |        49.0 |          48.4 |       42.4 
   ijkl-imln-njmk |   480 |  400 |  480 | 1.00 | 0.80 |      49.2 |        49.3 |          48.7 |       41.3 
   ijkl-imnj-nlkm |   480 |  400 |  480 | 1.00 | 0.80 |      49.0 |        49.1 |          48.3 |       42.1 
   ijkl-imnk-njml |   480 |  400 |  480 | 1.00 | 0.80 |      49.6 |        49.5 |          48.9 |       41.7 
   ijkl-minj-nlmk |   480 |  400 |  576 | 1.00 | 0.80 |      48.0 |        48.0 |          47.1 |       41.0 
   ijkl-mink-jnlm |   480 |  480 |  480 | 1.00 | 1.00 |      48.6 |        48.6 |          47.7 |       41.0 
   ijkl-minl-njmk |   480 |  400 |  576 | 1.00 | 0.80 |      48.2 |        48.4 |          47.4 |       41.3 
     aqrs-pa-pqrs |    24 | 8000 |   24 | 0.00 | 0.00 |      47.9 |        32.4 |          30.7 |       14.1 
     abrs-qb-aqrs |    20 | 9600 |   24 | 1.00 | 1.00 |      32.2 |        32.1 |          30.1 |       13.4 
     abcs-rc-abrs |    20 | 9600 |   24 | 1.00 | 1.00 |      31.5 |        31.6 |          29.5 |       13.5 
       abj-bka-kj |  5184 |   52 |   72 | 1.00 | 1.00 |      34.8 |        34.3 |          33.3 |       23.8 
       ajb-kba-jk |  3744 |   72 |   72 | 1.00 | 1.00 |      44.6 |        44.4 |          43.2 |       30.0 
     abjc-cbka-kj | 11520 |   20 |   24 | 1.00 | 1.00 |      19.9 |        18.9 |          16.6 |       12.9 
     ajbc-ckba-jk | 11520 |   24 |   20 | 1.00 | 1.00 |      25.7 |        25.8 |          23.4 |       15.2 
     abjc-kbac-jk |  9600 |   24 |   24 | 1.00 | 1.00 |      33.7 |        34.1 |          32.0 |       16.1 
   abjcd-dkbac-jk | 82944 |   24 |   12 | 1.00 | 1.00 |      15.2 |        15.2 |          13.7 |        8.1 
   adbjc-cbdka-kj | 82944 |   12 |   24 | 1.00 | 1.00 |       5.4 |         5.4 |           5.2 |        7.5 
   ajbdc-ckbad-jk | 82944 |   24 |   12 | 1.00 | 1.00 |      15.7 |        15.9 |          14.9 |        8.8 
 abcijk-ijma-mkbc |  4608 |  512 |   24 | 1.00 | 1.00 |      38.0 |        37.9 |          36.5 |       28.3 
 abcijk-ijmb-mkac |  1536 | 1536 |   24 | 1.00 | 1.00 |      41.6 |        41.8 |          40.0 |       26.7 
 abcijk-ijmc-mkab |  1536 | 1536 |   24 | 1.00 | 1.00 |      38.7 |        39.0 |          36.8 |       32.0 
 abcijk-ikma-mjbc |  4608 |  512 |   24 | 1.00 | 1.00 |      38.0 |        38.0 |          36.3 |       27.9 
 abcijk-ikmb-mjac |  1536 | 1536 |   24 | 1.00 | 1.00 |      41.7 |        41.4 |          39.5 |       27.9 
 abcijk-ikmc-mjab |  1536 | 1536 |   24 | 1.00 | 1.00 |      38.5 |        38.8 |          36.8 |       25.7 
 abcijk-jkma-mibc |  4608 |  512 |   24 | 1.00 | 1.00 |      40.0 |        40.2 |          38.1 |       31.4 
 abcijk-jkmb-miac |  1536 | 1536 |   24 | 1.00 | 1.00 |      41.8 |        42.3 |          40.2 |       22.1 
 abcijk-jkmc-miab |  1536 | 1536 |   24 | 1.00 | 1.00 |      38.4 |        38.9 |          36.8 |       29.6 
 abcijk-eiab-jkec |  1536 | 1536 |   24 | 1.00 | 1.00 |      38.5 |        38.7 |          36.8 |       25.8 
 abcijk-eiac-jkeb |  1536 | 1536 |   24 | 1.00 | 1.00 |      41.3 |        41.6 |          40.2 |       22.0 
 abcijk-eibc-jkea |   512 | 4608 |   24 | 1.00 | 1.00 |      39.9 |        40.0 |          37.9 |       31.6 
 abcijk-ejab-ikec |  1536 | 1536 |   24 | 1.00 | 1.00 |      38.4 |        38.8 |          36.6 |       25.7 
 abcijk-ejac-ikeb |  1536 | 1536 |   24 | 1.00 | 1.00 |      40.7 |        41.3 |          39.3 |       27.9 
 abcijk-ejbc-ikea |   512 | 4608 |   24 | 1.00 | 1.00 |      38.0 |        37.9 |          36.4 |       27.9 
 abcijk-ekab-ijec |  1536 | 1536 |   24 | 1.00 | 1.00 |      38.5 |        39.1 |          36.9 |       31.6 
 abcijk-ekac-ijeb |  1536 | 1536 |   24 | 1.00 | 1.00 |      41.5 |        41.1 |          39.5 |       26.8 
 abcijk-ekbc-ijea |   512 | 4608 |   24 | 1.00 | 1.00 |      38.0 |        38.4 |          36.2 |       28.0 
       abc-bk-akc |    72 | 3744 |   52 | 1.00 | 1.00 |      45.5 |        45.5 |          44.2 |       30.9 

=== c64 ===
             case |     m |    n |    k | regA | regB | plan GF/s | packed GF/s | upstream GF/s | tblis GF/s 
------------------+-------+------+------+------+------+-----------+-------------+---------------+------------
         ij-ik-kj |   384 |  364 |  384 | 1.00 | 1.00 |      35.2 |        35.2 |          34.8 |       41.2 
       ij-ikl-ljk |    72 |   52 | 3744 | 1.00 | 1.00 |      37.6 |        37.5 |          35.9 |       30.4 
       ij-kil-lkj |    72 |   52 | 5184 | 1.00 | 1.00 |      32.2 |        32.4 |          31.8 |       29.2 
       ijk-ikl-lj |  3744 |   52 |   72 | 1.00 | 1.00 |      43.8 |        43.8 |          42.8 |       30.6 
       ijk-il-jlk |    72 | 3744 |   52 | 1.00 | 1.00 |      40.9 |        39.6 |          39.1 |       38.3 
       ijk-ilk-jl |  3744 |   72 |   52 | 0.89 | 1.00 |      46.2 |        46.0 |          45.0 |       36.9 
       ijk-ilk-lj |  3744 |   52 |   72 | 0.89 | 1.00 |      43.8 |        43.4 |          43.2 |       32.7 
     ijk-ilmk-mjl |   480 |   20 |  480 | 0.67 | 1.00 |      37.2 |        37.2 |          36.3 |       30.4 
   ijkl-imjn-lnkm |   480 |  480 |  400 | 0.67 | 0.80 |      48.1 |        48.1 |          47.7 |       45.4 
   ijkl-imjn-nlmk |   480 |  400 |  480 | 0.67 | 0.81 |      48.1 |        48.1 |          47.6 |       44.4 
   ijkl-imkn-jnlm |   480 |  480 |  400 | 0.67 | 1.00 |      47.7 |        47.7 |          47.2 |       45.2 
   ijkl-imkn-njml |   480 |  400 |  480 | 0.67 | 0.81 |      48.1 |        48.1 |          47.6 |       44.4 
   ijkl-imln-jnkm |   480 |  480 |  400 | 0.67 | 1.00 |      47.9 |        47.9 |          47.2 |       45.6 
   ijkl-imln-njmk |   480 |  400 |  480 | 0.67 | 0.81 |      48.2 |        48.2 |          47.7 |       44.8 
   ijkl-imnj-nlkm |   480 |  400 |  480 | 0.67 | 0.81 |      48.1 |        48.1 |          47.7 |       44.9 
   ijkl-imnk-njml |   480 |  400 |  480 | 0.67 | 0.81 |      48.0 |        48.1 |          47.4 |       44.7 
   ijkl-minj-nlmk |   480 |  400 |  576 | 0.67 | 0.81 |      46.7 |        46.8 |          45.9 |       43.1 
   ijkl-mink-jnlm |   480 |  480 |  480 | 0.67 | 1.00 |      47.4 |        47.5 |          46.9 |       44.6 
   ijkl-minl-njmk |   480 |  400 |  576 | 0.67 | 0.81 |      46.8 |        46.8 |          46.1 |       44.0 
     aqrs-pa-pqrs |    24 | 8000 |   24 | 1.00 | 1.00 |      29.9 |        29.6 |          28.7 |       25.5 
     abrs-qb-aqrs |    20 | 9600 |   24 | 1.00 | 1.00 |      39.0 |        38.9 |          37.5 |       24.0 
     abcs-rc-abrs |    20 | 9600 |   24 | 1.00 | 1.00 |      33.1 |        32.9 |          32.7 |       24.5 
       abj-bka-kj |  5184 |   52 |   72 | 0.89 | 1.00 |      40.5 |        40.5 |          40.2 |       28.1 
       ajb-kba-jk |  3744 |   72 |   72 | 0.89 | 1.00 |      44.6 |        43.8 |          42.8 |       32.8 
     abjc-cbka-kj | 11520 |   20 |   24 | 0.67 | 1.00 |      23.9 |        24.4 |          25.1 |       23.4 
     ajbc-ckba-jk | 11520 |   24 |   20 | 1.00 | 1.00 |      29.1 |        28.5 |          27.4 |       23.9 
     abjc-kbac-jk |  9600 |   24 |   24 | 0.67 | 1.00 |      37.8 |        38.0 |          36.7 |       26.3 
   abjcd-dkbac-jk | 82944 |   24 |   12 | 0.67 | 1.00 |      21.7 |        21.6 |          20.1 |       16.4 
   adbjc-cbdka-kj | 82944 |   12 |   24 | 0.67 | 1.00 |      10.3 |        10.3 |          10.1 |       14.5 
   ajbdc-ckbad-jk | 82944 |   24 |   12 | 1.00 | 1.00 |      24.7 |        25.0 |          23.3 |       16.0 
 abcijk-ijma-mkbc |  4608 |  512 |   24 | 1.00 | 0.97 |      42.0 |        42.0 |          40.8 |       33.2 
 abcijk-ijmb-mkac |  1536 | 1536 |   24 | 1.00 | 0.75 |      44.7 |        44.6 |          43.2 |       32.7 
 abcijk-ijmc-mkab |  1536 | 1536 |   24 | 1.00 | 0.50 |      42.9 |        43.0 |          42.6 |       37.8 
 abcijk-ikma-mjbc |  4608 |  512 |   24 | 1.00 | 0.97 |      42.0 |        41.9 |          40.6 |       33.1 
 abcijk-ikmb-mjac |  1536 | 1536 |   24 | 1.00 | 0.75 |      44.8 |        44.6 |          43.1 |       34.0 
 abcijk-ikmc-mjab |  1536 | 1536 |   24 | 1.00 | 0.50 |      42.8 |        42.8 |          42.5 |       34.9 
 abcijk-jkma-mibc |  4608 |  512 |   24 | 1.00 | 0.97 |      42.3 |        42.3 |          40.9 |       36.2 
 abcijk-jkmb-miac |  1536 | 1536 |   24 | 1.00 | 0.75 |      44.7 |        44.5 |          43.1 |       29.6 
 abcijk-jkmc-miab |  1536 | 1536 |   24 | 1.00 | 0.50 |      43.3 |        43.3 |          42.6 |       36.8 
 abcijk-eiab-jkec |  1536 | 1536 |   24 | 1.00 | 0.50 |      43.3 |        43.3 |          42.5 |       36.6 
 abcijk-eiac-jkeb |  1536 | 1536 |   24 | 1.00 | 0.75 |      44.6 |        44.5 |          43.0 |       29.8 
 abcijk-eibc-jkea |   512 | 4608 |   24 | 1.00 | 0.97 |      42.2 |        42.2 |          40.8 |       36.0 
 abcijk-ejab-ikec |  1536 | 1536 |   24 | 1.00 | 0.50 |      42.8 |        42.8 |          42.6 |       35.1 
 abcijk-ejac-ikeb |  1536 | 1536 |   24 | 1.00 | 0.75 |      44.6 |        44.6 |          42.9 |       34.3 
 abcijk-ejbc-ikea |   512 | 4608 |   24 | 1.00 | 0.97 |      42.0 |        41.9 |          40.7 |       33.1 
 abcijk-ekab-ijec |  1536 | 1536 |   24 | 1.00 | 0.50 |      42.8 |        43.0 |          42.6 |       38.0 
 abcijk-ekac-ijeb |  1536 | 1536 |   24 | 1.00 | 0.75 |      44.6 |        44.6 |          43.0 |       33.0 
 abcijk-ekbc-ijea |   512 | 4608 |   24 | 1.00 | 0.97 |      42.0 |        42.0 |          40.7 |       33.1 
       abc-bk-akc |    72 | 3744 |   52 | 0.89 | 1.00 |      46.8 |        45.9 |          45.2 |       36.9 

=== complex efficiency ratio (c64 GF/s over f64 GF/s; 1.0 = no penalty) ===
             case | plan c64/f64 | packed c64/f64 | upstream c64/f64 | tblis c64/f64 
------------------+--------------+----------------+------------------+---------------
         ij-ik-kj |        0.951 |          1.011 |            1.017 |         1.393 
       ij-ikl-ljk |        0.980 |          0.979 |            0.968 |         1.399 
       ij-kil-lkj |        0.915 |          0.902 |            0.916 |         1.371 
       ijk-ikl-lj |        1.024 |          1.025 |            1.030 |         1.144 
       ijk-il-jlk |        0.940 |          0.911 |            0.935 |         1.291 
       ijk-ilk-jl |        1.013 |          1.006 |            1.010 |         1.192 
       ijk-ilk-lj |        1.025 |          1.016 |            1.046 |         1.211 
     ijk-ilmk-mjl |        1.045 |          1.043 |            1.042 |         1.886 
   ijkl-imjn-lnkm |        1.001 |          1.000 |            0.997 |         1.075 
   ijkl-imjn-nlmk |        0.979 |          0.978 |            0.983 |         1.078 
   ijkl-imkn-jnlm |        0.971 |          0.972 |            0.974 |         1.070 
   ijkl-imkn-njml |        0.977 |          0.977 |            0.977 |         1.074 
   ijkl-imln-jnkm |        0.978 |          0.978 |            0.976 |         1.075 
   ijkl-imln-njmk |        0.979 |          0.978 |            0.979 |         1.084 
   ijkl-imnj-nlkm |        0.981 |          0.981 |            0.987 |         1.065 
   ijkl-imnk-njml |        0.969 |          0.971 |            0.971 |         1.071 
   ijkl-minj-nlmk |        0.974 |          0.975 |            0.975 |         1.051 
   ijkl-mink-jnlm |        0.976 |          0.977 |            0.982 |         1.089 
   ijkl-minl-njmk |        0.972 |          0.967 |            0.972 |         1.066 
     aqrs-pa-pqrs |        0.625 |          0.913 |            0.936 |         1.805 
     abrs-qb-aqrs |        1.214 |          1.210 |            1.249 |         1.785 
     abcs-rc-abrs |        1.052 |          1.043 |            1.110 |         1.816 
       abj-bka-kj |        1.165 |          1.178 |            1.207 |         1.179 
       ajb-kba-jk |        0.999 |          0.985 |            0.989 |         1.093 
     abjc-cbka-kj |        1.199 |          1.294 |            1.513 |         1.815 
     ajbc-ckba-jk |        1.132 |          1.104 |            1.171 |         1.571 
     abjc-kbac-jk |        1.121 |          1.113 |            1.146 |         1.630 
   abjcd-dkbac-jk |        1.427 |          1.416 |            1.463 |         2.023 
   adbjc-cbdka-kj |        1.898 |          1.886 |            1.928 |         1.934 
   ajbdc-ckbad-jk |        1.580 |          1.570 |            1.564 |         1.805 
 abcijk-ijma-mkbc |        1.105 |          1.108 |            1.119 |         1.172 
 abcijk-ijmb-mkac |        1.074 |          1.069 |            1.081 |         1.224 
 abcijk-ijmc-mkab |        1.108 |          1.103 |            1.156 |         1.182 
 abcijk-ikma-mjbc |        1.105 |          1.100 |            1.120 |         1.185 
 abcijk-ikmb-mjac |        1.074 |          1.078 |            1.093 |         1.219 
 abcijk-ikmc-mjab |        1.111 |          1.103 |            1.157 |         1.359 
 abcijk-jkma-mibc |        1.058 |          1.052 |            1.073 |         1.152 
 abcijk-jkmb-miac |        1.069 |          1.052 |            1.073 |         1.338 
 abcijk-jkmc-miab |        1.126 |          1.114 |            1.157 |         1.243 
 abcijk-eiab-jkec |        1.124 |          1.118 |            1.157 |         1.416 
 abcijk-eiac-jkeb |        1.081 |          1.070 |            1.071 |         1.355 
 abcijk-eibc-jkea |        1.056 |          1.055 |            1.078 |         1.140 
 abcijk-ejab-ikec |        1.116 |          1.104 |            1.164 |         1.362 
 abcijk-ejac-ikeb |        1.096 |          1.080 |            1.091 |         1.228 
 abcijk-ejbc-ikea |        1.107 |          1.106 |            1.116 |         1.188 
 abcijk-ekab-ijec |        1.113 |          1.101 |            1.155 |         1.201 
 abcijk-ekac-ijeb |        1.076 |          1.084 |            1.087 |         1.232 
 abcijk-ekbc-ijea |        1.106 |          1.094 |            1.124 |         1.179 
       abc-bk-akc |        1.028 |          1.009 |            1.022 |         1.195 
             MEAN |        1.077 |          1.081 |            1.104 |         1.321 

wrote /home/shinaoka/projects/tensor4all/tprims-rs/benchmarks/benchmarks/tcbench/results/scaling-baseline/A-1m-1t.pending.csv
