# threads: requested=4 pool=4 budget=4
host        : shinaoka-EVO-X1Pro
target      : x86_64 / linux
cpu features: avx2 fma avx512f avx512dq 
caches      : L1=48KiB/12-way/2sh L2=1024KiB/16-way/2sh L3=16384KiB/16-way/8sh (via sysfs), blocking=legacy
l3 domains  : t1=1 t4=1 t8=2
baselines   : tblis=true blas=false
tblis       : abi 2.x, 4 thread(s)

running 49 cases at 1 MiB nominal tensor size, 5 reps, stress=none


=== f64 ===
             case |     m |    n |    k | regA | regB | plan GF/s | packed GF/s | upstream GF/s | tblis GF/s 
------------------+-------+------+------+------+------+-----------+-------------+---------------+------------
         ij-ik-kj |   384 |  364 |  384 | 0.00 | 0.00 |     143.8 |       133.6 |         121.3 |      106.0 
       ij-ikl-ljk |    72 |   52 | 3744 | 1.00 | 1.00 |      64.7 |        64.3 |          54.3 |       38.5 
       ij-kil-lkj |    72 |   52 | 5184 | 1.00 | 1.00 |      62.4 |        62.2 |          53.0 |       38.1 
       ijk-ikl-lj |  3744 |   52 |   72 | 1.00 | 1.00 |     112.5 |       114.2 |          83.7 |       69.9 
       ijk-il-jlk |    72 | 3744 |   52 | 1.00 | 1.00 |     116.5 |       116.6 |          93.5 |       77.0 
       ijk-ilk-jl |  3744 |   72 |   52 | 1.00 | 1.00 |     118.8 |       122.4 |          93.1 |       80.5 
       ijk-ilk-lj |  3744 |   52 |   72 | 1.00 | 1.00 |     126.9 |       129.0 |          95.5 |       79.2 
     ijk-ilmk-mjl |   480 |   20 |  480 | 1.00 | 1.00 |     110.2 |       111.3 |          69.0 |       49.8 
   ijkl-imjn-lnkm |   480 |  480 |  400 | 1.00 | 0.80 |     184.2 |       185.7 |         171.1 |      134.1 
   ijkl-imjn-nlmk |   480 |  400 |  480 | 1.00 | 0.80 |     191.8 |       192.0 |         173.9 |      149.0 
   ijkl-imkn-jnlm |   480 |  480 |  400 | 1.00 | 1.00 |     192.3 |       192.7 |         179.5 |      144.9 
   ijkl-imkn-njml |   480 |  400 |  480 | 1.00 | 0.80 |     189.7 |       193.7 |         175.9 |      148.3 
   ijkl-imln-jnkm |   480 |  480 |  400 | 1.00 | 1.00 |     192.8 |       193.2 |         176.4 |      145.0 
   ijkl-imln-njmk |   480 |  400 |  480 | 1.00 | 0.80 |     193.1 |       193.8 |         178.2 |      149.7 
   ijkl-imnj-nlkm |   480 |  400 |  480 | 1.00 | 0.80 |     192.2 |       192.6 |         176.9 |      151.5 
   ijkl-imnk-njml |   480 |  400 |  480 | 1.00 | 0.80 |     193.4 |       193.6 |         177.4 |      151.7 
   ijkl-minj-nlmk |   480 |  400 |  576 | 1.00 | 0.80 |     187.3 |       188.3 |         170.5 |      146.8 
   ijkl-mink-jnlm |   480 |  480 |  480 | 1.00 | 1.00 |     183.4 |       189.7 |         176.4 |      147.1 
   ijkl-minl-njmk |   480 |  400 |  576 | 1.00 | 0.80 |     186.5 |       189.0 |         176.1 |      150.5 
     aqrs-pa-pqrs |    24 | 8000 |   24 | 0.00 | 0.00 |      63.3 |        31.2 |          43.8 |       42.5 
     abrs-qb-aqrs |    20 | 9600 |   24 | 1.00 | 1.00 |     106.7 |       107.4 |          63.6 |       40.0 
     abcs-rc-abrs |    20 | 9600 |   24 | 1.00 | 1.00 |     105.5 |       107.5 |          67.4 |       40.4 
       abj-bka-kj |  5184 |   52 |   72 | 1.00 | 1.00 |     126.1 |       130.1 |         105.0 |       83.7 
       ajb-kba-jk |  3744 |   72 |   72 | 1.00 | 1.00 |     157.5 |       168.2 |         135.9 |      113.5 
     abjc-cbka-kj | 11520 |   20 |   24 | 1.00 | 1.00 |      21.4 |        53.2 |          37.4 |       38.6 
     ajbc-ckba-jk | 11520 |   24 |   20 | 1.00 | 1.00 |      83.1 |        84.3 |          51.5 |       43.3 
     abjc-kbac-jk |  9600 |   24 |   24 | 1.00 | 1.00 |      30.0 |       112.9 |          70.0 |       47.5 
   abjcd-dkbac-jk | 82944 |   24 |   12 | 1.00 | 1.00 |      35.8 |        40.2 |          34.7 |       23.2 
   adbjc-cbdka-kj | 82944 |   12 |   24 | 1.00 | 1.00 |       9.3 |         9.5 |           8.6 |       16.8 
   ajbdc-ckbad-jk | 82944 |   24 |   12 | 1.00 | 1.00 |      38.9 |        38.8 |          34.4 |       24.3 
 abcijk-ijma-mkbc |  4608 |  512 |   24 | 1.00 | 1.00 |     130.6 |       130.3 |         114.6 |      102.1 
 abcijk-ijmb-mkac |  1536 | 1536 |   24 | 1.00 | 1.00 |     120.4 |       144.9 |         128.7 |       60.7 
 abcijk-ijmc-mkab |  1536 | 1536 |   24 | 1.00 | 1.00 |     123.9 |       135.8 |         123.0 |       91.9 
 abcijk-ikma-mjbc |  4608 |  512 |   24 | 1.00 | 1.00 |     112.3 |       133.3 |         119.1 |      101.6 
 abcijk-ikmb-mjac |  1536 | 1536 |   24 | 1.00 | 1.00 |     148.2 |       122.2 |         128.7 |       95.7 
 abcijk-ikmc-mjab |  1536 | 1536 |   24 | 1.00 | 1.00 |     136.6 |       137.0 |         121.1 |       80.2 
 abcijk-jkma-mibc |  4608 |  512 |   24 | 1.00 | 1.00 |     128.6 |       135.3 |         116.4 |      110.0 
 abcijk-jkmb-miac |  1536 | 1536 |   24 | 1.00 | 1.00 |     141.1 |       144.5 |         124.7 |       59.8 
 abcijk-jkmc-miab |  1536 | 1536 |   24 | 1.00 | 1.00 |     138.5 |       139.8 |         121.1 |       82.7 
 abcijk-eiab-jkec |  1536 | 1536 |   24 | 1.00 | 1.00 |     132.2 |       132.1 |         121.3 |       84.7 
 abcijk-eiac-jkeb |  1536 | 1536 |   24 | 1.00 | 1.00 |     135.0 |       139.9 |         122.7 |       60.3 
 abcijk-eibc-jkea |   512 | 4608 |   24 | 1.00 | 1.00 |     134.8 |       141.5 |         115.7 |      109.9 
 abcijk-ejab-ikec |  1536 | 1536 |   24 | 1.00 | 1.00 |     129.0 |       142.2 |         116.6 |       83.6 
 abcijk-ejac-ikeb |  1536 | 1536 |   24 | 1.00 | 1.00 |     144.8 |       143.0 |         132.8 |       96.5 
 abcijk-ejbc-ikea |   512 | 4608 |   24 | 1.00 | 1.00 |     125.3 |       135.1 |         112.5 |      101.0 
 abcijk-ekab-ijec |  1536 | 1536 |   24 | 1.00 | 1.00 |     134.7 |       141.8 |         121.8 |       86.7 
 abcijk-ekac-ijeb |  1536 | 1536 |   24 | 1.00 | 1.00 |     147.3 |       140.9 |         132.1 |       61.0 
 abcijk-ekbc-ijea |   512 | 4608 |   24 | 1.00 | 1.00 |     129.5 |       139.5 |         115.2 |       99.8 
       abc-bk-akc |    72 | 3744 |   52 | 1.00 | 1.00 |      98.7 |       170.3 |         121.7 |      109.1 

=== c64 ===
             case |     m |    n |    k | regA | regB | plan GF/s | packed GF/s | upstream GF/s | tblis GF/s 
------------------+-------+------+------+------+------+-----------+-------------+---------------+------------
         ij-ik-kj |   384 |  364 |  384 | 1.00 | 1.00 |     137.6 |       138.0 |         132.0 |      126.8 
       ij-ikl-ljk |    72 |   52 | 3744 | 1.00 | 1.00 |      65.0 |        64.6 |          60.7 |       76.5 
       ij-kil-lkj |    72 |   52 | 5184 | 1.00 | 1.00 |      59.9 |        60.3 |          57.1 |       75.5 
       ijk-ikl-lj |  3744 |   52 |   72 | 1.00 | 1.00 |     124.3 |       125.0 |         115.0 |       86.6 
       ijk-il-jlk |    72 | 3744 |   52 | 1.00 | 1.00 |      64.6 |        71.8 |          67.7 |      107.1 
       ijk-ilk-jl |  3744 |   72 |   52 | 0.89 | 1.00 |     132.6 |       132.8 |         124.5 |      113.0 
       ijk-ilk-lj |  3744 |   52 |   72 | 0.89 | 1.00 |     144.3 |       147.1 |         135.6 |      116.3 
     ijk-ilmk-mjl |   480 |   20 |  480 | 0.67 | 1.00 |     115.7 |       123.6 |         103.7 |      105.1 
   ijkl-imjn-lnkm |   480 |  480 |  400 | 0.67 | 0.80 |     173.8 |       174.1 |         168.2 |      163.0 
   ijkl-imjn-nlmk |   480 |  400 |  480 | 0.67 | 0.81 |     174.9 |       174.9 |         171.1 |      162.5 
   ijkl-imkn-jnlm |   480 |  480 |  400 | 0.67 | 1.00 |     174.8 |       172.6 |         168.2 |      163.9 
   ijkl-imkn-njml |   480 |  400 |  480 | 0.67 | 0.81 |     173.8 |       174.6 |         171.3 |      162.9 
   ijkl-imln-jnkm |   480 |  480 |  400 | 0.67 | 1.00 |     174.5 |       173.6 |         169.1 |      164.0 
   ijkl-imln-njmk |   480 |  400 |  480 | 0.67 | 0.81 |     176.1 |       176.1 |         171.8 |      165.6 
   ijkl-imnj-nlkm |   480 |  400 |  480 | 0.67 | 0.81 |     175.4 |       174.1 |         170.6 |      165.3 
   ijkl-imnk-njml |   480 |  400 |  480 | 0.67 | 0.81 |     175.0 |       175.3 |         171.5 |      167.8 
   ijkl-minj-nlmk |   480 |  400 |  576 | 0.67 | 0.81 |     169.5 |       169.0 |         164.2 |      163.1 
   ijkl-mink-jnlm |   480 |  480 |  480 | 0.67 | 1.00 |     173.2 |       173.2 |         168.5 |      165.6 
   ijkl-minl-njmk |   480 |  400 |  576 | 0.67 | 0.81 |     171.1 |       171.6 |         166.3 |      166.0 
     aqrs-pa-pqrs |    24 | 8000 |   24 | 1.00 | 1.00 |     102.2 |       102.8 |          87.0 |       91.4 
     abrs-qb-aqrs |    20 | 9600 |   24 | 1.00 | 1.00 |     150.8 |       152.5 |         116.5 |       78.8 
     abcs-rc-abrs |    20 | 9600 |   24 | 1.00 | 1.00 |     132.8 |       132.7 |         104.1 |       80.3 
       abj-bka-kj |  5184 |   52 |   72 | 0.89 | 1.00 |     155.0 |       152.7 |         142.8 |       99.5 
       ajb-kba-jk |  3744 |   72 |   72 | 0.89 | 1.00 |     173.7 |       175.4 |         159.4 |      125.1 
     abjc-cbka-kj | 11520 |   20 |   24 | 0.67 | 1.00 |      95.5 |        96.2 |          80.1 |       69.6 
     ajbc-ckba-jk | 11520 |   24 |   20 | 1.00 | 1.00 |     105.2 |       104.5 |          88.7 |       78.2 
     abjc-kbac-jk |  9600 |   24 |   24 | 0.67 | 1.00 |     149.7 |       149.5 |         120.2 |       83.9 
   abjcd-dkbac-jk | 82944 |   24 |   12 | 0.67 | 1.00 |      60.7 |        61.3 |          57.5 |       47.0 
   adbjc-cbdka-kj | 82944 |   12 |   24 | 0.67 | 1.00 |      29.4 |        29.6 |          29.0 |       32.7 
   ajbdc-ckbad-jk | 82944 |   24 |   12 | 1.00 | 1.00 |      61.0 |        61.2 |          56.0 |       48.5 
 abcijk-ijma-mkbc |  4608 |  512 |   24 | 1.00 | 0.97 |     159.3 |       158.4 |         151.0 |      124.0 
 abcijk-ijmb-mkac |  1536 | 1536 |   24 | 1.00 | 0.75 |     168.0 |       169.4 |         159.6 |      114.8 
 abcijk-ijmc-mkab |  1536 | 1536 |   24 | 1.00 | 0.50 |     168.7 |       166.4 |         159.8 |      135.8 
 abcijk-ikma-mjbc |  4608 |  512 |   24 | 1.00 | 0.97 |     156.7 |       156.3 |         149.6 |      125.0 
 abcijk-ikmb-mjac |  1536 | 1536 |   24 | 1.00 | 0.75 |     171.3 |       169.9 |         161.5 |      121.6 
 abcijk-ikmc-mjab |  1536 | 1536 |   24 | 1.00 | 0.50 |     166.0 |       166.3 |         160.2 |      125.3 
 abcijk-jkma-mibc |  4608 |  512 |   24 | 1.00 | 0.97 |     157.8 |       160.6 |         148.7 |      134.9 
 abcijk-jkmb-miac |  1536 | 1536 |   24 | 1.00 | 0.75 |     170.4 |       169.0 |         159.3 |      104.7 
 abcijk-jkmc-miab |  1536 | 1536 |   24 | 1.00 | 0.50 |     165.4 |       165.3 |         154.6 |      123.1 
 abcijk-eiab-jkec |  1536 | 1536 |   24 | 1.00 | 0.50 |     165.9 |       164.8 |         154.0 |      122.1 
 abcijk-eiac-jkeb |  1536 | 1536 |   24 | 1.00 | 0.75 |     169.9 |       170.0 |         159.7 |       98.6 
 abcijk-eibc-jkea |   512 | 4608 |   24 | 1.00 | 0.97 |     157.6 |       158.9 |         147.0 |      135.6 
 abcijk-ejab-ikec |  1536 | 1536 |   24 | 1.00 | 0.50 |     164.1 |       164.3 |         160.6 |      123.9 
 abcijk-ejac-ikeb |  1536 | 1536 |   24 | 1.00 | 0.75 |     171.6 |       169.6 |         159.9 |      124.9 
 abcijk-ejbc-ikea |   512 | 4608 |   24 | 1.00 | 0.97 |     155.5 |       157.1 |         150.5 |      124.6 
 abcijk-ekab-ijec |  1536 | 1536 |   24 | 1.00 | 0.50 |     166.8 |       162.1 |         159.2 |      134.2 
 abcijk-ekac-ijeb |  1536 | 1536 |   24 | 1.00 | 0.75 |     169.2 |       168.9 |         160.7 |      120.1 
 abcijk-ekbc-ijea |   512 | 4608 |   24 | 1.00 | 0.97 |     157.8 |       158.8 |         151.2 |      123.8 
       abc-bk-akc |    72 | 3744 |   52 | 0.89 | 1.00 |     180.5 |       182.5 |         165.0 |      136.8 

=== complex efficiency ratio (c64 GF/s over f64 GF/s; 1.0 = no penalty) ===
             case | plan c64/f64 | packed c64/f64 | upstream c64/f64 | tblis c64/f64 
------------------+--------------+----------------+------------------+---------------
         ij-ik-kj |        0.957 |          1.033 |            1.088 |         1.197 
       ij-ikl-ljk |        1.005 |          1.006 |            1.118 |         1.985 
       ij-kil-lkj |        0.961 |          0.969 |            1.076 |         1.979 
       ijk-ikl-lj |        1.105 |          1.094 |            1.373 |         1.238 
       ijk-il-jlk |        0.554 |          0.616 |            0.724 |         1.391 
       ijk-ilk-jl |        1.116 |          1.085 |            1.336 |         1.403 
       ijk-ilk-lj |        1.137 |          1.140 |            1.420 |         1.469 
     ijk-ilmk-mjl |        1.050 |          1.110 |            1.503 |         2.110 
   ijkl-imjn-lnkm |        0.943 |          0.938 |            0.983 |         1.216 
   ijkl-imjn-nlmk |        0.912 |          0.911 |            0.984 |         1.090 
   ijkl-imkn-jnlm |        0.909 |          0.896 |            0.937 |         1.131 
   ijkl-imkn-njml |        0.916 |          0.901 |            0.974 |         1.098 
   ijkl-imln-jnkm |        0.905 |          0.899 |            0.959 |         1.131 
   ijkl-imln-njmk |        0.912 |          0.909 |            0.965 |         1.107 
   ijkl-imnj-nlkm |        0.913 |          0.904 |            0.964 |         1.091 
   ijkl-imnk-njml |        0.905 |          0.905 |            0.967 |         1.106 
   ijkl-minj-nlmk |        0.905 |          0.897 |            0.963 |         1.111 
   ijkl-mink-jnlm |        0.944 |          0.913 |            0.955 |         1.126 
   ijkl-minl-njmk |        0.918 |          0.908 |            0.944 |         1.103 
     aqrs-pa-pqrs |        1.614 |          3.299 |            1.986 |         2.151 
     abrs-qb-aqrs |        1.414 |          1.420 |            1.832 |         1.970 
     abcs-rc-abrs |        1.259 |          1.234 |            1.545 |         1.987 
       abj-bka-kj |        1.229 |          1.174 |            1.360 |         1.188 
       ajb-kba-jk |        1.103 |          1.043 |            1.173 |         1.102 
     abjc-cbka-kj |        4.470 |          1.807 |            2.144 |         1.804 
     ajbc-ckba-jk |        1.266 |          1.241 |            1.721 |         1.804 
     abjc-kbac-jk |        4.990 |          1.325 |            1.717 |         1.764 
   abjcd-dkbac-jk |        1.699 |          1.525 |            1.657 |         2.029 
   adbjc-cbdka-kj |        3.143 |          3.128 |            3.374 |         1.941 
   ajbdc-ckbad-jk |        1.567 |          1.575 |            1.628 |         1.998 
 abcijk-ijma-mkbc |        1.220 |          1.216 |            1.317 |         1.214 
 abcijk-ijmb-mkac |        1.395 |          1.169 |            1.240 |         1.891 
 abcijk-ijmc-mkab |        1.361 |          1.225 |            1.299 |         1.477 
 abcijk-ikma-mjbc |        1.396 |          1.173 |            1.256 |         1.231 
 abcijk-ikmb-mjac |        1.156 |          1.391 |            1.255 |         1.271 
 abcijk-ikmc-mjab |        1.215 |          1.213 |            1.323 |         1.561 
 abcijk-jkma-mibc |        1.227 |          1.186 |            1.277 |         1.227 
 abcijk-jkmb-miac |        1.208 |          1.169 |            1.277 |         1.752 
 abcijk-jkmc-miab |        1.194 |          1.182 |            1.276 |         1.490 
 abcijk-eiab-jkec |        1.255 |          1.247 |            1.270 |         1.441 
 abcijk-eiac-jkeb |        1.259 |          1.215 |            1.302 |         1.637 
 abcijk-eibc-jkea |        1.169 |          1.123 |            1.271 |         1.233 
 abcijk-ejab-ikec |        1.272 |          1.156 |            1.378 |         1.482 
 abcijk-ejac-ikeb |        1.185 |          1.186 |            1.204 |         1.294 
 abcijk-ejbc-ikea |        1.241 |          1.163 |            1.338 |         1.234 
 abcijk-ekab-ijec |        1.238 |          1.142 |            1.307 |         1.549 
 abcijk-ekac-ijeb |        1.149 |          1.199 |            1.216 |         1.968 
 abcijk-ekbc-ijea |        1.219 |          1.138 |            1.313 |         1.241 
       abc-bk-akc |        1.828 |          1.072 |            1.356 |         1.254 
             MEAN |        1.345 |          1.212 |            1.323 |         1.475 

wrote /home/shinaoka/projects/tensor4all/tprims-rs/benchmarks/benchmarks/tcbench/results/scaling-baseline/A-1m-4t.pending.csv
