# threads: requested=4 pool=4 budget=4
host        : shinaoka-EVO-X1Pro
target      : x86_64 / linux
cpu features: avx2 fma avx512f avx512dq 
caches      : L1=48KiB/12-way/2sh L2=1024KiB/16-way/2sh L3=16384KiB/16-way/8sh (via sysfs), blocking=legacy
l3 domains  : t1=1 t4=1 t8=2
baselines   : tblis=true blas=false
tblis       : abi 2.x, 4 thread(s)

running 49 cases at 16 MiB nominal tensor size, 5 reps, stress=none


=== f64 ===
             case |      m |     n |     k | regA | regB | plan GF/s | packed GF/s | upstream GF/s | tblis GF/s 
------------------+--------+-------+-------+------+------+-----------+-------------+---------------+------------
         ij-ik-kj |   1464 |  1448 |  1464 | 0.00 | 0.00 |     144.6 |       129.9 |         126.6 |      173.5 
       ij-ikl-ljk |    144 |   128 | 18432 | 1.00 | 1.00 |     102.4 |       100.9 |          99.0 |       89.1 
       ij-kil-lkj |    144 |   128 | 20736 | 1.00 | 1.00 |      98.6 |        98.6 |          95.6 |       80.5 
       ijk-ikl-lj |  18432 |   128 |   144 | 1.00 | 1.00 |     160.9 |       163.5 |         151.8 |      113.2 
       ijk-il-jlk |    144 | 18432 |   128 | 1.00 | 1.00 |     123.4 |       124.6 |         116.8 |      141.2 
       ijk-ilk-jl |  18432 |   144 |   128 | 1.00 | 1.00 |     168.0 |       169.5 |         161.4 |      124.9 
       ijk-ilk-lj |  18432 |   128 |   144 | 1.00 | 1.00 |     165.4 |       169.2 |         161.7 |      119.4 
     ijk-ilmk-mjl |   1920 |    40 |  1920 | 1.00 | 1.00 |     123.4 |       127.3 |         126.8 |       83.4 
   ijkl-imjn-lnkm |   1920 |  1920 |  1600 | 1.00 | 1.00 |     180.1 |       180.3 |         176.1 |      178.9 
   ijkl-imjn-nlmk |   1920 |  1600 |  1920 | 1.00 | 1.00 |     181.3 |       181.1 |         177.8 |      174.2 
   ijkl-imkn-jnlm |   1920 |  1920 |  1600 | 1.00 | 1.00 |     182.3 |       182.2 |         179.6 |      177.5 
   ijkl-imkn-njml |   1920 |  1600 |  1920 | 1.00 | 1.00 |     181.1 |       180.3 |         177.9 |      171.4 
   ijkl-imln-jnkm |   1920 |  1920 |  1600 | 1.00 | 1.00 |     182.6 |       182.9 |         180.7 |      175.8 
   ijkl-imln-njmk |   1920 |  1600 |  1920 | 1.00 | 1.00 |     180.2 |       181.4 |         179.2 |      172.3 
   ijkl-imnj-nlkm |   1920 |  1600 |  1920 | 1.00 | 1.00 |     180.8 |       180.9 |         176.3 |      176.9 
   ijkl-imnk-njml |   1920 |  1600 |  1920 | 1.00 | 1.00 |     180.0 |       180.8 |         174.0 |      175.7 
   ijkl-minj-nlmk |   1920 |  1600 |  2304 | 1.00 | 1.00 |     178.9 |       178.9 |         175.3 |      171.4 
   ijkl-mink-jnlm |   1920 |  1920 |  1920 | 1.00 | 1.00 |     180.8 |       181.0 |         178.6 |      177.1 
   ijkl-minl-njmk |   1920 |  1600 |  2304 | 1.00 | 1.00 |     177.5 |       177.5 |         171.7 |      169.6 
     aqrs-pa-pqrs |     48 | 64000 |    48 | 0.00 | 0.00 |     133.4 |       110.5 |         101.9 |       61.3 
     abrs-qb-aqrs |     40 | 76800 |    48 | 1.00 | 1.00 |     126.7 |       128.6 |         123.8 |       69.1 
     abcs-rc-abrs |     40 | 76800 |    48 | 1.00 | 1.00 |     115.5 |       118.5 |         109.2 |       61.6 
       abj-bka-kj |  20736 |   128 |   144 | 1.00 | 1.00 |     138.5 |       137.6 |         133.6 |       82.1 
       ajb-kba-jk |  18432 |   144 |   144 | 1.00 | 1.00 |     159.2 |       163.4 |         158.6 |      126.8 
     abjc-cbka-kj |  92160 |    40 |    48 | 1.00 | 1.00 |      27.7 |        28.2 |          27.2 |       42.2 
     ajbc-ckba-jk |  92160 |    48 |    40 | 1.00 | 1.00 |      46.7 |        46.3 |          44.3 |       62.1 
     abjc-kbac-jk |  76800 |    48 |    48 | 1.00 | 1.00 |      98.9 |       102.9 |          93.5 |       54.1 
   abjcd-dkbac-jk | 230400 |    24 |    20 | 1.00 | 1.00 |      31.4 |        31.7 |          29.8 |       30.0 
   adbjc-cbdka-kj | 230400 |    20 |    24 | 1.00 | 1.00 |      16.7 |        16.5 |          16.1 |       18.0 
   ajbdc-ckbad-jk | 230400 |    24 |    20 | 1.00 | 1.00 |      31.6 |        31.7 |          29.5 |       32.5 
 abcijk-ijma-mkbc |   6912 |  1728 |    24 | 1.00 | 1.00 |     130.8 |       130.7 |         122.3 |      109.5 
 abcijk-ijmb-mkac |   3456 |  3456 |    24 | 1.00 | 0.67 |     124.3 |       123.7 |         116.7 |       65.7 
 abcijk-ijmc-mkab |   3456 |  3456 |    24 | 1.00 | 0.67 |     120.5 |       118.4 |         113.0 |       83.5 
 abcijk-ikma-mjbc |   6912 |  1728 |    24 | 1.00 | 1.00 |     129.7 |       130.1 |         122.8 |      109.6 
 abcijk-ikmb-mjac |   3456 |  3456 |    24 | 1.00 | 0.67 |     123.9 |       123.8 |         115.8 |       90.2 
 abcijk-ikmc-mjab |   3456 |  3456 |    24 | 1.00 | 0.67 |     119.3 |       118.9 |         112.4 |       76.9 
 abcijk-jkma-mibc |   6912 |  1728 |    24 | 1.00 | 1.00 |     132.5 |       132.8 |         124.1 |      112.2 
 abcijk-jkmb-miac |   3456 |  3456 |    24 | 1.00 | 0.67 |     123.3 |       123.3 |         114.9 |       49.5 
 abcijk-jkmc-miab |   3456 |  3456 |    24 | 1.00 | 0.67 |     119.4 |       119.3 |         113.8 |       61.2 
 abcijk-eiab-jkec |   3456 |  3456 |    24 | 1.00 | 0.67 |     118.9 |       119.5 |         114.6 |       61.3 
 abcijk-eiac-jkeb |   3456 |  3456 |    24 | 1.00 | 0.67 |     123.4 |       123.3 |         116.0 |       49.6 
 abcijk-eibc-jkea |   1728 |  6912 |    24 | 1.00 | 1.00 |     133.5 |       131.3 |         123.4 |      112.1 
 abcijk-ejab-ikec |   3456 |  3456 |    24 | 1.00 | 0.67 |     118.9 |       119.7 |         114.0 |       76.8 
 abcijk-ejac-ikeb |   3456 |  3456 |    24 | 1.00 | 0.67 |     123.5 |       124.1 |         117.0 |       90.3 
 abcijk-ejbc-ikea |   1728 |  6912 |    24 | 1.00 | 1.00 |     130.2 |       130.4 |         121.8 |      109.1 
 abcijk-ekab-ijec |   3456 |  3456 |    24 | 1.00 | 0.67 |     119.2 |       120.9 |         113.9 |       83.4 
 abcijk-ekac-ijeb |   3456 |  3456 |    24 | 1.00 | 0.67 |     124.6 |       124.2 |         116.5 |       66.2 
 abcijk-ekbc-ijea |   1728 |  6912 |    24 | 1.00 | 1.00 |     130.7 |       130.8 |         121.4 |      110.3 
       abc-bk-akc |    144 | 18432 |   128 | 1.00 | 1.00 |     169.1 |       170.7 |         163.0 |      125.7 

=== c64 ===
             case |      m |     n |     k | regA | regB | plan GF/s | packed GF/s | upstream GF/s | tblis GF/s 
------------------+--------+-------+-------+------+------+-----------+-------------+---------------+------------
         ij-ik-kj |   1464 |  1448 |  1464 | 1.00 | 1.00 |     190.8 |       191.0 |         189.7 |      184.9 
       ij-ikl-ljk |    144 |   128 | 18432 | 1.00 | 1.00 |     120.1 |       119.7 |         116.2 |      116.9 
       ij-kil-lkj |    144 |   128 | 20736 | 1.00 | 1.00 |     116.5 |       116.3 |         112.1 |      107.6 
       ijk-ikl-lj |  18432 |   128 |   144 | 1.00 | 1.00 |     179.3 |       179.8 |         178.0 |      135.2 
       ijk-il-jlk |    144 | 18432 |   128 | 1.00 | 1.00 |     137.9 |       137.7 |         136.6 |      169.1 
       ijk-ilk-jl |  18432 |   144 |   128 | 1.00 | 1.00 |     190.5 |       190.6 |         188.1 |      146.3 
       ijk-ilk-lj |  18432 |   128 |   144 | 1.00 | 1.00 |     184.9 |       185.6 |         181.4 |      143.7 
     ijk-ilmk-mjl |   1920 |    40 |  1920 | 1.00 | 1.00 |     147.8 |       148.3 |         145.9 |      108.1 
   ijkl-imjn-lnkm |   1920 |  1920 |  1600 | 1.00 | 0.90 |     187.2 |       187.3 |         184.6 |      180.9 
   ijkl-imjn-nlmk |   1920 |  1600 |  1920 | 1.00 | 0.90 |     187.5 |       187.6 |         186.4 |      179.7 
   ijkl-imkn-jnlm |   1920 |  1920 |  1600 | 1.00 | 1.00 |     190.1 |       190.1 |         188.0 |      179.0 
   ijkl-imkn-njml |   1920 |  1600 |  1920 | 1.00 | 0.90 |     189.5 |       189.6 |         187.5 |      178.9 
   ijkl-imln-jnkm |   1920 |  1920 |  1600 | 1.00 | 1.00 |     190.8 |       190.7 |         188.8 |      179.1 
   ijkl-imln-njmk |   1920 |  1600 |  1920 | 1.00 | 0.90 |     190.2 |       190.2 |         188.2 |      180.4 
   ijkl-imnj-nlkm |   1920 |  1600 |  1920 | 1.00 | 0.90 |     188.0 |       188.3 |         186.7 |      180.1 
   ijkl-imnk-njml |   1920 |  1600 |  1920 | 1.00 | 0.90 |     189.9 |       189.9 |         188.1 |      179.9 
   ijkl-minj-nlmk |   1920 |  1600 |  2304 | 1.00 | 0.90 |     185.5 |       185.6 |         184.2 |      178.7 
   ijkl-mink-jnlm |   1920 |  1920 |  1920 | 1.00 | 1.00 |     188.6 |       188.6 |         185.9 |      179.3 
   ijkl-minl-njmk |   1920 |  1600 |  2304 | 1.00 | 0.90 |     187.7 |       187.7 |         185.7 |      178.7 
     aqrs-pa-pqrs |     48 | 64000 |    48 | 1.00 | 1.00 |     148.4 |       147.8 |         143.3 |      112.8 
     abrs-qb-aqrs |     40 | 76800 |    48 | 1.00 | 1.00 |     155.5 |       155.2 |         152.2 |      100.3 
     abcs-rc-abrs |     40 | 76800 |    48 | 1.00 | 1.00 |     148.7 |       149.9 |         144.4 |       95.4 
       abj-bka-kj |  20736 |   128 |   144 | 1.00 | 1.00 |     157.1 |       156.6 |         153.4 |      114.3 
       ajb-kba-jk |  18432 |   144 |   144 | 1.00 | 1.00 |     190.1 |       189.8 |         187.7 |      153.0 
     abjc-cbka-kj |  92160 |    40 |    48 | 1.00 | 1.00 |      71.1 |        71.8 |          68.4 |       74.4 
     ajbc-ckba-jk |  92160 |    48 |    40 | 1.00 | 1.00 |      96.7 |        97.2 |          95.2 |      104.5 
     abjc-kbac-jk |  76800 |    48 |    48 | 1.00 | 1.00 |     155.7 |       156.6 |         157.8 |       78.1 
   abjcd-dkbac-jk | 230400 |    24 |    20 | 0.67 | 1.00 |      67.9 |        67.7 |          65.2 |       61.4 
   adbjc-cbdka-kj | 230400 |    20 |    24 | 0.67 | 1.00 |      38.0 |        37.5 |          38.3 |       47.7 
   ajbdc-ckbad-jk | 230400 |    24 |    20 | 1.00 | 1.00 |      58.5 |        58.6 |          55.8 |       67.6 
 abcijk-ijma-mkbc |   6912 |  1728 |    24 | 1.00 | 1.00 |     166.7 |       166.6 |         162.3 |      142.3 
 abcijk-ijmb-mkac |   3456 |  3456 |    24 | 1.00 | 1.00 |     171.1 |       170.6 |         166.7 |      107.9 
 abcijk-ijmc-mkab |   3456 |  3456 |    24 | 1.00 | 1.00 |     168.8 |       168.4 |         165.4 |      139.9 
 abcijk-ikma-mjbc |   6912 |  1728 |    24 | 1.00 | 1.00 |     166.6 |       165.8 |         160.0 |      142.6 
 abcijk-ikmb-mjac |   3456 |  3456 |    24 | 1.00 | 1.00 |     171.1 |       170.9 |         168.6 |      127.4 
 abcijk-ikmc-mjab |   3456 |  3456 |    24 | 1.00 | 1.00 |     168.9 |       168.3 |         165.2 |      124.8 
 abcijk-jkma-mibc |   6912 |  1728 |    24 | 1.00 | 1.00 |     166.3 |       167.4 |         161.7 |      143.1 
 abcijk-jkmb-miac |   3456 |  3456 |    24 | 1.00 | 1.00 |     173.6 |       170.8 |         167.3 |       84.7 
 abcijk-jkmc-miab |   3456 |  3456 |    24 | 1.00 | 1.00 |     166.2 |       167.7 |         163.3 |      101.7 
 abcijk-eiab-jkec |   3456 |  3456 |    24 | 1.00 | 1.00 |     167.0 |       167.2 |         162.6 |      100.9 
 abcijk-eiac-jkeb |   3456 |  3456 |    24 | 1.00 | 1.00 |     171.6 |       170.7 |         166.5 |       85.6 
 abcijk-eibc-jkea |   1728 |  6912 |    24 | 1.00 | 1.00 |     164.9 |       166.9 |         161.2 |      143.3 
 abcijk-ejab-ikec |   3456 |  3456 |    24 | 1.00 | 1.00 |     168.9 |       168.8 |         165.7 |      125.1 
 abcijk-ejac-ikeb |   3456 |  3456 |    24 | 1.00 | 1.00 |     171.4 |       171.3 |         165.2 |      127.2 
 abcijk-ejbc-ikea |   1728 |  6912 |    24 | 1.00 | 1.00 |     164.2 |       165.5 |         159.0 |      142.5 
 abcijk-ekab-ijec |   3456 |  3456 |    24 | 1.00 | 1.00 |     168.7 |       168.9 |         165.5 |      141.0 
 abcijk-ekac-ijeb |   3456 |  3456 |    24 | 1.00 | 1.00 |     171.2 |       171.2 |         167.1 |      109.4 
 abcijk-ekbc-ijea |   1728 |  6912 |    24 | 1.00 | 1.00 |     166.3 |       166.1 |         161.6 |      142.5 
       abc-bk-akc |    144 | 18432 |   128 | 1.00 | 1.00 |     190.6 |       190.7 |         187.2 |      146.3 

=== complex efficiency ratio (c64 GF/s over f64 GF/s; 1.0 = no penalty) ===
             case | plan c64/f64 | packed c64/f64 | upstream c64/f64 | tblis c64/f64 
------------------+--------------+----------------+------------------+---------------
         ij-ik-kj |        1.319 |          1.470 |            1.498 |         1.066 
       ij-ikl-ljk |        1.173 |          1.186 |            1.173 |         1.313 
       ij-kil-lkj |        1.182 |          1.179 |            1.173 |         1.338 
       ijk-ikl-lj |        1.114 |          1.100 |            1.173 |         1.194 
       ijk-il-jlk |        1.118 |          1.105 |            1.170 |         1.197 
       ijk-ilk-jl |        1.134 |          1.125 |            1.165 |         1.171 
       ijk-ilk-lj |        1.118 |          1.097 |            1.122 |         1.204 
     ijk-ilmk-mjl |        1.198 |          1.165 |            1.150 |         1.296 
   ijkl-imjn-lnkm |        1.039 |          1.039 |            1.048 |         1.011 
   ijkl-imjn-nlmk |        1.034 |          1.036 |            1.049 |         1.031 
   ijkl-imkn-jnlm |        1.043 |          1.043 |            1.047 |         1.008 
   ijkl-imkn-njml |        1.046 |          1.052 |            1.054 |         1.044 
   ijkl-imln-jnkm |        1.045 |          1.042 |            1.045 |         1.019 
   ijkl-imln-njmk |        1.055 |          1.048 |            1.050 |         1.047 
   ijkl-imnj-nlkm |        1.040 |          1.041 |            1.059 |         1.018 
   ijkl-imnk-njml |        1.055 |          1.050 |            1.081 |         1.024 
   ijkl-minj-nlmk |        1.037 |          1.038 |            1.050 |         1.043 
   ijkl-mink-jnlm |        1.043 |          1.042 |            1.041 |         1.012 
   ijkl-minl-njmk |        1.058 |          1.058 |            1.082 |         1.054 
     aqrs-pa-pqrs |        1.113 |          1.337 |            1.406 |         1.839 
     abrs-qb-aqrs |        1.228 |          1.207 |            1.229 |         1.452 
     abcs-rc-abrs |        1.287 |          1.265 |            1.322 |         1.549 
       abj-bka-kj |        1.134 |          1.138 |            1.148 |         1.392 
       ajb-kba-jk |        1.194 |          1.162 |            1.184 |         1.206 
     abjc-cbka-kj |        2.566 |          2.543 |            2.510 |         1.763 
     ajbc-ckba-jk |        2.071 |          2.101 |            2.149 |         1.682 
     abjc-kbac-jk |        1.574 |          1.523 |            1.687 |         1.444 
   abjcd-dkbac-jk |        2.164 |          2.135 |            2.190 |         2.049 
   adbjc-cbdka-kj |        2.275 |          2.267 |            2.373 |         2.644 
   ajbdc-ckbad-jk |        1.849 |          1.851 |            1.892 |         2.082 
 abcijk-ijma-mkbc |        1.275 |          1.275 |            1.327 |         1.300 
 abcijk-ijmb-mkac |        1.377 |          1.379 |            1.428 |         1.643 
 abcijk-ijmc-mkab |        1.400 |          1.422 |            1.464 |         1.675 
 abcijk-ikma-mjbc |        1.285 |          1.274 |            1.303 |         1.301 
 abcijk-ikmb-mjac |        1.381 |          1.380 |            1.456 |         1.412 
 abcijk-ikmc-mjab |        1.416 |          1.415 |            1.470 |         1.623 
 abcijk-jkma-mibc |        1.255 |          1.261 |            1.303 |         1.275 
 abcijk-jkmb-miac |        1.408 |          1.385 |            1.456 |         1.711 
 abcijk-jkmc-miab |        1.392 |          1.406 |            1.435 |         1.661 
 abcijk-eiab-jkec |        1.405 |          1.399 |            1.419 |         1.648 
 abcijk-eiac-jkeb |        1.391 |          1.384 |            1.435 |         1.727 
 abcijk-eibc-jkea |        1.235 |          1.271 |            1.306 |         1.278 
 abcijk-ejab-ikec |        1.420 |          1.411 |            1.454 |         1.628 
 abcijk-ejac-ikeb |        1.388 |          1.381 |            1.413 |         1.409 
 abcijk-ejbc-ikea |        1.260 |          1.270 |            1.305 |         1.306 
 abcijk-ekab-ijec |        1.415 |          1.398 |            1.452 |         1.691 
 abcijk-ekac-ijeb |        1.373 |          1.379 |            1.434 |         1.652 
 abcijk-ekbc-ijea |        1.273 |          1.270 |            1.331 |         1.293 
       abc-bk-akc |        1.127 |          1.117 |            1.149 |         1.164 
             MEAN |        1.322 |          1.325 |            1.360 |         1.400 

wrote /home/shinaoka/projects/tensor4all/tprims-rs/benchmarks/benchmarks/tcbench/results/scaling-single-l3/baseline/A-16m-4t.pending.csv
