# threads: requested=1 pool=1 budget=1
host        : shinaoka-EVO-X1Pro
target      : x86_64 / linux
cpu features: avx2 fma avx512f avx512dq 
caches      : L1=48KiB/12-way/2sh L2=1024KiB/16-way/2sh L3=16384KiB/16-way/8sh (via sysfs), blocking=legacy
l3 domains  : t1=1
baselines   : tblis=true blas=false
tblis       : abi 2.x, 1 thread(s)

running 49 cases at 16 MiB nominal tensor size, 5 reps, stress=none


=== f64 ===
             case |      m |     n |     k | regA | regB | plan GF/s | packed GF/s | upstream GF/s | tblis GF/s 
------------------+--------+-------+-------+------+------+-----------+-------------+---------------+------------
         ij-ik-kj |   1464 |  1448 |  1464 | 0.00 | 0.00 |      36.5 |        48.7 |          47.1 |       45.7 
       ij-ikl-ljk |    144 |   128 | 18432 | 1.00 | 1.00 |      38.1 |        37.9 |          36.8 |       27.1 
       ij-kil-lkj |    144 |   128 | 20736 | 1.00 | 1.00 |      36.0 |        36.0 |          35.2 |       25.4 
       ijk-ikl-lj |  18432 |   128 |   144 | 1.00 | 1.00 |      42.6 |        42.6 |          41.4 |       34.5 
       ijk-il-jlk |    144 | 18432 |   128 | 1.00 | 1.00 |      38.2 |        39.0 |          35.8 |       36.6 
       ijk-ilk-jl |  18432 |   144 |   128 | 1.00 | 1.00 |      44.5 |        44.6 |          44.4 |       36.0 
       ijk-ilk-lj |  18432 |   128 |   144 | 1.00 | 1.00 |      44.4 |        44.3 |          44.1 |       34.0 
     ijk-ilmk-mjl |   1920 |    40 |  1920 | 1.00 | 1.00 |      40.6 |        40.8 |          39.9 |       21.8 
   ijkl-imjn-lnkm |   1920 |  1920 |  1600 | 1.00 | 1.00 |      47.3 |        47.3 |          46.1 |       46.7 
   ijkl-imjn-nlmk |   1920 |  1600 |  1920 | 1.00 | 1.00 |      47.4 |        47.4 |          46.1 |       45.7 
   ijkl-imkn-jnlm |   1920 |  1920 |  1600 | 1.00 | 1.00 |      47.2 |        47.2 |          46.1 |       46.5 
   ijkl-imkn-njml |   1920 |  1600 |  1920 | 1.00 | 1.00 |      47.4 |        47.3 |          46.4 |       45.6 
   ijkl-imln-jnkm |   1920 |  1920 |  1600 | 1.00 | 1.00 |      47.2 |        47.2 |          46.1 |       46.2 
   ijkl-imln-njmk |   1920 |  1600 |  1920 | 1.00 | 1.00 |      47.3 |        47.3 |          46.5 |       45.6 
   ijkl-imnj-nlkm |   1920 |  1600 |  1920 | 1.00 | 1.00 |      47.3 |        47.3 |          46.2 |       46.6 
   ijkl-imnk-njml |   1920 |  1600 |  1920 | 1.00 | 1.00 |      47.5 |        47.5 |          46.6 |       46.2 
   ijkl-minj-nlmk |   1920 |  1600 |  2304 | 1.00 | 1.00 |      46.1 |        46.1 |          45.5 |       45.4 
   ijkl-mink-jnlm |   1920 |  1920 |  1920 | 1.00 | 1.00 |      46.6 |        46.6 |          46.2 |       46.2 
   ijkl-minl-njmk |   1920 |  1600 |  2304 | 1.00 | 1.00 |      46.4 |        46.4 |          45.5 |       46.2 
     aqrs-pa-pqrs |     48 | 64000 |    48 | 0.00 | 0.00 |      40.9 |        33.3 |          30.4 |       19.2 
     abrs-qb-aqrs |     40 | 76800 |    48 | 1.00 | 1.00 |      34.5 |        34.7 |          34.7 |       19.8 
     abcs-rc-abrs |     40 | 76800 |    48 | 1.00 | 1.00 |      30.8 |        30.9 |          28.7 |       21.5 
       abj-bka-kj |  20736 |   128 |   144 | 1.00 | 1.00 |      38.5 |        38.7 |          38.7 |       26.2 
       ajb-kba-jk |  18432 |   144 |   144 | 1.00 | 1.00 |      42.7 |        42.7 |          42.7 |       37.2 
     abjc-cbka-kj |  92160 |    40 |    48 | 1.00 | 1.00 |       9.8 |         9.9 |           9.6 |       13.5 
     ajbc-ckba-jk |  92160 |    48 |    40 | 1.00 | 1.00 |      17.7 |        17.8 |          17.2 |       19.6 
     abjc-kbac-jk |  76800 |    48 |    48 | 1.00 | 1.00 |      28.7 |        28.9 |          29.0 |       19.0 
   abjcd-dkbac-jk | 230400 |    24 |    20 | 1.00 | 1.00 |      12.8 |        12.8 |          11.7 |       10.1 
   adbjc-cbdka-kj | 230400 |    20 |    24 | 1.00 | 1.00 |       5.4 |         5.4 |           5.2 |        8.4 
   ajbdc-ckbad-jk | 230400 |    24 |    20 | 1.00 | 1.00 |      12.8 |        12.8 |          11.7 |       10.6 
 abcijk-ijma-mkbc |   6912 |  1728 |    24 | 1.00 | 1.00 |      41.4 |        41.3 |          39.5 |       33.6 
 abcijk-ijmb-mkac |   3456 |  3456 |    24 | 1.00 | 0.67 |      41.5 |        40.8 |          39.2 |       24.1 
 abcijk-ijmc-mkab |   3456 |  3456 |    24 | 1.00 | 0.67 |      39.6 |        39.6 |          37.5 |       31.6 
 abcijk-ikma-mjbc |   6912 |  1728 |    24 | 1.00 | 1.00 |      41.9 |        41.2 |          39.3 |       33.4 
 abcijk-ikmb-mjac |   3456 |  3456 |    24 | 1.00 | 0.67 |      40.8 |        40.8 |          38.9 |       29.6 
 abcijk-ikmc-mjab |   3456 |  3456 |    24 | 1.00 | 0.67 |      39.8 |        39.7 |          37.5 |       25.9 
 abcijk-jkma-mibc |   6912 |  1728 |    24 | 1.00 | 1.00 |      42.0 |        41.8 |          40.0 |       33.4 
 abcijk-jkmb-miac |   3456 |  3456 |    24 | 1.00 | 0.67 |      41.4 |        41.2 |          38.8 |       16.1 
 abcijk-jkmc-miab |   3456 |  3456 |    24 | 1.00 | 0.67 |      39.8 |        39.9 |          38.0 |       22.2 
 abcijk-eiab-jkec |   3456 |  3456 |    24 | 1.00 | 0.67 |      39.8 |        39.8 |          37.9 |       22.5 
 abcijk-eiac-jkeb |   3456 |  3456 |    24 | 1.00 | 0.67 |      41.0 |        40.9 |          38.3 |       16.2 
 abcijk-eibc-jkea |   1728 |  6912 |    24 | 1.00 | 1.00 |      41.5 |        41.3 |          39.4 |       33.5 
 abcijk-ejab-ikec |   3456 |  3456 |    24 | 1.00 | 0.67 |      39.8 |        39.7 |          37.5 |       26.1 
 abcijk-ejac-ikeb |   3456 |  3456 |    24 | 1.00 | 0.67 |      41.0 |        40.7 |          38.3 |       29.5 
 abcijk-ejbc-ikea |   1728 |  6912 |    24 | 1.00 | 1.00 |      40.9 |        40.9 |          38.9 |       33.5 
 abcijk-ekab-ijec |   3456 |  3456 |    24 | 1.00 | 0.67 |      39.6 |        39.7 |          37.7 |       31.4 
 abcijk-ekac-ijeb |   3456 |  3456 |    24 | 1.00 | 0.67 |      41.0 |        41.2 |          38.6 |       24.2 
 abcijk-ekbc-ijea |   1728 |  6912 |    24 | 1.00 | 1.00 |      41.0 |        41.1 |          39.2 |       33.5 
       abc-bk-akc |    144 | 18432 |   128 | 1.00 | 1.00 |      43.8 |        43.8 |          43.2 |       35.8 

=== c64 ===
             case |      m |     n |     k | regA | regB | plan GF/s | packed GF/s | upstream GF/s | tblis GF/s 
------------------+--------+-------+-------+------+------+-----------+-------------+---------------+------------
         ij-ik-kj |   1464 |  1448 |  1464 | 1.00 | 1.00 |      48.4 |        48.4 |          48.0 |       47.0 
       ij-ikl-ljk |    144 |   128 | 18432 | 1.00 | 1.00 |      42.2 |        42.1 |          40.2 |       33.5 
       ij-kil-lkj |    144 |   128 | 20736 | 1.00 | 1.00 |      40.4 |        40.4 |          38.4 |       30.7 
       ijk-ikl-lj |  18432 |   128 |   144 | 1.00 | 1.00 |      46.5 |        46.5 |          45.9 |       35.8 
       ijk-il-jlk |    144 | 18432 |   128 | 1.00 | 1.00 |      44.8 |        44.8 |          43.9 |       42.6 
       ijk-ilk-jl |  18432 |   144 |   128 | 1.00 | 1.00 |      48.8 |        48.8 |          48.2 |       39.1 
       ijk-ilk-lj |  18432 |   128 |   144 | 1.00 | 1.00 |      47.5 |        47.5 |          46.7 |       38.1 
     ijk-ilmk-mjl |   1920 |    40 |  1920 | 1.00 | 1.00 |      41.8 |        41.8 |          40.9 |       28.4 
   ijkl-imjn-lnkm |   1920 |  1920 |  1600 | 1.00 | 0.90 |      48.1 |        48.1 |          47.8 |       46.0 
   ijkl-imjn-nlmk |   1920 |  1600 |  1920 | 1.00 | 0.90 |      48.1 |        48.1 |          47.7 |       45.0 
   ijkl-imkn-jnlm |   1920 |  1920 |  1600 | 1.00 | 1.00 |      48.2 |        48.2 |          47.7 |       45.7 
   ijkl-imkn-njml |   1920 |  1600 |  1920 | 1.00 | 0.90 |      48.3 |        48.3 |          47.7 |       44.7 
   ijkl-imln-jnkm |   1920 |  1920 |  1600 | 1.00 | 1.00 |      48.3 |        48.4 |          47.8 |       45.6 
   ijkl-imln-njmk |   1920 |  1600 |  1920 | 1.00 | 0.90 |      48.5 |        48.5 |          47.8 |       45.3 
   ijkl-imnj-nlkm |   1920 |  1600 |  1920 | 1.00 | 0.90 |      48.0 |        48.1 |          47.7 |       45.5 
   ijkl-imnk-njml |   1920 |  1600 |  1920 | 1.00 | 0.90 |      48.4 |        48.3 |          47.8 |       45.4 
   ijkl-minj-nlmk |   1920 |  1600 |  2304 | 1.00 | 0.90 |      47.3 |        47.3 |          46.8 |       45.2 
   ijkl-mink-jnlm |   1920 |  1920 |  1920 | 1.00 | 1.00 |      47.7 |        47.7 |          47.1 |       45.2 
   ijkl-minl-njmk |   1920 |  1600 |  2304 | 1.00 | 0.90 |      47.7 |        47.7 |          47.1 |       45.9 
     aqrs-pa-pqrs |     48 | 64000 |    48 | 1.00 | 1.00 |      38.6 |        38.6 |          37.5 |       29.0 
     abrs-qb-aqrs |     40 | 76800 |    48 | 1.00 | 1.00 |      39.6 |        39.7 |          38.8 |       29.4 
     abcs-rc-abrs |     40 | 76800 |    48 | 1.00 | 1.00 |      39.2 |        39.2 |          38.0 |       29.3 
       abj-bka-kj |  20736 |   128 |   144 | 1.00 | 1.00 |      41.2 |        41.2 |          40.5 |       30.9 
       ajb-kba-jk |  18432 |   144 |   144 | 1.00 | 1.00 |      48.7 |        48.7 |          48.2 |       40.6 
     abjc-cbka-kj |  92160 |    40 |    48 | 1.00 | 1.00 |      19.1 |        19.1 |          18.8 |       22.3 
     ajbc-ckba-jk |  92160 |    48 |    40 | 1.00 | 1.00 |      25.7 |        25.7 |          25.0 |       32.7 
     abjc-kbac-jk |  76800 |    48 |    48 | 1.00 | 1.00 |      40.1 |        40.1 |          38.9 |       26.4 
   abjcd-dkbac-jk | 230400 |    24 |    20 | 0.67 | 1.00 |      21.1 |        21.0 |          19.8 |       19.3 
   adbjc-cbdka-kj | 230400 |    20 |    24 | 0.67 | 1.00 |      11.8 |        11.8 |          11.4 |       17.2 
   ajbdc-ckbad-jk | 230400 |    24 |    20 | 1.00 | 1.00 |      20.2 |        20.2 |          19.0 |       19.5 
 abcijk-ijma-mkbc |   6912 |  1728 |    24 | 1.00 | 1.00 |      43.8 |        43.9 |          42.6 |       37.4 
 abcijk-ijmb-mkac |   3456 |  3456 |    24 | 1.00 | 1.00 |      45.3 |        45.2 |          43.9 |       33.3 
 abcijk-ijmc-mkab |   3456 |  3456 |    24 | 1.00 | 1.00 |      44.4 |        44.4 |          43.4 |       39.3 
 abcijk-ikma-mjbc |   6912 |  1728 |    24 | 1.00 | 1.00 |      43.8 |        43.8 |          42.4 |       37.4 
 abcijk-ikmb-mjac |   3456 |  3456 |    24 | 1.00 | 1.00 |      45.3 |        45.2 |          43.9 |       35.2 
 abcijk-ikmc-mjab |   3456 |  3456 |    24 | 1.00 | 1.00 |      44.4 |        44.4 |          43.2 |       35.3 
 abcijk-jkma-mibc |   6912 |  1728 |    24 | 1.00 | 1.00 |      44.0 |        44.0 |          42.7 |       37.5 
 abcijk-jkmb-miac |   3456 |  3456 |    24 | 1.00 | 1.00 |      45.0 |        45.1 |          43.5 |       27.8 
 abcijk-jkmc-miab |   3456 |  3456 |    24 | 1.00 | 1.00 |      44.3 |        44.3 |          43.0 |       34.1 
 abcijk-eiab-jkec |   3456 |  3456 |    24 | 1.00 | 1.00 |      44.3 |        44.3 |          42.9 |       34.2 
 abcijk-eiac-jkeb |   3456 |  3456 |    24 | 1.00 | 1.00 |      45.1 |        45.0 |          43.4 |       27.9 
 abcijk-eibc-jkea |   1728 |  6912 |    24 | 1.00 | 1.00 |      44.0 |        44.0 |          42.8 |       37.4 
 abcijk-ejab-ikec |   3456 |  3456 |    24 | 1.00 | 1.00 |      44.4 |        44.4 |          43.5 |       35.5 
 abcijk-ejac-ikeb |   3456 |  3456 |    24 | 1.00 | 1.00 |      45.2 |        45.2 |          43.9 |       35.5 
 abcijk-ejbc-ikea |   1728 |  6912 |    24 | 1.00 | 1.00 |      43.8 |        43.9 |          42.5 |       37.4 
 abcijk-ekab-ijec |   3456 |  3456 |    24 | 1.00 | 1.00 |      44.4 |        44.4 |          43.5 |       39.4 
 abcijk-ekac-ijeb |   3456 |  3456 |    24 | 1.00 | 1.00 |      45.3 |        45.2 |          43.9 |       33.4 
 abcijk-ekbc-ijea |   1728 |  6912 |    24 | 1.00 | 1.00 |      43.9 |        43.9 |          42.6 |       37.4 
       abc-bk-akc |    144 | 18432 |   128 | 1.00 | 1.00 |      48.8 |        48.8 |          48.3 |       39.2 

=== complex efficiency ratio (c64 GF/s over f64 GF/s; 1.0 = no penalty) ===
             case | plan c64/f64 | packed c64/f64 | upstream c64/f64 | tblis c64/f64 
------------------+--------------+----------------+------------------+---------------
         ij-ik-kj |        1.327 |          0.993 |            1.020 |         1.028 
       ij-ikl-ljk |        1.107 |          1.112 |            1.093 |         1.235 
       ij-kil-lkj |        1.123 |          1.123 |            1.092 |         1.211 
       ijk-ikl-lj |        1.091 |          1.092 |            1.108 |         1.040 
       ijk-il-jlk |        1.170 |          1.150 |            1.224 |         1.163 
       ijk-ilk-jl |        1.098 |          1.095 |            1.085 |         1.083 
       ijk-ilk-lj |        1.070 |          1.072 |            1.059 |         1.120 
     ijk-ilmk-mjl |        1.031 |          1.024 |            1.023 |         1.305 
   ijkl-imjn-lnkm |        1.018 |          1.018 |            1.036 |         0.986 
   ijkl-imjn-nlmk |        1.014 |          1.014 |            1.034 |         0.985 
   ijkl-imkn-jnlm |        1.022 |          1.022 |            1.034 |         0.982 
   ijkl-imkn-njml |        1.020 |          1.020 |            1.029 |         0.980 
   ijkl-imln-jnkm |        1.025 |          1.025 |            1.036 |         0.989 
   ijkl-imln-njmk |        1.024 |          1.024 |            1.029 |         0.994 
   ijkl-imnj-nlkm |        1.016 |          1.017 |            1.031 |         0.977 
   ijkl-imnk-njml |        1.018 |          1.018 |            1.025 |         0.981 
   ijkl-minj-nlmk |        1.026 |          1.026 |            1.029 |         0.998 
   ijkl-mink-jnlm |        1.023 |          1.025 |            1.020 |         0.979 
   ijkl-minl-njmk |        1.027 |          1.028 |            1.035 |         0.994 
     aqrs-pa-pqrs |        0.943 |          1.160 |            1.233 |         1.510 
     abrs-qb-aqrs |        1.150 |          1.144 |            1.118 |         1.486 
     abcs-rc-abrs |        1.275 |          1.270 |            1.322 |         1.362 
       abj-bka-kj |        1.070 |          1.064 |            1.045 |         1.179 
       ajb-kba-jk |        1.140 |          1.141 |            1.129 |         1.091 
     abjc-cbka-kj |        1.944 |          1.939 |            1.961 |         1.651 
     ajbc-ckba-jk |        1.450 |          1.445 |            1.454 |         1.663 
     abjc-kbac-jk |        1.399 |          1.387 |            1.341 |         1.388 
   abjcd-dkbac-jk |        1.648 |          1.643 |            1.696 |         1.914 
   adbjc-cbdka-kj |        2.194 |          2.192 |            2.210 |         2.033 
   ajbdc-ckbad-jk |        1.577 |          1.575 |            1.626 |         1.836 
 abcijk-ijma-mkbc |        1.060 |          1.062 |            1.078 |         1.113 
 abcijk-ijmb-mkac |        1.091 |          1.108 |            1.121 |         1.382 
 abcijk-ijmc-mkab |        1.119 |          1.121 |            1.156 |         1.244 
 abcijk-ikma-mjbc |        1.045 |          1.065 |            1.080 |         1.119 
 abcijk-ikmb-mjac |        1.111 |          1.108 |            1.129 |         1.190 
 abcijk-ikmc-mjab |        1.115 |          1.119 |            1.151 |         1.362 
 abcijk-jkma-mibc |        1.048 |          1.053 |            1.068 |         1.122 
 abcijk-jkmb-miac |        1.088 |          1.093 |            1.122 |         1.731 
 abcijk-jkmc-miab |        1.114 |          1.112 |            1.130 |         1.533 
 abcijk-eiab-jkec |        1.114 |          1.112 |            1.134 |         1.521 
 abcijk-eiac-jkeb |        1.098 |          1.102 |            1.135 |         1.721 
 abcijk-eibc-jkea |        1.059 |          1.066 |            1.086 |         1.119 
 abcijk-ejab-ikec |        1.114 |          1.117 |            1.160 |         1.359 
 abcijk-ejac-ikeb |        1.103 |          1.110 |            1.146 |         1.203 
 abcijk-ejbc-ikea |        1.070 |          1.074 |            1.094 |         1.116 
 abcijk-ekab-ijec |        1.121 |          1.118 |            1.154 |         1.254 
 abcijk-ekac-ijeb |        1.104 |          1.098 |            1.138 |         1.381 
 abcijk-ekbc-ijea |        1.071 |          1.069 |            1.087 |         1.116 
       abc-bk-akc |        1.114 |          1.114 |            1.118 |         1.096 
             MEAN |        1.159 |          1.157 |            1.173 |         1.262 

wrote /home/shinaoka/projects/tensor4all/tprims-rs/benchmarks/benchmarks/tcbench/results/scaling-single-l3/baseline/A-16m-1t.pending.csv
