# threads: requested=8 pool=8 budget=8
host        : shinaoka-EVO-X1Pro
target      : x86_64 / linux
cpu features: avx2 fma avx512f avx512dq 
caches      : L1=48KiB/12-way/2sh L2=1024KiB/16-way/2sh L3=16384KiB/16-way/8sh (via sysfs), blocking=legacy
l3 domains  : t1=1 t4=1 t8=2 t16=4
baselines   : tblis=true blas=false
tblis       : abi 2.x, 8 thread(s)

running 49 cases at 16 MiB nominal tensor size, 5 reps, stress=none


=== f64 ===
             case |      m |     n |     k | regA | regB | plan GF/s | packed GF/s | upstream GF/s | tblis GF/s 
------------------+--------+-------+-------+------+------+-----------+-------------+---------------+------------
         ij-ik-kj |   1464 |  1448 |  1464 | 0.00 | 0.00 |     283.1 |       253.0 |         246.8 |      320.5 
       ij-ikl-ljk |    144 |   128 | 18432 | 1.00 | 1.00 |     209.8 |       213.5 |         197.3 |      133.8 
       ij-kil-lkj |    144 |   128 | 20736 | 1.00 | 1.00 |     180.8 |       181.0 |         168.4 |      117.7 
       ijk-ikl-lj |  18432 |   128 |   144 | 1.00 | 1.00 |     266.3 |       287.7 |         274.5 |      163.2 
       ijk-il-jlk |    144 | 18432 |   128 | 1.00 | 1.00 |     263.4 |       265.1 |         240.5 |      264.2 
       ijk-ilk-jl |  18432 |   144 |   128 | 1.00 | 1.00 |     301.5 |       302.7 |         294.3 |      200.0 
       ijk-ilk-lj |  18432 |   128 |   144 | 1.00 | 1.00 |     295.8 |       306.4 |         290.6 |      186.5 
     ijk-ilmk-mjl |   1920 |    40 |  1920 | 1.00 | 1.00 |     192.9 |       220.6 |         189.2 |      152.7 
   ijkl-imjn-lnkm |   1920 |  1920 |  1600 | 1.00 | 1.00 |     332.1 |       331.6 |         321.9 |      325.2 
   ijkl-imjn-nlmk |   1920 |  1600 |  1920 | 1.00 | 1.00 |     328.3 |       328.9 |         317.8 |      322.3 
   ijkl-imkn-jnlm |   1920 |  1920 |  1600 | 1.00 | 1.00 |     355.9 |       356.0 |         336.6 |      323.1 
   ijkl-imkn-njml |   1920 |  1600 |  1920 | 1.00 | 1.00 |     342.2 |       342.2 |         330.2 |      322.0 
   ijkl-imln-jnkm |   1920 |  1920 |  1600 | 1.00 | 1.00 |     357.6 |       351.2 |         338.1 |      322.4 
   ijkl-imln-njmk |   1920 |  1600 |  1920 | 1.00 | 1.00 |     343.5 |       342.9 |         331.6 |      325.9 
   ijkl-imnj-nlkm |   1920 |  1600 |  1920 | 1.00 | 1.00 |     327.1 |       327.2 |         318.6 |      326.8 
   ijkl-imnk-njml |   1920 |  1600 |  1920 | 1.00 | 1.00 |     343.4 |       343.3 |         330.8 |      328.2 
   ijkl-minj-nlmk |   1920 |  1600 |  2304 | 1.00 | 1.00 |     324.2 |       324.4 |         318.5 |      310.2 
   ijkl-mink-jnlm |   1920 |  1920 |  1920 | 1.00 | 1.00 |     352.0 |       352.0 |         334.6 |      327.0 
   ijkl-minl-njmk |   1920 |  1600 |  2304 | 1.00 | 1.00 |     348.0 |       350.3 |         343.0 |      319.9 
     aqrs-pa-pqrs |     48 | 64000 |    48 | 0.00 | 0.00 |     185.1 |       175.2 |         158.4 |      105.8 
     abrs-qb-aqrs |     40 | 76800 |    48 | 1.00 | 1.00 |     158.7 |       186.7 |         174.8 |       94.7 
     abcs-rc-abrs |     40 | 76800 |    48 | 1.00 | 1.00 |     144.9 |       146.3 |         145.5 |       67.9 
       abj-bka-kj |  20736 |   128 |   144 | 1.00 | 1.00 |     176.3 |       179.0 |         168.5 |      117.7 
       ajb-kba-jk |  18432 |   144 |   144 | 1.00 | 1.00 |     264.9 |       280.2 |         265.9 |      200.6 
     abjc-cbka-kj |  92160 |    40 |    48 | 1.00 | 1.00 |      41.7 |        41.3 |          40.3 |       56.7 
     ajbc-ckba-jk |  92160 |    48 |    40 | 1.00 | 1.00 |      69.7 |        69.9 |          66.8 |       89.1 
     abjc-kbac-jk |  76800 |    48 |    48 | 1.00 | 1.00 |     143.2 |       144.1 |         138.3 |       72.6 
   abjcd-dkbac-jk | 230400 |    24 |    20 | 1.00 | 1.00 |      49.8 |        49.9 |          46.1 |       42.6 
   adbjc-cbdka-kj | 230400 |    20 |    24 | 1.00 | 1.00 |      27.1 |        27.3 |          25.8 |       22.4 
   ajbdc-ckbad-jk | 230400 |    24 |    20 | 1.00 | 1.00 |      50.3 |        50.5 |          46.7 |       46.4 
 abcijk-ijma-mkbc |   6912 |  1728 |    24 | 1.00 | 1.00 |     156.6 |       156.7 |         154.7 |      146.3 
 abcijk-ijmb-mkac |   3456 |  3456 |    24 | 1.00 | 0.67 |     160.2 |       159.3 |         152.3 |       82.9 
 abcijk-ijmc-mkab |   3456 |  3456 |    24 | 1.00 | 0.67 |     156.1 |       156.8 |         150.8 |      105.9 
 abcijk-ikma-mjbc |   6912 |  1728 |    24 | 1.00 | 1.00 |     156.9 |       156.5 |         154.7 |      147.1 
 abcijk-ikmb-mjac |   3456 |  3456 |    24 | 1.00 | 0.67 |     159.8 |       159.1 |         150.1 |      119.7 
 abcijk-ikmc-mjab |   3456 |  3456 |    24 | 1.00 | 0.67 |     156.4 |       158.6 |         150.4 |      101.6 
 abcijk-jkma-mibc |   6912 |  1728 |    24 | 1.00 | 1.00 |     155.3 |       155.1 |         151.5 |      150.0 
 abcijk-jkmb-miac |   3456 |  3456 |    24 | 1.00 | 0.67 |     161.3 |       159.1 |         151.0 |       77.5 
 abcijk-jkmc-miab |   3456 |  3456 |    24 | 1.00 | 0.67 |     157.3 |       155.9 |         152.2 |       84.7 
 abcijk-eiab-jkec |   3456 |  3456 |    24 | 1.00 | 0.67 |     159.3 |       155.7 |         154.1 |       85.0 
 abcijk-eiac-jkeb |   3456 |  3456 |    24 | 1.00 | 0.67 |     162.4 |       159.9 |         151.0 |       75.7 
 abcijk-eibc-jkea |   1728 |  6912 |    24 | 1.00 | 1.00 |     156.4 |       154.6 |         152.2 |      153.2 
 abcijk-ejab-ikec |   3456 |  3456 |    24 | 1.00 | 0.67 |     159.1 |       156.6 |         152.2 |      103.9 
 abcijk-ejac-ikeb |   3456 |  3456 |    24 | 1.00 | 0.67 |     161.2 |       160.6 |         151.5 |      120.8 
 abcijk-ejbc-ikea |   1728 |  6912 |    24 | 1.00 | 1.00 |     156.4 |       155.9 |         153.7 |      147.5 
 abcijk-ekab-ijec |   3456 |  3456 |    24 | 1.00 | 0.67 |     158.8 |       156.0 |         153.0 |      102.9 
 abcijk-ekac-ijeb |   3456 |  3456 |    24 | 1.00 | 0.67 |     160.9 |       159.1 |         151.8 |       83.3 
 abcijk-ekbc-ijea |   1728 |  6912 |    24 | 1.00 | 1.00 |     155.7 |       156.7 |         155.2 |      148.1 
       abc-bk-akc |    144 | 18432 |   128 | 1.00 | 1.00 |     282.0 |       308.9 |         292.9 |      198.1 

=== c64 ===
             case |      m |     n |     k | regA | regB | plan GF/s | packed GF/s | upstream GF/s | tblis GF/s 
------------------+--------+-------+-------+------+------+-----------+-------------+---------------+------------
         ij-ik-kj |   1464 |  1448 |  1464 | 1.00 | 1.00 |     349.3 |       348.8 |         336.7 |      358.1 
       ij-ikl-ljk |    144 |   128 | 18432 | 1.00 | 1.00 |     168.1 |       168.5 |         162.7 |      193.2 
       ij-kil-lkj |    144 |   128 | 20736 | 1.00 | 1.00 |     164.4 |       163.5 |         157.2 |      172.9 
       ijk-ikl-lj |  18432 |   128 |   144 | 1.00 | 1.00 |     336.8 |       341.3 |         338.3 |      229.0 
       ijk-il-jlk |    144 | 18432 |   128 | 1.00 | 1.00 |     202.6 |       202.2 |         200.6 |      325.3 
       ijk-ilk-jl |  18432 |   144 |   128 | 1.00 | 1.00 |     370.8 |       371.0 |         361.8 |      258.3 
       ijk-ilk-lj |  18432 |   128 |   144 | 1.00 | 1.00 |     356.2 |       354.1 |         350.8 |      250.8 
     ijk-ilmk-mjl |   1920 |    40 |  1920 | 1.00 | 1.00 |     237.3 |       272.5 |         258.7 |      201.7 
   ijkl-imjn-lnkm |   1920 |  1920 |  1600 | 1.00 | 0.90 |     347.3 |       347.2 |         340.1 |      352.2 
   ijkl-imjn-nlmk |   1920 |  1600 |  1920 | 1.00 | 0.90 |     351.8 |       352.0 |         345.8 |      351.2 
   ijkl-imkn-jnlm |   1920 |  1920 |  1600 | 1.00 | 1.00 |     363.1 |       363.0 |         353.9 |      346.3 
   ijkl-imkn-njml |   1920 |  1600 |  1920 | 1.00 | 0.90 |     358.7 |       358.8 |         348.1 |      348.9 
   ijkl-imln-jnkm |   1920 |  1920 |  1600 | 1.00 | 1.00 |     364.7 |       364.9 |         356.0 |      346.8 
   ijkl-imln-njmk |   1920 |  1600 |  1920 | 1.00 | 0.90 |     359.6 |       360.1 |         350.2 |      351.4 
   ijkl-imnj-nlkm |   1920 |  1600 |  1920 | 1.00 | 0.90 |     353.0 |       353.3 |         347.4 |      351.9 
   ijkl-imnk-njml |   1920 |  1600 |  1920 | 1.00 | 0.90 |     359.8 |       359.2 |         350.4 |      349.8 
   ijkl-minj-nlmk |   1920 |  1600 |  2304 | 1.00 | 0.90 |     353.6 |       353.7 |         348.4 |      348.9 
   ijkl-mink-jnlm |   1920 |  1920 |  1920 | 1.00 | 1.00 |     365.0 |       364.9 |         355.7 |      348.9 
   ijkl-minl-njmk |   1920 |  1600 |  2304 | 1.00 | 0.90 |     360.7 |       360.7 |         353.0 |      348.1 
     aqrs-pa-pqrs |     48 | 64000 |    48 | 1.00 | 1.00 |     271.7 |       272.6 |         259.5 |      200.3 
     abrs-qb-aqrs |     40 | 76800 |    48 | 1.00 | 1.00 |     283.2 |       285.0 |         279.3 |      138.7 
     abcs-rc-abrs |     40 | 76800 |    48 | 1.00 | 1.00 |     256.5 |       253.4 |         243.3 |      127.7 
       abj-bka-kj |  20736 |   128 |   144 | 1.00 | 1.00 |     282.1 |       285.0 |         277.0 |      194.4 
       ajb-kba-jk |  18432 |   144 |   144 | 1.00 | 1.00 |     367.5 |       366.3 |         360.0 |      269.1 
     abjc-cbka-kj |  92160 |    40 |    48 | 1.00 | 1.00 |     119.9 |       118.0 |         115.4 |      111.0 
     ajbc-ckba-jk |  92160 |    48 |    40 | 1.00 | 1.00 |      35.2 |        35.1 |          33.6 |      141.0 
     abjc-kbac-jk |  76800 |    48 |    48 | 1.00 | 1.00 |     205.0 |       207.6 |         201.4 |      131.1 
   abjcd-dkbac-jk | 230400 |    24 |    20 | 0.67 | 1.00 |      99.0 |        99.6 |          96.1 |       81.4 
   adbjc-cbdka-kj | 230400 |    20 |    24 | 0.67 | 1.00 |      66.7 |        65.4 |          64.1 |       62.5 
   ajbdc-ckbad-jk | 230400 |    24 |    20 | 1.00 | 1.00 |      31.7 |        32.0 |          26.8 |       91.6 
 abcijk-ijma-mkbc |   6912 |  1728 |    24 | 1.00 | 1.00 |     222.4 |       224.4 |         216.8 |      229.2 
 abcijk-ijmb-mkac |   3456 |  3456 |    24 | 1.00 | 1.00 |     267.5 |       264.5 |         267.4 |      169.7 
 abcijk-ijmc-mkab |   3456 |  3456 |    24 | 1.00 | 1.00 |     261.0 |       260.7 |         253.7 |      220.5 
 abcijk-ikma-mjbc |   6912 |  1728 |    24 | 1.00 | 1.00 |     218.0 |       218.3 |         213.7 |      230.2 
 abcijk-ikmb-mjac |   3456 |  3456 |    24 | 1.00 | 1.00 |     275.2 |       272.8 |         275.4 |      201.7 
 abcijk-ikmc-mjab |   3456 |  3456 |    24 | 1.00 | 1.00 |     259.7 |       259.4 |         253.8 |      196.4 
 abcijk-jkma-mibc |   6912 |  1728 |    24 | 1.00 | 1.00 |     222.0 |       224.3 |         218.7 |      231.5 
 abcijk-jkmb-miac |   3456 |  3456 |    24 | 1.00 | 1.00 |     283.4 |       285.9 |         277.7 |      136.2 
 abcijk-jkmc-miab |   3456 |  3456 |    24 | 1.00 | 1.00 |     260.3 |       260.2 |         252.1 |      155.9 
 abcijk-eiab-jkec |   3456 |  3456 |    24 | 1.00 | 1.00 |     262.3 |       260.4 |         254.5 |      158.0 
 abcijk-eiac-jkeb |   3456 |  3456 |    24 | 1.00 | 1.00 |     286.4 |       287.5 |         280.5 |      134.7 
 abcijk-eibc-jkea |   1728 |  6912 |    24 | 1.00 | 1.00 |     222.4 |       223.4 |         218.4 |      232.7 
 abcijk-ejab-ikec |   3456 |  3456 |    24 | 1.00 | 1.00 |     264.3 |       260.2 |         255.2 |      196.6 
 abcijk-ejac-ikeb |   3456 |  3456 |    24 | 1.00 | 1.00 |     275.0 |       266.1 |         276.5 |      202.9 
 abcijk-ejbc-ikea |   1728 |  6912 |    24 | 1.00 | 1.00 |     217.2 |       219.8 |         214.2 |      230.2 
 abcijk-ekab-ijec |   3456 |  3456 |    24 | 1.00 | 1.00 |     260.4 |       260.1 |         253.9 |      220.9 
 abcijk-ekac-ijeb |   3456 |  3456 |    24 | 1.00 | 1.00 |     271.5 |       269.2 |         275.0 |      170.4 
 abcijk-ekbc-ijea |   1728 |  6912 |    24 | 1.00 | 1.00 |     225.8 |       224.4 |         216.9 |      229.7 
       abc-bk-akc |    144 | 18432 |   128 | 1.00 | 1.00 |     368.5 |       367.7 |         361.3 |      257.5 

=== complex efficiency ratio (c64 GF/s over f64 GF/s; 1.0 = no penalty) ===
             case | plan c64/f64 | packed c64/f64 | upstream c64/f64 | tblis c64/f64 
------------------+--------------+----------------+------------------+---------------
         ij-ik-kj |        1.234 |          1.379 |            1.364 |         1.117 
       ij-ikl-ljk |        0.801 |          0.789 |            0.825 |         1.444 
       ij-kil-lkj |        0.909 |          0.903 |            0.934 |         1.469 
       ijk-ikl-lj |        1.264 |          1.186 |            1.233 |         1.403 
       ijk-il-jlk |        0.769 |          0.763 |            0.834 |         1.231 
       ijk-ilk-jl |        1.230 |          1.226 |            1.229 |         1.292 
       ijk-ilk-lj |        1.204 |          1.156 |            1.207 |         1.345 
     ijk-ilmk-mjl |        1.230 |          1.235 |            1.367 |         1.321 
   ijkl-imjn-lnkm |        1.046 |          1.047 |            1.056 |         1.083 
   ijkl-imjn-nlmk |        1.071 |          1.070 |            1.088 |         1.090 
   ijkl-imkn-jnlm |        1.020 |          1.020 |            1.051 |         1.072 
   ijkl-imkn-njml |        1.048 |          1.048 |            1.054 |         1.084 
   ijkl-imln-jnkm |        1.020 |          1.039 |            1.053 |         1.076 
   ijkl-imln-njmk |        1.047 |          1.050 |            1.056 |         1.078 
   ijkl-imnj-nlkm |        1.079 |          1.080 |            1.090 |         1.077 
   ijkl-imnk-njml |        1.048 |          1.046 |            1.059 |         1.066 
   ijkl-minj-nlmk |        1.091 |          1.090 |            1.094 |         1.125 
   ijkl-mink-jnlm |        1.037 |          1.037 |            1.063 |         1.067 
   ijkl-minl-njmk |        1.037 |          1.030 |            1.029 |         1.088 
     aqrs-pa-pqrs |        1.467 |          1.556 |            1.638 |         1.892 
     abrs-qb-aqrs |        1.785 |          1.527 |            1.598 |         1.465 
     abcs-rc-abrs |        1.770 |          1.733 |            1.671 |         1.882 
       abj-bka-kj |        1.601 |          1.592 |            1.644 |         1.651 
       ajb-kba-jk |        1.387 |          1.307 |            1.354 |         1.341 
     abjc-cbka-kj |        2.879 |          2.857 |            2.861 |         1.959 
     ajbc-ckba-jk |        0.504 |          0.503 |            0.503 |         1.583 
     abjc-kbac-jk |        1.432 |          1.441 |            1.457 |         1.807 
   abjcd-dkbac-jk |        1.987 |          1.995 |            2.082 |         1.913 
   adbjc-cbdka-kj |        2.460 |          2.394 |            2.488 |         2.784 
   ajbdc-ckbad-jk |        0.631 |          0.634 |            0.573 |         1.974 
 abcijk-ijma-mkbc |        1.420 |          1.432 |            1.401 |         1.566 
 abcijk-ijmb-mkac |        1.670 |          1.660 |            1.756 |         2.047 
 abcijk-ijmc-mkab |        1.672 |          1.663 |            1.682 |         2.081 
 abcijk-ikma-mjbc |        1.390 |          1.394 |            1.381 |         1.565 
 abcijk-ikmb-mjac |        1.722 |          1.714 |            1.835 |         1.686 
 abcijk-ikmc-mjab |        1.661 |          1.636 |            1.687 |         1.933 
 abcijk-jkma-mibc |        1.430 |          1.446 |            1.444 |         1.543 
 abcijk-jkmb-miac |        1.757 |          1.797 |            1.839 |         1.758 
 abcijk-jkmc-miab |        1.655 |          1.669 |            1.656 |         1.840 
 abcijk-eiab-jkec |        1.647 |          1.673 |            1.652 |         1.858 
 abcijk-eiac-jkeb |        1.763 |          1.798 |            1.858 |         1.779 
 abcijk-eibc-jkea |        1.423 |          1.445 |            1.434 |         1.519 
 abcijk-ejab-ikec |        1.661 |          1.662 |            1.677 |         1.892 
 abcijk-ejac-ikeb |        1.706 |          1.656 |            1.825 |         1.679 
 abcijk-ejbc-ikea |        1.389 |          1.410 |            1.393 |         1.561 
 abcijk-ekab-ijec |        1.639 |          1.667 |            1.660 |         2.147 
 abcijk-ekac-ijeb |        1.687 |          1.692 |            1.811 |         2.047 
 abcijk-ekbc-ijea |        1.451 |          1.431 |            1.397 |         1.551 
       abc-bk-akc |        1.307 |          1.190 |            1.234 |         1.300 
             MEAN |        1.391 |          1.383 |            1.412 |         1.554 

wrote /home/shinaoka/projects/tensor4all/tprims-rs/benchmarks/benchmarks/tcbench/results/scaling-single-l3/baseline/A-16m-8t.pending.csv
