# threads: requested=1 pool=1 budget=1
host        : shinaoka-EVO-X1Pro
target      : x86_64 / linux
cpu features: avx2 fma avx512f avx512dq 
caches      : L1=48KiB/12-way/2sh L2=1024KiB/16-way/2sh L3=16384KiB/16-way/8sh (via sysfs), blocking=legacy
l3 domains  : t1=1
baselines   : tblis=true blas=false
tblis       : abi 2.x, 1 thread(s)

running 49 cases at 1 MiB nominal tensor size, 5 reps, stress=none


=== f64 ===
             case |     m |    n |    k | regA | regB | plan GF/s | packed GF/s | upstream GF/s | tblis GF/s 
------------------+-------+------+------+------+------+-----------+-------------+---------------+------------
         ij-ik-kj |   384 |  364 |  384 | 0.00 | 0.00 |      37.2 |        34.6 |          34.0 |       29.3 
       ij-ikl-ljk |    72 |   52 | 3744 | 1.00 | 1.00 |      38.2 |        38.3 |          37.1 |       21.8 
       ij-kil-lkj |    72 |   52 | 5184 | 1.00 | 1.00 |      35.6 |        35.7 |          34.4 |       21.3 
       ijk-ikl-lj |  3744 |   52 |   72 | 1.00 | 1.00 |      42.8 |        42.9 |          41.6 |       26.5 
       ijk-il-jlk |    72 | 3744 |   52 | 1.00 | 1.00 |      43.4 |        43.8 |          41.6 |       29.2 
       ijk-ilk-jl |  3744 |   72 |   52 | 1.00 | 1.00 |      45.4 |        45.6 |          44.1 |       30.7 
       ijk-ilk-lj |  3744 |   52 |   72 | 1.00 | 1.00 |      42.6 |        42.7 |          41.5 |       26.8 
     ijk-ilmk-mjl |   480 |   20 |  480 | 1.00 | 1.00 |      35.4 |        35.4 |          35.1 |       16.1 
   ijkl-imjn-lnkm |   480 |  480 |  400 | 1.00 | 0.80 |      47.9 |        48.0 |          47.8 |       42.0 
   ijkl-imjn-nlmk |   480 |  400 |  480 | 1.00 | 0.80 |      48.8 |        48.8 |          48.5 |       40.4 
   ijkl-imkn-jnlm |   480 |  480 |  400 | 1.00 | 1.00 |      48.7 |        48.7 |          48.4 |       41.7 
   ijkl-imkn-njml |   480 |  400 |  480 | 1.00 | 0.80 |      49.1 |        49.1 |          48.6 |       40.3 
   ijkl-imln-jnkm |   480 |  480 |  400 | 1.00 | 1.00 |      48.6 |        49.1 |          48.3 |       42.1 
   ijkl-imln-njmk |   480 |  400 |  480 | 1.00 | 0.80 |      49.2 |        49.2 |          48.8 |       41.1 
   ijkl-imnj-nlkm |   480 |  400 |  480 | 1.00 | 0.80 |      48.8 |        48.8 |          48.4 |       42.2 
   ijkl-imnk-njml |   480 |  400 |  480 | 1.00 | 0.80 |      49.3 |        49.3 |          48.8 |       41.7 
   ijkl-minj-nlmk |   480 |  400 |  576 | 1.00 | 0.80 |      47.7 |        47.7 |          47.1 |       40.8 
   ijkl-mink-jnlm |   480 |  480 |  480 | 1.00 | 1.00 |      48.2 |        48.4 |          47.7 |       40.7 
   ijkl-minl-njmk |   480 |  400 |  576 | 1.00 | 0.80 |      48.1 |        48.2 |          47.4 |       41.1 
     aqrs-pa-pqrs |    24 | 8000 |   24 | 0.00 | 0.00 |      49.3 |        33.0 |          30.9 |       14.0 
     abrs-qb-aqrs |    20 | 9600 |   24 | 1.00 | 1.00 |      32.0 |        32.0 |          30.4 |       13.4 
     abcs-rc-abrs |    20 | 9600 |   24 | 1.00 | 1.00 |      31.7 |        31.8 |          29.9 |       13.4 
       abj-bka-kj |  5184 |   52 |   72 | 1.00 | 1.00 |      34.9 |        34.5 |          33.3 |       23.7 
       ajb-kba-jk |  3744 |   72 |   72 | 1.00 | 1.00 |      44.1 |        44.6 |          43.7 |       29.7 
     abjc-cbka-kj | 11520 |   20 |   24 | 1.00 | 1.00 |      20.1 |        20.0 |          17.0 |       12.9 
     ajbc-ckba-jk | 11520 |   24 |   20 | 1.00 | 1.00 |      25.9 |        26.3 |          23.5 |       14.7 
     abjc-kbac-jk |  9600 |   24 |   24 | 1.00 | 1.00 |      34.1 |        34.2 |          32.2 |       16.1 
   abjcd-dkbac-jk | 82944 |   24 |   12 | 1.00 | 1.00 |      15.0 |        14.8 |          14.6 |        8.3 
   adbjc-cbdka-kj | 82944 |   12 |   24 | 1.00 | 1.00 |       5.9 |         6.0 |           5.8 |        6.2 
   ajbdc-ckbad-jk | 82944 |   24 |   12 | 1.00 | 1.00 |      15.2 |        15.3 |          14.1 |        8.8 
 abcijk-ijma-mkbc |  4608 |  512 |   24 | 1.00 | 1.00 |      40.2 |        40.1 |          38.4 |       28.0 
 abcijk-ijmb-mkac |  1536 | 1536 |   24 | 1.00 | 1.00 |      41.8 |        42.5 |          40.6 |       26.3 
 abcijk-ijmc-mkab |  1536 | 1536 |   24 | 1.00 | 1.00 |      41.3 |        41.6 |          40.0 |       32.3 
 abcijk-ikma-mjbc |  4608 |  512 |   24 | 1.00 | 1.00 |      40.1 |        40.3 |          38.4 |       27.9 
 abcijk-ikmb-mjac |  1536 | 1536 |   24 | 1.00 | 1.00 |      42.0 |        42.5 |          40.7 |       26.6 
 abcijk-ikmc-mjab |  1536 | 1536 |   24 | 1.00 | 1.00 |      41.3 |        41.6 |          39.5 |       28.4 
 abcijk-jkma-mibc |  4608 |  512 |   24 | 1.00 | 1.00 |      40.1 |        40.5 |          38.6 |       31.1 
 abcijk-jkmb-miac |  1536 | 1536 |   24 | 1.00 | 1.00 |      42.1 |        42.5 |          40.7 |       21.9 
 abcijk-jkmc-miab |  1536 | 1536 |   24 | 1.00 | 1.00 |      41.8 |        41.9 |          40.1 |       30.4 
 abcijk-eiab-jkec |  1536 | 1536 |   24 | 1.00 | 1.00 |      41.5 |        41.8 |          40.1 |       30.2 
 abcijk-eiac-jkeb |  1536 | 1536 |   24 | 1.00 | 1.00 |      41.6 |        42.4 |          40.4 |       21.6 
 abcijk-eibc-jkea |   512 | 4608 |   24 | 1.00 | 1.00 |      40.3 |        40.3 |          38.5 |       31.2 
 abcijk-ejab-ikec |  1536 | 1536 |   24 | 1.00 | 1.00 |      41.8 |        42.2 |          40.2 |       28.6 
 abcijk-ejac-ikeb |  1536 | 1536 |   24 | 1.00 | 1.00 |      42.0 |        42.2 |          40.5 |       26.5 
 abcijk-ejbc-ikea |   512 | 4608 |   24 | 1.00 | 1.00 |      40.2 |        40.5 |          38.6 |       28.1 
 abcijk-ekab-ijec |  1536 | 1536 |   24 | 1.00 | 1.00 |      41.9 |        42.2 |          40.1 |       32.5 
 abcijk-ekac-ijeb |  1536 | 1536 |   24 | 1.00 | 1.00 |      41.5 |        42.5 |          40.4 |       26.1 
 abcijk-ekbc-ijea |   512 | 4608 |   24 | 1.00 | 1.00 |      40.1 |        40.2 |          38.5 |       27.8 
       abc-bk-akc |    72 | 3744 |   52 | 1.00 | 1.00 |      45.8 |        45.8 |          44.6 |       31.1 

=== c64 ===
             case |     m |    n |    k | regA | regB | plan GF/s | packed GF/s | upstream GF/s | tblis GF/s 
------------------+-------+------+------+------+------+-----------+-------------+---------------+------------
         ij-ik-kj |   384 |  364 |  384 | 1.00 | 1.00 |      34.8 |        34.9 |          34.5 |       40.8 
       ij-ikl-ljk |    72 |   52 | 3744 | 1.00 | 1.00 |      37.7 |        37.7 |          36.4 |       30.9 
       ij-kil-lkj |    72 |   52 | 5184 | 1.00 | 1.00 |      32.6 |        32.7 |          31.9 |       28.6 
       ijk-ikl-lj |  3744 |   52 |   72 | 1.00 | 1.00 |      44.5 |        44.3 |          44.1 |       29.1 
       ijk-il-jlk |    72 | 3744 |   52 | 1.00 | 1.00 |      40.9 |        39.3 |          37.9 |       38.2 
       ijk-ilk-jl |  3744 |   72 |   52 | 0.89 | 1.00 |      46.4 |        46.2 |          45.5 |       34.9 
       ijk-ilk-lj |  3744 |   52 |   72 | 0.89 | 1.00 |      44.2 |        44.0 |          43.7 |       30.1 
     ijk-ilmk-mjl |   480 |   20 |  480 | 0.67 | 1.00 |      37.3 |        37.3 |          36.7 |       27.6 
   ijkl-imjn-lnkm |   480 |  480 |  400 | 0.67 | 0.80 |      47.8 |        47.7 |          47.6 |       44.2 
   ijkl-imjn-nlmk |   480 |  400 |  480 | 0.67 | 0.81 |      48.0 |        48.0 |          47.7 |       43.5 
   ijkl-imkn-jnlm |   480 |  480 |  400 | 0.67 | 1.00 |      47.7 |        47.8 |          47.0 |       44.3 
   ijkl-imkn-njml |   480 |  400 |  480 | 0.67 | 0.81 |      47.8 |        47.8 |          47.3 |       43.4 
   ijkl-imln-jnkm |   480 |  480 |  400 | 0.67 | 1.00 |      47.9 |        47.9 |          47.1 |       44.3 
   ijkl-imln-njmk |   480 |  400 |  480 | 0.67 | 0.81 |      48.1 |        48.0 |          47.6 |       44.1 
   ijkl-imnj-nlkm |   480 |  400 |  480 | 0.67 | 0.81 |      48.0 |        48.0 |          47.7 |       44.4 
   ijkl-imnk-njml |   480 |  400 |  480 | 0.67 | 0.81 |      47.7 |        47.7 |          47.3 |       44.1 
   ijkl-minj-nlmk |   480 |  400 |  576 | 0.67 | 0.81 |      46.3 |        46.5 |          45.9 |       43.6 
   ijkl-mink-jnlm |   480 |  480 |  480 | 0.67 | 1.00 |      47.3 |        47.3 |          46.5 |       44.6 
   ijkl-minl-njmk |   480 |  400 |  576 | 0.67 | 0.81 |      46.4 |        46.5 |          45.8 |       44.3 
     aqrs-pa-pqrs |    24 | 8000 |   24 | 1.00 | 1.00 |      30.2 |        30.0 |          28.2 |       25.6 
     abrs-qb-aqrs |    20 | 9600 |   24 | 1.00 | 1.00 |      39.5 |        39.5 |          38.0 |       22.9 
     abcs-rc-abrs |    20 | 9600 |   24 | 1.00 | 1.00 |      34.5 |        33.8 |          33.0 |       23.8 
       abj-bka-kj |  5184 |   52 |   72 | 0.89 | 1.00 |      40.9 |        40.7 |          40.1 |       27.9 
       ajb-kba-jk |  3744 |   72 |   72 | 0.89 | 1.00 |      44.9 |        43.7 |          42.5 |       31.8 
     abjc-cbka-kj | 11520 |   20 |   24 | 0.67 | 1.00 |      24.2 |        24.9 |          24.2 |       21.9 
     ajbc-ckba-jk | 11520 |   24 |   20 | 1.00 | 1.00 |      27.9 |        29.1 |          27.2 |       21.9 
     abjc-kbac-jk |  9600 |   24 |   24 | 0.67 | 1.00 |      37.1 |        36.5 |          35.6 |       25.2 
   abjcd-dkbac-jk | 82944 |   24 |   12 | 0.67 | 1.00 |      22.0 |        22.0 |          20.6 |       16.1 
   adbjc-cbdka-kj | 82944 |   12 |   24 | 0.67 | 1.00 |      10.3 |        10.3 |          10.0 |       13.1 
   ajbdc-ckbad-jk | 82944 |   24 |   12 | 1.00 | 1.00 |      25.1 |        25.8 |          23.6 |       15.7 
 abcijk-ijma-mkbc |  4608 |  512 |   24 | 1.00 | 0.97 |      42.6 |        42.4 |          40.7 |       33.2 
 abcijk-ijmb-mkac |  1536 | 1536 |   24 | 1.00 | 0.75 |      44.8 |        44.8 |          42.6 |       33.0 
 abcijk-ijmc-mkab |  1536 | 1536 |   24 | 1.00 | 0.50 |      45.0 |        45.0 |          42.5 |       37.9 
 abcijk-ikma-mjbc |  4608 |  512 |   24 | 1.00 | 0.97 |      42.7 |        42.6 |          41.0 |       33.1 
 abcijk-ikmb-mjac |  1536 | 1536 |   24 | 1.00 | 0.75 |      45.2 |        45.4 |          43.1 |       34.3 
 abcijk-ikmc-mjab |  1536 | 1536 |   24 | 1.00 | 0.50 |      45.0 |        45.0 |          42.5 |       35.5 
 abcijk-jkma-mibc |  4608 |  512 |   24 | 1.00 | 0.97 |      42.5 |        42.4 |          41.0 |       36.2 
 abcijk-jkmb-miac |  1536 | 1536 |   24 | 1.00 | 0.75 |      45.2 |        45.6 |          43.2 |       29.9 
 abcijk-jkmc-miab |  1536 | 1536 |   24 | 1.00 | 0.50 |      44.9 |        44.9 |          42.6 |       36.9 
 abcijk-eiab-jkec |  1536 | 1536 |   24 | 1.00 | 0.50 |      44.9 |        44.9 |          42.4 |       37.0 
 abcijk-eiac-jkeb |  1536 | 1536 |   24 | 1.00 | 0.75 |      45.1 |        45.5 |          43.3 |       29.6 
 abcijk-eibc-jkea |   512 | 4608 |   24 | 1.00 | 0.97 |      42.4 |        42.4 |          40.8 |       36.2 
 abcijk-ejab-ikec |  1536 | 1536 |   24 | 1.00 | 0.50 |      45.0 |        45.0 |          42.6 |       35.5 
 abcijk-ejac-ikeb |  1536 | 1536 |   24 | 1.00 | 0.75 |      45.1 |        45.6 |          43.3 |       33.9 
 abcijk-ejbc-ikea |   512 | 4608 |   24 | 1.00 | 0.97 |      42.7 |        42.3 |          41.0 |       33.0 
 abcijk-ekab-ijec |  1536 | 1536 |   24 | 1.00 | 0.50 |      45.0 |        45.0 |          42.5 |       37.8 
 abcijk-ekac-ijeb |  1536 | 1536 |   24 | 1.00 | 0.75 |      45.0 |        44.8 |          42.4 |       33.2 
 abcijk-ekbc-ijea |   512 | 4608 |   24 | 1.00 | 0.97 |      42.7 |        42.7 |          40.8 |       33.1 
       abc-bk-akc |    72 | 3744 |   52 | 0.89 | 1.00 |      47.0 |        46.3 |          45.6 |       34.8 

=== complex efficiency ratio (c64 GF/s over f64 GF/s; 1.0 = no penalty) ===
             case | plan c64/f64 | packed c64/f64 | upstream c64/f64 | tblis c64/f64 
------------------+--------------+----------------+------------------+---------------
         ij-ik-kj |        0.938 |          1.011 |            1.014 |         1.391 
       ij-ikl-ljk |        0.987 |          0.984 |            0.982 |         1.418 
       ij-kil-lkj |        0.917 |          0.918 |            0.927 |         1.345 
       ijk-ikl-lj |        1.040 |          1.032 |            1.060 |         1.096 
       ijk-il-jlk |        0.941 |          0.896 |            0.912 |         1.310 
       ijk-ilk-jl |        1.021 |          1.013 |            1.032 |         1.139 
       ijk-ilk-lj |        1.037 |          1.030 |            1.053 |         1.123 
     ijk-ilmk-mjl |        1.054 |          1.055 |            1.047 |         1.711 
   ijkl-imjn-lnkm |        0.997 |          0.995 |            0.996 |         1.052 
   ijkl-imjn-nlmk |        0.983 |          0.983 |            0.984 |         1.076 
   ijkl-imkn-jnlm |        0.981 |          0.980 |            0.972 |         1.063 
   ijkl-imkn-njml |        0.973 |          0.973 |            0.974 |         1.079 
   ijkl-imln-jnkm |        0.985 |          0.975 |            0.975 |         1.052 
   ijkl-imln-njmk |        0.976 |          0.975 |            0.976 |         1.072 
   ijkl-imnj-nlkm |        0.983 |          0.983 |            0.987 |         1.053 
   ijkl-imnk-njml |        0.968 |          0.968 |            0.969 |         1.057 
   ijkl-minj-nlmk |        0.971 |          0.975 |            0.974 |         1.069 
   ijkl-mink-jnlm |        0.981 |          0.978 |            0.974 |         1.096 
   ijkl-minl-njmk |        0.966 |          0.965 |            0.965 |         1.077 
     aqrs-pa-pqrs |        0.614 |          0.911 |            0.914 |         1.833 
     abrs-qb-aqrs |        1.236 |          1.234 |            1.248 |         1.713 
     abcs-rc-abrs |        1.088 |          1.064 |            1.104 |         1.779 
       abj-bka-kj |        1.174 |          1.179 |            1.205 |         1.178 
       ajb-kba-jk |        1.017 |          0.979 |            0.971 |         1.073 
     abjc-cbka-kj |        1.208 |          1.243 |            1.425 |         1.697 
     ajbc-ckba-jk |        1.077 |          1.108 |            1.158 |         1.485 
     abjc-kbac-jk |        1.087 |          1.067 |            1.107 |         1.567 
   abjcd-dkbac-jk |        1.467 |          1.482 |            1.409 |         1.947 
   adbjc-cbdka-kj |        1.736 |          1.724 |            1.745 |         2.096 
   ajbdc-ckbad-jk |        1.655 |          1.683 |            1.670 |         1.788 
 abcijk-ijma-mkbc |        1.059 |          1.058 |            1.060 |         1.185 
 abcijk-ijmb-mkac |        1.071 |          1.054 |            1.048 |         1.253 
 abcijk-ijmc-mkab |        1.089 |          1.080 |            1.062 |         1.173 
 abcijk-ikma-mjbc |        1.065 |          1.057 |            1.069 |         1.188 
 abcijk-ikmb-mjac |        1.076 |          1.069 |            1.060 |         1.289 
 abcijk-ikmc-mjab |        1.089 |          1.083 |            1.075 |         1.249 
 abcijk-jkma-mibc |        1.059 |          1.046 |            1.063 |         1.164 
 abcijk-jkmb-miac |        1.074 |          1.074 |            1.061 |         1.365 
 abcijk-jkmc-miab |        1.075 |          1.071 |            1.060 |         1.215 
 abcijk-eiab-jkec |        1.083 |          1.076 |            1.059 |         1.225 
 abcijk-eiac-jkeb |        1.083 |          1.074 |            1.071 |         1.371 
 abcijk-eibc-jkea |        1.051 |          1.052 |            1.061 |         1.161 
 abcijk-ejab-ikec |        1.076 |          1.067 |            1.059 |         1.240 
 abcijk-ejac-ikeb |        1.073 |          1.081 |            1.069 |         1.279 
 abcijk-ejbc-ikea |        1.060 |          1.043 |            1.062 |         1.176 
 abcijk-ekab-ijec |        1.074 |          1.065 |            1.060 |         1.164 
 abcijk-ekac-ijeb |        1.083 |          1.053 |            1.050 |         1.271 
 abcijk-ekbc-ijea |        1.066 |          1.060 |            1.060 |         1.193 
       abc-bk-akc |        1.028 |          1.011 |            1.023 |         1.116 
             MEAN |        1.069 |          1.072 |            1.079 |         1.300 

wrote /home/shinaoka/projects/tensor4all/tprims-rs/benchmarks/benchmarks/tcbench/results/scaling-single-l3/baseline/A-1m-1t.pending.csv
