# threads: requested=8 pool=8 budget=8
host        : shinaoka-EVO-X1Pro
target      : x86_64 / linux
cpu features: avx2 fma avx512f avx512dq 
caches      : L1=48KiB/12-way/2sh L2=1024KiB/16-way/2sh L3=16384KiB/16-way/8sh (via sysfs), blocking=legacy
l3 domains  : t1=1 t4=1 t8=2 t16=4
baselines   : tblis=true blas=false
tblis       : abi 2.x, 8 thread(s)

running 49 cases at 1 MiB nominal tensor size, 5 reps, stress=none


=== f64 ===
             case |     m |    n |    k | regA | regB | plan GF/s | packed GF/s | upstream GF/s | tblis GF/s 
------------------+-------+------+------+------+------+-----------+-------------+---------------+------------
         ij-ik-kj |   384 |  364 |  384 | 0.00 | 0.00 |     262.8 |       255.6 |         198.4 |      176.3 
       ij-ikl-ljk |    72 |   52 | 3744 | 1.00 | 1.00 |      92.5 |        93.0 |          67.6 |       48.3 
       ij-kil-lkj |    72 |   52 | 5184 | 1.00 | 1.00 |      85.5 |        88.8 |          68.9 |       48.4 
       ijk-ikl-lj |  3744 |   52 |   72 | 1.00 | 1.00 |     202.9 |       202.4 |          97.8 |      117.1 
       ijk-il-jlk |    72 | 3744 |   52 | 1.00 | 1.00 |     214.4 |       218.2 |         119.2 |      133.9 
       ijk-ilk-jl |  3744 |   72 |   52 | 1.00 | 1.00 |      71.8 |       111.6 |          81.1 |      130.1 
       ijk-ilk-lj |  3744 |   52 |   72 | 1.00 | 1.00 |     197.4 |       201.2 |         104.9 |      119.4 
     ijk-ilmk-mjl |   480 |   20 |  480 | 1.00 | 1.00 |     116.9 |       114.8 |          43.3 |       57.9 
   ijkl-imjn-lnkm |   480 |  480 |  400 | 1.00 | 0.80 |     214.6 |       211.3 |         186.1 |      186.6 
   ijkl-imjn-nlmk |   480 |  400 |  480 | 1.00 | 0.80 |     271.0 |       273.3 |         233.2 |      245.7 
   ijkl-imkn-jnlm |   480 |  480 |  400 | 1.00 | 1.00 |     307.1 |       308.0 |         265.1 |      266.5 
   ijkl-imkn-njml |   480 |  400 |  480 | 1.00 | 0.80 |     305.6 |       312.4 |         266.3 |      262.1 
   ijkl-imln-jnkm |   480 |  480 |  400 | 1.00 | 1.00 |     308.6 |       310.5 |         265.5 |      267.1 
   ijkl-imln-njmk |   480 |  400 |  480 | 1.00 | 0.80 |     308.0 |       300.5 |         266.2 |      264.2 
   ijkl-imnj-nlkm |   480 |  400 |  480 | 1.00 | 0.80 |     308.4 |       311.2 |         267.8 |      262.6 
   ijkl-imnk-njml |   480 |  400 |  480 | 1.00 | 0.80 |     300.0 |       305.2 |         264.4 |      264.5 
   ijkl-minj-nlmk |   480 |  400 |  576 | 1.00 | 0.80 |     302.1 |       302.4 |         264.4 |      259.6 
   ijkl-mink-jnlm |   480 |  480 |  480 | 1.00 | 1.00 |     300.6 |       307.4 |         269.2 |      255.4 
   ijkl-minl-njmk |   480 |  400 |  576 | 1.00 | 0.80 |     306.2 |       300.5 |         266.2 |      256.4 
     aqrs-pa-pqrs |    24 | 8000 |   24 | 0.00 | 0.00 |     165.5 |        96.5 |          75.7 |       61.3 
     abrs-qb-aqrs |    20 | 9600 |   24 | 1.00 | 1.00 |     167.0 |       170.1 |          54.3 |       58.2 
     abcs-rc-abrs |    20 | 9600 |   24 | 1.00 | 1.00 |     155.2 |       164.6 |          51.1 |       58.1 
       abj-bka-kj |  5184 |   52 |   72 | 1.00 | 1.00 |     243.5 |       241.7 |         150.3 |      151.1 
       ajb-kba-jk |  3744 |   72 |   72 | 1.00 | 1.00 |     305.7 |       305.8 |         170.6 |      196.5 
     abjc-cbka-kj | 11520 |   20 |   24 | 1.00 | 1.00 |      71.8 |        70.9 |          39.8 |       57.7 
     ajbc-ckba-jk | 11520 |   24 |   20 | 1.00 | 1.00 |     124.1 |       130.0 |          57.7 |       63.0 
     abjc-kbac-jk |  9600 |   24 |   24 | 1.00 | 1.00 |     176.5 |       186.3 |          64.6 |       67.7 
   abjcd-dkbac-jk | 82944 |   24 |   12 | 1.00 | 1.00 |      44.4 |        50.4 |          42.1 |       31.4 
   adbjc-cbdka-kj | 82944 |   12 |   24 | 1.00 | 1.00 |      15.4 |        16.1 |          14.1 |       21.6 
   ajbdc-ckbad-jk | 82944 |   24 |   12 | 1.00 | 1.00 |      50.0 |        47.9 |          39.8 |       33.3 
 abcijk-ijma-mkbc |  4608 |  512 |   24 | 1.00 | 1.00 |     152.3 |       171.3 |         143.1 |      168.7 
 abcijk-ijmb-mkac |  1536 | 1536 |   24 | 1.00 | 1.00 |     190.5 |       207.5 |         165.8 |      101.0 
 abcijk-ijmc-mkab |  1536 | 1536 |   24 | 1.00 | 1.00 |     198.0 |       208.0 |         165.8 |      128.6 
 abcijk-ikma-mjbc |  4608 |  512 |   24 | 1.00 | 1.00 |     143.3 |       150.8 |         138.5 |      162.4 
 abcijk-ikmb-mjac |  1536 | 1536 |   24 | 1.00 | 1.00 |     208.1 |       222.9 |         177.7 |      151.7 
 abcijk-ikmc-mjab |  1536 | 1536 |   24 | 1.00 | 1.00 |     189.4 |       218.6 |         163.3 |      116.1 
 abcijk-jkma-mibc |  4608 |  512 |   24 | 1.00 | 1.00 |     158.0 |       170.0 |         135.5 |      170.8 
 abcijk-jkmb-miac |  1536 | 1536 |   24 | 1.00 | 1.00 |     202.2 |       228.7 |         175.6 |      103.3 
 abcijk-jkmc-miab |  1536 | 1536 |   24 | 1.00 | 1.00 |     201.7 |       224.6 |         169.9 |      105.8 
 abcijk-eiab-jkec |  1536 | 1536 |   24 | 1.00 | 1.00 |     223.6 |       238.8 |         184.3 |      126.3 
 abcijk-eiac-jkeb |  1536 | 1536 |   24 | 1.00 | 1.00 |     222.8 |       198.6 |         178.4 |      105.7 
 abcijk-eibc-jkea |   512 | 4608 |   24 | 1.00 | 1.00 |     154.7 |       151.9 |         133.6 |      170.1 
 abcijk-ejab-ikec |  1536 | 1536 |   24 | 1.00 | 1.00 |     219.4 |       240.8 |         171.8 |      117.1 
 abcijk-ejac-ikeb |  1536 | 1536 |   24 | 1.00 | 1.00 |     197.0 |       231.6 |         178.8 |      149.8 
 abcijk-ejbc-ikea |   512 | 4608 |   24 | 1.00 | 1.00 |     146.1 |       154.5 |         131.6 |      168.5 
 abcijk-ekab-ijec |  1536 | 1536 |   24 | 1.00 | 1.00 |     216.8 |       242.4 |         165.5 |      124.0 
 abcijk-ekac-ijeb |  1536 | 1536 |   24 | 1.00 | 1.00 |     215.2 |       218.6 |         174.1 |      102.6 
 abcijk-ekbc-ijea |   512 | 4608 |   24 | 1.00 | 1.00 |     149.1 |       134.3 |         132.2 |      158.1 
       abc-bk-akc |    72 | 3744 |   52 | 1.00 | 1.00 |     152.0 |       157.0 |         110.2 |      180.4 

=== c64 ===
             case |     m |    n |    k | regA | regB | plan GF/s | packed GF/s | upstream GF/s | tblis GF/s 
------------------+-------+------+------+------+------+-----------+-------------+---------------+------------
         ij-ik-kj |   384 |  364 |  384 | 1.00 | 1.00 |     269.2 |       269.2 |         238.5 |      235.8 
       ij-ikl-ljk |    72 |   52 | 3744 | 1.00 | 1.00 |     115.7 |       115.9 |         103.0 |      116.1 
       ij-kil-lkj |    72 |   52 | 5184 | 1.00 | 1.00 |     103.5 |       104.1 |          91.3 |      110.9 
       ijk-ikl-lj |  3744 |   52 |   72 | 1.00 | 1.00 |     235.0 |       238.3 |         188.7 |      183.2 
       ijk-il-jlk |    72 | 3744 |   52 | 1.00 | 1.00 |     222.4 |       226.2 |         182.7 |      166.1 
       ijk-ilk-jl |  3744 |   72 |   52 | 0.89 | 1.00 |     162.5 |       162.8 |         135.4 |      201.3 
       ijk-ilk-lj |  3744 |   52 |   72 | 0.89 | 1.00 |     238.6 |       217.3 |         193.0 |      188.9 
     ijk-ilmk-mjl |   480 |   20 |  480 | 0.67 | 1.00 |     171.3 |       172.9 |         109.5 |      140.8 
   ijkl-imjn-lnkm |   480 |  480 |  400 | 0.67 | 0.80 |     244.8 |       243.7 |         228.0 |      252.8 
   ijkl-imjn-nlmk |   480 |  400 |  480 | 0.67 | 0.81 |     330.3 |       335.9 |         309.9 |      300.6 
   ijkl-imkn-jnlm |   480 |  480 |  400 | 0.67 | 1.00 |     340.8 |       339.4 |         312.3 |      295.7 
   ijkl-imkn-njml |   480 |  400 |  480 | 0.67 | 0.81 |     328.9 |       341.7 |         318.8 |      309.7 
   ijkl-imln-jnkm |   480 |  480 |  400 | 0.67 | 1.00 |     339.3 |       341.7 |         311.4 |      295.6 
   ijkl-imln-njmk |   480 |  400 |  480 | 0.67 | 0.81 |     340.8 |       292.8 |         319.0 |      312.4 
   ijkl-imnj-nlkm |   480 |  400 |  480 | 0.67 | 0.81 |     337.1 |       342.2 |         313.3 |      313.0 
   ijkl-imnk-njml |   480 |  400 |  480 | 0.67 | 0.81 |     343.5 |       343.0 |         318.1 |      316.3 
   ijkl-minj-nlmk |   480 |  400 |  576 | 0.67 | 0.81 |     334.4 |       329.0 |         304.4 |      300.8 
   ijkl-mink-jnlm |   480 |  480 |  480 | 0.67 | 1.00 |     342.3 |       341.1 |         319.5 |      304.2 
   ijkl-minl-njmk |   480 |  400 |  576 | 0.67 | 0.81 |     335.4 |       332.7 |         307.6 |      306.7 
     aqrs-pa-pqrs |    24 | 8000 |   24 | 1.00 | 1.00 |     168.0 |       177.4 |         123.9 |      151.3 
     abrs-qb-aqrs |    20 | 9600 |   24 | 1.00 | 1.00 |     267.9 |       277.3 |         130.0 |      106.7 
     abcs-rc-abrs |    20 | 9600 |   24 | 1.00 | 1.00 |     241.7 |       244.2 |         130.8 |      142.1 
       abj-bka-kj |  5184 |   52 |   72 | 0.89 | 1.00 |     304.1 |       299.3 |         238.6 |      187.5 
       ajb-kba-jk |  3744 |   72 |   72 | 0.89 | 1.00 |     333.9 |       351.0 |         279.4 |      264.9 
     abjc-cbka-kj | 11520 |   20 |   24 | 0.67 | 1.00 |     172.3 |       172.8 |         113.0 |      125.2 
     ajbc-ckba-jk | 11520 |   24 |   20 | 1.00 | 1.00 |      39.5 |        37.0 |          31.9 |      132.0 
     abjc-kbac-jk |  9600 |   24 |   24 | 0.67 | 1.00 |     273.0 |       282.7 |         163.9 |      156.7 
   abjcd-dkbac-jk | 82944 |   24 |   12 | 0.67 | 1.00 |      84.3 |        82.9 |          78.7 |       64.5 
   adbjc-cbdka-kj | 82944 |   12 |   24 | 0.67 | 1.00 |      50.8 |        50.1 |          48.8 |       42.0 
   ajbdc-ckbad-jk | 82944 |   24 |   12 | 1.00 | 1.00 |      49.9 |        50.6 |          49.4 |       67.3 
 abcijk-ijma-mkbc |  4608 |  512 |   24 | 1.00 | 0.97 |     165.0 |       157.7 |         148.5 |      205.5 
 abcijk-ijmb-mkac |  1536 | 1536 |   24 | 1.00 | 0.75 |     259.9 |       263.6 |         240.4 |      165.7 
 abcijk-ijmc-mkab |  1536 | 1536 |   24 | 1.00 | 0.50 |     262.1 |       251.4 |         240.4 |      207.9 
 abcijk-ikma-mjbc |  4608 |  512 |   24 | 1.00 | 0.97 |     161.4 |       155.4 |         145.1 |      207.6 
 abcijk-ikmb-mjac |  1536 | 1536 |   24 | 1.00 | 0.75 |     257.8 |       267.7 |         237.8 |      183.8 
 abcijk-ikmc-mjab |  1536 | 1536 |   24 | 1.00 | 0.50 |     267.8 |       268.9 |         243.1 |      181.6 
 abcijk-jkma-mibc |  4608 |  512 |   24 | 1.00 | 0.97 |     158.5 |       160.7 |         153.7 |      219.9 
 abcijk-jkmb-miac |  1536 | 1536 |   24 | 1.00 | 0.75 |     266.5 |       267.9 |         240.1 |      156.5 
 abcijk-jkmc-miab |  1536 | 1536 |   24 | 1.00 | 0.50 |     269.7 |       272.3 |         240.8 |      203.1 
 abcijk-eiab-jkec |  1536 | 1536 |   24 | 1.00 | 0.50 |     271.1 |       265.0 |         235.6 |      201.7 
 abcijk-eiac-jkeb |  1536 | 1536 |   24 | 1.00 | 0.75 |     255.8 |       259.0 |         239.0 |      157.0 
 abcijk-eibc-jkea |   512 | 4608 |   24 | 1.00 | 0.97 |     163.4 |       163.0 |         149.8 |      220.7 
 abcijk-ejab-ikec |  1536 | 1536 |   24 | 1.00 | 0.50 |     248.3 |       276.6 |         240.1 |      179.5 
 abcijk-ejac-ikeb |  1536 | 1536 |   24 | 1.00 | 0.75 |     256.6 |       256.9 |         237.8 |      186.4 
 abcijk-ejbc-ikea |   512 | 4608 |   24 | 1.00 | 0.97 |     152.8 |       158.7 |         147.9 |      206.6 
 abcijk-ekab-ijec |  1536 | 1536 |   24 | 1.00 | 0.50 |     262.3 |       272.9 |         243.4 |      218.7 
 abcijk-ekac-ijeb |  1536 | 1536 |   24 | 1.00 | 0.75 |     257.2 |       260.0 |         236.6 |      167.5 
 abcijk-ekbc-ijea |   512 | 4608 |   24 | 1.00 | 0.97 |     157.8 |       159.1 |         157.8 |      205.3 
       abc-bk-akc |    72 | 3744 |   52 | 0.89 | 1.00 |     224.8 |       224.6 |         188.0 |      285.6 

=== complex efficiency ratio (c64 GF/s over f64 GF/s; 1.0 = no penalty) ===
             case | plan c64/f64 | packed c64/f64 | upstream c64/f64 | tblis c64/f64 
------------------+--------------+----------------+------------------+---------------
         ij-ik-kj |        1.025 |          1.053 |            1.202 |         1.338 
       ij-ikl-ljk |        1.252 |          1.246 |            1.523 |         2.404 
       ij-kil-lkj |        1.211 |          1.173 |            1.325 |         2.289 
       ijk-ikl-lj |        1.158 |          1.178 |            1.929 |         1.564 
       ijk-il-jlk |        1.037 |          1.037 |            1.533 |         1.240 
       ijk-ilk-jl |        2.262 |          1.458 |            1.670 |         1.547 
       ijk-ilk-lj |        1.209 |          1.080 |            1.840 |         1.582 
     ijk-ilmk-mjl |        1.465 |          1.506 |            2.531 |         2.434 
   ijkl-imjn-lnkm |        1.141 |          1.153 |            1.226 |         1.355 
   ijkl-imjn-nlmk |        1.219 |          1.229 |            1.329 |         1.223 
   ijkl-imkn-jnlm |        1.110 |          1.102 |            1.178 |         1.110 
   ijkl-imkn-njml |        1.076 |          1.094 |            1.197 |         1.182 
   ijkl-imln-jnkm |        1.099 |          1.100 |            1.173 |         1.107 
   ijkl-imln-njmk |        1.106 |          0.974 |            1.198 |         1.182 
   ijkl-imnj-nlkm |        1.093 |          1.100 |            1.170 |         1.192 
   ijkl-imnk-njml |        1.145 |          1.124 |            1.203 |         1.196 
   ijkl-minj-nlmk |        1.107 |          1.088 |            1.151 |         1.159 
   ijkl-mink-jnlm |        1.139 |          1.110 |            1.187 |         1.191 
   ijkl-minl-njmk |        1.095 |          1.107 |            1.156 |         1.196 
     aqrs-pa-pqrs |        1.015 |          1.838 |            1.636 |         2.469 
     abrs-qb-aqrs |        1.604 |          1.630 |            2.394 |         1.832 
     abcs-rc-abrs |        1.557 |          1.483 |            2.558 |         2.447 
       abj-bka-kj |        1.249 |          1.238 |            1.587 |         1.240 
       ajb-kba-jk |        1.092 |          1.148 |            1.638 |         1.348 
     abjc-cbka-kj |        2.398 |          2.438 |            2.843 |         2.171 
     ajbc-ckba-jk |        0.319 |          0.285 |            0.554 |         2.095 
     abjc-kbac-jk |        1.547 |          1.518 |            2.538 |         2.313 
   abjcd-dkbac-jk |        1.898 |          1.646 |            1.868 |         2.056 
   adbjc-cbdka-kj |        3.302 |          3.102 |            3.454 |         1.945 
   ajbdc-ckbad-jk |        0.998 |          1.057 |            1.240 |         2.021 
 abcijk-ijma-mkbc |        1.083 |          0.920 |            1.038 |         1.218 
 abcijk-ijmb-mkac |        1.364 |          1.271 |            1.449 |         1.640 
 abcijk-ijmc-mkab |        1.323 |          1.209 |            1.450 |         1.617 
 abcijk-ikma-mjbc |        1.126 |          1.031 |            1.048 |         1.278 
 abcijk-ikmb-mjac |        1.239 |          1.201 |            1.338 |         1.211 
 abcijk-ikmc-mjab |        1.414 |          1.230 |            1.488 |         1.564 
 abcijk-jkma-mibc |        1.003 |          0.945 |            1.135 |         1.287 
 abcijk-jkmb-miac |        1.318 |          1.171 |            1.367 |         1.515 
 abcijk-jkmc-miab |        1.337 |          1.212 |            1.417 |         1.920 
 abcijk-eiab-jkec |        1.212 |          1.110 |            1.278 |         1.597 
 abcijk-eiac-jkeb |        1.148 |          1.304 |            1.340 |         1.485 
 abcijk-eibc-jkea |        1.056 |          1.073 |            1.122 |         1.297 
 abcijk-ejab-ikec |        1.132 |          1.148 |            1.397 |         1.533 
 abcijk-ejac-ikeb |        1.302 |          1.110 |            1.330 |         1.244 
 abcijk-ejbc-ikea |        1.046 |          1.027 |            1.124 |         1.226 
 abcijk-ekab-ijec |        1.210 |          1.126 |            1.471 |         1.764 
 abcijk-ekac-ijeb |        1.195 |          1.189 |            1.359 |         1.632 
 abcijk-ekbc-ijea |        1.058 |          1.185 |            1.193 |         1.299 
       abc-bk-akc |        1.479 |          1.430 |            1.706 |         1.583 
             MEAN |        1.285 |          1.249 |            1.512 |         1.578 

wrote /home/shinaoka/projects/tensor4all/tprims-rs/benchmarks/benchmarks/tcbench/results/scaling-single-l3/baseline/A-1m-8t.pending.csv
