# threads: requested=4 pool=4 budget=4
host        : shinaoka-EVO-X1Pro
target      : x86_64 / linux
cpu features: avx2 fma avx512f avx512dq 
caches      : L1=48KiB/12-way/2sh L2=1024KiB/16-way/2sh L3=16384KiB/16-way/8sh (via sysfs), blocking=legacy
l3 domains  : t1=1 t4=1 t8=2
baselines   : tblis=true blas=false
tblis       : abi 2.x, 4 thread(s)

running 49 cases at 1 MiB nominal tensor size, 5 reps, stress=none


=== f64 ===
             case |     m |    n |    k | regA | regB | plan GF/s | packed GF/s | upstream GF/s | tblis GF/s 
------------------+-------+------+------+------+------+-----------+-------------+---------------+------------
         ij-ik-kj |   384 |  364 |  384 | 0.00 | 0.00 |     145.6 |       134.3 |         120.0 |      104.2 
       ij-ikl-ljk |    72 |   52 | 3744 | 1.00 | 1.00 |      61.3 |        64.3 |          52.8 |       38.1 
       ij-kil-lkj |    72 |   52 | 5184 | 1.00 | 1.00 |      61.7 |        61.9 |          52.9 |       38.2 
       ijk-ikl-lj |  3744 |   52 |   72 | 1.00 | 1.00 |     112.8 |       113.4 |          87.5 |       69.7 
       ijk-il-jlk |    72 | 3744 |   52 | 1.00 | 1.00 |      58.3 |       115.5 |          93.2 |       76.0 
       ijk-ilk-jl |  3744 |   72 |   52 | 1.00 | 1.00 |     121.8 |       124.4 |          96.1 |       79.5 
       ijk-ilk-lj |  3744 |   52 |   72 | 1.00 | 1.00 |     129.1 |       128.5 |         100.5 |       81.7 
     ijk-ilmk-mjl |   480 |   20 |  480 | 1.00 | 1.00 |     112.7 |       113.4 |          64.7 |       50.7 
   ijkl-imjn-lnkm |   480 |  480 |  400 | 1.00 | 0.80 |     184.0 |       185.7 |         170.6 |      148.0 
   ijkl-imjn-nlmk |   480 |  400 |  480 | 1.00 | 0.80 |     192.0 |       191.9 |         179.1 |      149.4 
   ijkl-imkn-jnlm |   480 |  480 |  400 | 1.00 | 1.00 |     190.5 |       190.7 |         174.6 |      153.6 
   ijkl-imkn-njml |   480 |  400 |  480 | 1.00 | 0.80 |     193.7 |       194.2 |         175.0 |      151.7 
   ijkl-imln-jnkm |   480 |  480 |  400 | 1.00 | 1.00 |     190.1 |       190.5 |         176.3 |      153.9 
   ijkl-imln-njmk |   480 |  400 |  480 | 1.00 | 0.80 |     189.5 |       193.3 |         179.5 |      151.9 
   ijkl-imnj-nlkm |   480 |  400 |  480 | 1.00 | 0.80 |     191.5 |       192.3 |         178.1 |      153.3 
   ijkl-imnk-njml |   480 |  400 |  480 | 1.00 | 0.80 |     193.7 |       193.7 |         180.3 |      152.9 
   ijkl-minj-nlmk |   480 |  400 |  576 | 1.00 | 0.80 |     186.8 |       187.6 |         172.6 |      149.5 
   ijkl-mink-jnlm |   480 |  480 |  480 | 1.00 | 1.00 |     191.2 |       191.4 |         176.0 |      147.9 
   ijkl-minl-njmk |   480 |  400 |  576 | 1.00 | 0.80 |     189.3 |       189.5 |         174.8 |      150.4 
     aqrs-pa-pqrs |    24 | 8000 |   24 | 0.00 | 0.00 |      59.9 |        58.8 |          74.0 |       43.0 
     abrs-qb-aqrs |    20 | 9600 |   24 | 1.00 | 1.00 |     105.8 |       106.3 |          62.2 |       39.6 
     abcs-rc-abrs |    20 | 9600 |   24 | 1.00 | 1.00 |     106.3 |       106.2 |          66.9 |       40.4 
       abj-bka-kj |  5184 |   52 |   72 | 1.00 | 1.00 |     130.1 |       129.0 |         106.2 |       84.2 
       ajb-kba-jk |  3744 |   72 |   72 | 1.00 | 1.00 |     167.8 |       169.4 |         137.4 |      114.0 
     abjc-cbka-kj | 11520 |   20 |   24 | 1.00 | 1.00 |      52.8 |        53.5 |          37.9 |       38.7 
     ajbc-ckba-jk | 11520 |   24 |   20 | 1.00 | 1.00 |      81.1 |        80.4 |          51.2 |       43.5 
     abjc-kbac-jk |  9600 |   24 |   24 | 1.00 | 1.00 |     112.9 |       115.2 |          71.6 |       47.3 
   abjcd-dkbac-jk | 82944 |   24 |   12 | 1.00 | 1.00 |      38.4 |        39.9 |          35.2 |       23.3 
   adbjc-cbdka-kj | 82944 |   12 |   24 | 1.00 | 1.00 |       9.4 |         9.7 |           8.3 |       18.8 
   ajbdc-ckbad-jk | 82944 |   24 |   12 | 1.00 | 1.00 |      38.5 |        38.0 |          33.7 |       23.9 
 abcijk-ijma-mkbc |  4608 |  512 |   24 | 1.00 | 1.00 |      93.5 |       133.8 |         120.7 |       98.9 
 abcijk-ijmb-mkac |  1536 | 1536 |   24 | 1.00 | 1.00 |     142.9 |       145.6 |         129.0 |       59.9 
 abcijk-ijmc-mkab |  1536 | 1536 |   24 | 1.00 | 1.00 |     135.3 |       140.3 |         121.4 |       96.2 
 abcijk-ikma-mjbc |  4608 |  512 |   24 | 1.00 | 1.00 |     131.1 |       134.5 |         123.1 |      100.3 
 abcijk-ikmb-mjac |  1536 | 1536 |   24 | 1.00 | 1.00 |     145.8 |       135.4 |         123.8 |       95.8 
 abcijk-ikmc-mjab |  1536 | 1536 |   24 | 1.00 | 1.00 |     131.5 |       134.6 |         122.2 |       83.4 
 abcijk-jkma-mibc |  4608 |  512 |   24 | 1.00 | 1.00 |     132.3 |       139.3 |         122.7 |      110.3 
 abcijk-jkmb-miac |  1536 | 1536 |   24 | 1.00 | 1.00 |     136.7 |       143.3 |         130.0 |       59.9 
 abcijk-jkmc-miab |  1536 | 1536 |   24 | 1.00 | 1.00 |     135.5 |       129.7 |         118.2 |       79.2 
 abcijk-eiab-jkec |  1536 | 1536 |   24 | 1.00 | 1.00 |     131.9 |       137.3 |         126.3 |       82.9 
 abcijk-eiac-jkeb |  1536 | 1536 |   24 | 1.00 | 1.00 |     143.4 |       144.9 |         134.8 |       59.6 
 abcijk-eibc-jkea |   512 | 4608 |   24 | 1.00 | 1.00 |     129.7 |       134.3 |         120.9 |      110.8 
 abcijk-ejab-ikec |  1536 | 1536 |   24 | 1.00 | 1.00 |     131.2 |       140.2 |         124.3 |       78.3 
 abcijk-ejac-ikeb |  1536 | 1536 |   24 | 1.00 | 1.00 |     143.2 |       142.9 |         129.3 |       98.0 
 abcijk-ejbc-ikea |   512 | 4608 |   24 | 1.00 | 1.00 |     128.7 |       137.9 |         116.3 |       98.8 
 abcijk-ekab-ijec |  1536 | 1536 |   24 | 1.00 | 1.00 |     134.9 |       136.7 |         122.8 |       96.9 
 abcijk-ekac-ijeb |  1536 | 1536 |   24 | 1.00 | 1.00 |     134.7 |       148.0 |         130.2 |       63.4 
 abcijk-ekbc-ijea |   512 | 4608 |   24 | 1.00 | 1.00 |     127.6 |       139.5 |         121.5 |       99.5 
       abc-bk-akc |    72 | 3744 |   52 | 1.00 | 1.00 |     166.3 |       167.8 |         128.4 |      108.1 

=== c64 ===
             case |     m |    n |    k | regA | regB | plan GF/s | packed GF/s | upstream GF/s | tblis GF/s 
------------------+-------+------+------+------+------+-----------+-------------+---------------+------------
         ij-ik-kj |   384 |  364 |  384 | 1.00 | 1.00 |     138.0 |       137.3 |         132.6 |      125.2 
       ij-ikl-ljk |    72 |   52 | 3744 | 1.00 | 1.00 |      64.3 |        64.4 |          61.3 |       77.7 
       ij-kil-lkj |    72 |   52 | 5184 | 1.00 | 1.00 |      59.4 |        59.4 |          56.3 |       74.2 
       ijk-ikl-lj |  3744 |   52 |   72 | 1.00 | 1.00 |     122.8 |       123.0 |         113.7 |       92.8 
       ijk-il-jlk |    72 | 3744 |   52 | 1.00 | 1.00 |      70.9 |        71.4 |          67.8 |      107.3 
       ijk-ilk-jl |  3744 |   72 |   52 | 0.89 | 1.00 |     133.4 |       134.9 |         123.9 |      115.7 
       ijk-ilk-lj |  3744 |   52 |   72 | 0.89 | 1.00 |     148.6 |       146.6 |         137.2 |      116.5 
     ijk-ilmk-mjl |   480 |   20 |  480 | 0.67 | 1.00 |      95.6 |       123.6 |         103.6 |      107.6 
   ijkl-imjn-lnkm |   480 |  480 |  400 | 0.67 | 0.80 |     172.3 |       172.8 |         168.3 |      166.0 
   ijkl-imjn-nlmk |   480 |  400 |  480 | 0.67 | 0.81 |     174.9 |       174.2 |         169.8 |      165.2 
   ijkl-imkn-jnlm |   480 |  480 |  400 | 0.67 | 1.00 |     173.3 |       175.6 |         170.4 |      167.8 
   ijkl-imkn-njml |   480 |  400 |  480 | 0.67 | 0.81 |     175.5 |       175.8 |         171.6 |      167.6 
   ijkl-imln-jnkm |   480 |  480 |  400 | 0.67 | 1.00 |     175.5 |       172.8 |         170.5 |      167.7 
   ijkl-imln-njmk |   480 |  400 |  480 | 0.67 | 0.81 |     175.3 |       176.3 |         172.1 |      170.5 
   ijkl-imnj-nlkm |   480 |  400 |  480 | 0.67 | 0.81 |     176.4 |       175.5 |         171.5 |      171.1 
   ijkl-imnk-njml |   480 |  400 |  480 | 0.67 | 0.81 |     176.2 |       175.5 |         171.4 |      171.2 
   ijkl-minj-nlmk |   480 |  400 |  576 | 0.67 | 0.81 |     168.3 |       166.7 |         163.8 |      161.3 
   ijkl-mink-jnlm |   480 |  480 |  480 | 0.67 | 1.00 |     173.5 |       173.7 |         169.4 |      167.6 
   ijkl-minl-njmk |   480 |  400 |  576 | 0.67 | 0.81 |     167.8 |       169.4 |         165.5 |      166.5 
     aqrs-pa-pqrs |    24 | 8000 |   24 | 1.00 | 1.00 |     103.5 |       103.5 |          87.6 |       90.2 
     abrs-qb-aqrs |    20 | 9600 |   24 | 1.00 | 1.00 |     149.6 |       149.0 |         116.6 |       79.3 
     abcs-rc-abrs |    20 | 9600 |   24 | 1.00 | 1.00 |     129.3 |       130.0 |         107.5 |       80.0 
       abj-bka-kj |  5184 |   52 |   72 | 0.89 | 1.00 |     157.6 |       155.1 |         144.4 |       98.6 
       ajb-kba-jk |  3744 |   72 |   72 | 0.89 | 1.00 |     175.6 |       169.0 |         159.7 |      128.7 
     abjc-cbka-kj | 11520 |   20 |   24 | 0.67 | 1.00 |      95.9 |        97.9 |          83.1 |       69.6 
     ajbc-ckba-jk | 11520 |   24 |   20 | 1.00 | 1.00 |     107.4 |       102.8 |          88.4 |       71.3 
     abjc-kbac-jk |  9600 |   24 |   24 | 0.67 | 1.00 |     145.4 |       147.8 |         118.2 |       85.4 
   abjcd-dkbac-jk | 82944 |   24 |   12 | 0.67 | 1.00 |      61.8 |        61.7 |          57.0 |       47.0 
   adbjc-cbdka-kj | 82944 |   12 |   24 | 0.67 | 1.00 |      29.0 |        30.3 |          29.0 |       33.2 
   ajbdc-ckbad-jk | 82944 |   24 |   12 | 1.00 | 1.00 |      60.3 |        61.1 |          55.2 |       48.7 
 abcijk-ijma-mkbc |  4608 |  512 |   24 | 1.00 | 0.97 |     155.9 |       157.2 |         148.6 |      123.5 
 abcijk-ijmb-mkac |  1536 | 1536 |   24 | 1.00 | 0.75 |     167.8 |       168.5 |         160.8 |      115.2 
 abcijk-ijmc-mkab |  1536 | 1536 |   24 | 1.00 | 0.50 |     164.9 |       164.4 |         159.1 |      133.6 
 abcijk-ikma-mjbc |  4608 |  512 |   24 | 1.00 | 0.97 |     155.6 |       158.7 |         148.2 |      123.7 
 abcijk-ikmb-mjac |  1536 | 1536 |   24 | 1.00 | 0.75 |     169.3 |       166.5 |         161.2 |      124.8 
 abcijk-ikmc-mjab |  1536 | 1536 |   24 | 1.00 | 0.50 |     168.5 |       165.5 |         159.4 |      124.1 
 abcijk-jkma-mibc |  4608 |  512 |   24 | 1.00 | 0.97 |     155.9 |       155.8 |         149.9 |      133.7 
 abcijk-jkmb-miac |  1536 | 1536 |   24 | 1.00 | 0.75 |     167.0 |       167.1 |         159.0 |      101.3 
 abcijk-jkmc-miab |  1536 | 1536 |   24 | 1.00 | 0.50 |     163.8 |       163.3 |         154.6 |      125.9 
 abcijk-eiab-jkec |  1536 | 1536 |   24 | 1.00 | 0.50 |     165.4 |       139.1 |         154.2 |      121.8 
 abcijk-eiac-jkeb |  1536 | 1536 |   24 | 1.00 | 0.75 |     170.8 |       166.6 |         160.4 |      101.5 
 abcijk-eibc-jkea |   512 | 4608 |   24 | 1.00 | 0.97 |     155.6 |       158.0 |         149.9 |      134.9 
 abcijk-ejab-ikec |  1536 | 1536 |   24 | 1.00 | 0.50 |     165.0 |       166.9 |         160.9 |      126.5 
 abcijk-ejac-ikeb |  1536 | 1536 |   24 | 1.00 | 0.75 |     167.7 |       164.9 |         160.3 |      122.3 
 abcijk-ejbc-ikea |   512 | 4608 |   24 | 1.00 | 0.97 |     157.0 |       155.6 |         148.1 |      122.6 
 abcijk-ekab-ijec |  1536 | 1536 |   24 | 1.00 | 0.50 |     169.3 |       164.5 |         157.0 |      136.5 
 abcijk-ekac-ijeb |  1536 | 1536 |   24 | 1.00 | 0.75 |     169.7 |       169.7 |         161.0 |      118.8 
 abcijk-ekbc-ijea |   512 | 4608 |   24 | 1.00 | 0.97 |     157.9 |       158.3 |         152.0 |      122.1 
       abc-bk-akc |    72 | 3744 |   52 | 0.89 | 1.00 |     179.4 |       177.8 |         163.0 |      143.5 

=== complex efficiency ratio (c64 GF/s over f64 GF/s; 1.0 = no penalty) ===
             case | plan c64/f64 | packed c64/f64 | upstream c64/f64 | tblis c64/f64 
------------------+--------------+----------------+------------------+---------------
         ij-ik-kj |        0.948 |          1.022 |            1.105 |         1.201 
       ij-ikl-ljk |        1.048 |          1.002 |            1.160 |         2.039 
       ij-kil-lkj |        0.962 |          0.961 |            1.063 |         1.946 
       ijk-ikl-lj |        1.089 |          1.085 |            1.300 |         1.332 
       ijk-il-jlk |        1.215 |          0.618 |            0.728 |         1.410 
       ijk-ilk-jl |        1.095 |          1.084 |            1.289 |         1.457 
       ijk-ilk-lj |        1.151 |          1.141 |            1.366 |         1.426 
     ijk-ilmk-mjl |        0.848 |          1.090 |            1.601 |         2.124 
   ijkl-imjn-lnkm |        0.937 |          0.931 |            0.987 |         1.122 
   ijkl-imjn-nlmk |        0.911 |          0.908 |            0.948 |         1.106 
   ijkl-imkn-jnlm |        0.910 |          0.921 |            0.975 |         1.093 
   ijkl-imkn-njml |        0.906 |          0.905 |            0.981 |         1.104 
   ijkl-imln-jnkm |        0.923 |          0.907 |            0.967 |         1.090 
   ijkl-imln-njmk |        0.925 |          0.912 |            0.959 |         1.122 
   ijkl-imnj-nlkm |        0.921 |          0.913 |            0.963 |         1.116 
   ijkl-imnk-njml |        0.909 |          0.906 |            0.951 |         1.120 
   ijkl-minj-nlmk |        0.901 |          0.889 |            0.949 |         1.079 
   ijkl-mink-jnlm |        0.908 |          0.908 |            0.962 |         1.133 
   ijkl-minl-njmk |        0.886 |          0.894 |            0.947 |         1.107 
     aqrs-pa-pqrs |        1.728 |          1.759 |            1.183 |         2.100 
     abrs-qb-aqrs |        1.413 |          1.402 |            1.873 |         2.001 
     abcs-rc-abrs |        1.216 |          1.224 |            1.608 |         1.980 
       abj-bka-kj |        1.211 |          1.202 |            1.360 |         1.172 
       ajb-kba-jk |        1.047 |          0.998 |            1.162 |         1.129 
     abjc-cbka-kj |        1.818 |          1.830 |            2.193 |         1.797 
     ajbc-ckba-jk |        1.324 |          1.279 |            1.729 |         1.638 
     abjc-kbac-jk |        1.287 |          1.282 |            1.651 |         1.805 
   abjcd-dkbac-jk |        1.611 |          1.546 |            1.620 |         2.020 
   adbjc-cbdka-kj |        3.095 |          3.119 |            3.495 |         1.763 
   ajbdc-ckbad-jk |        1.567 |          1.609 |            1.637 |         2.037 
 abcijk-ijma-mkbc |        1.668 |          1.175 |            1.231 |         1.249 
 abcijk-ijmb-mkac |        1.174 |          1.157 |            1.247 |         1.924 
 abcijk-ijmc-mkab |        1.219 |          1.172 |            1.310 |         1.389 
 abcijk-ikma-mjbc |        1.187 |          1.179 |            1.204 |         1.234 
 abcijk-ikmb-mjac |        1.162 |          1.229 |            1.303 |         1.303 
 abcijk-ikmc-mjab |        1.281 |          1.229 |            1.304 |         1.488 
 abcijk-jkma-mibc |        1.178 |          1.119 |            1.222 |         1.212 
 abcijk-jkmb-miac |        1.222 |          1.166 |            1.223 |         1.691 
 abcijk-jkmc-miab |        1.209 |          1.259 |            1.307 |         1.590 
 abcijk-eiab-jkec |        1.254 |          1.014 |            1.220 |         1.469 
 abcijk-eiac-jkeb |        1.191 |          1.149 |            1.190 |         1.704 
 abcijk-eibc-jkea |        1.200 |          1.177 |            1.240 |         1.217 
 abcijk-ejab-ikec |        1.258 |          1.190 |            1.294 |         1.615 
 abcijk-ejac-ikeb |        1.171 |          1.154 |            1.240 |         1.248 
 abcijk-ejbc-ikea |        1.220 |          1.129 |            1.274 |         1.240 
 abcijk-ekab-ijec |        1.255 |          1.203 |            1.278 |         1.409 
 abcijk-ekac-ijeb |        1.259 |          1.146 |            1.237 |         1.874 
 abcijk-ekbc-ijea |        1.237 |          1.135 |            1.251 |         1.227 
       abc-bk-akc |        1.079 |          1.060 |            1.270 |         1.328 
             MEAN |        1.207 |          1.169 |            1.297 |         1.469 

wrote /home/shinaoka/projects/tensor4all/tprims-rs/benchmarks/benchmarks/tcbench/results/scaling-single-l3/baseline/A-1m-4t.pending.csv
