# threads: requested=1 pool=1 budget=1
host        : shinaoka-EVO-X1Pro
target      : x86_64 / linux
cpu features: avx2 fma avx512f avx512dq 
caches      : L1=48KiB/12-way/2sh L2=1024KiB/16-way/2sh L3=16384KiB/16-way/8sh (via sysfs), blocking=legacy
l3 domains  : t1=1
baselines   : tblis=true blas=false
tblis       : abi 2.x, 1 thread(s)

running 49 cases at 16 MiB nominal tensor size, 5 reps, stress=none


=== f64 ===
             case |      m |     n |     k | regA | regB | plan GF/s | packed GF/s | upstream GF/s | tblis GF/s 
------------------+--------+-------+-------+------+------+-----------+-------------+---------------+------------
         ij-ik-kj |   1464 |  1448 |  1464 | 0.00 | 0.00 |      37.6 |        48.8 |          47.7 |       46.1 
       ij-ikl-ljk |    144 |   128 | 18432 | 1.00 | 1.00 |      37.9 |        37.9 |          36.8 |       27.7 
       ij-kil-lkj |    144 |   128 | 20736 | 1.00 | 1.00 |      36.1 |        36.1 |          35.2 |       25.3 
       ijk-ikl-lj |  18432 |   128 |   144 | 1.00 | 1.00 |      42.3 |        42.4 |          41.5 |       35.1 
       ijk-il-jlk |    144 | 18432 |   128 | 1.00 | 1.00 |      37.8 |        38.0 |          36.3 |       36.6 
       ijk-ilk-jl |  18432 |   144 |   128 | 1.00 | 1.00 |      44.4 |        44.5 |          44.4 |       36.2 
       ijk-ilk-lj |  18432 |   128 |   144 | 1.00 | 1.00 |      44.0 |        44.1 |          44.2 |       34.1 
     ijk-ilmk-mjl |   1920 |    40 |  1920 | 1.00 | 1.00 |      40.8 |        40.8 |          39.8 |       22.0 
   ijkl-imjn-lnkm |   1920 |  1920 |  1600 | 1.00 | 1.00 |      47.2 |        47.2 |          46.2 |       47.2 
   ijkl-imjn-nlmk |   1920 |  1600 |  1920 | 1.00 | 1.00 |      47.3 |        47.3 |          46.1 |       45.8 
   ijkl-imkn-jnlm |   1920 |  1920 |  1600 | 1.00 | 1.00 |      47.3 |        47.3 |          46.0 |       46.2 
   ijkl-imkn-njml |   1920 |  1600 |  1920 | 1.00 | 1.00 |      47.3 |        47.4 |          46.5 |       46.1 
   ijkl-imln-jnkm |   1920 |  1920 |  1600 | 1.00 | 1.00 |      47.2 |        47.3 |          46.0 |       46.0 
   ijkl-imln-njmk |   1920 |  1600 |  1920 | 1.00 | 1.00 |      47.4 |        47.4 |          46.5 |       46.1 
   ijkl-imnj-nlkm |   1920 |  1600 |  1920 | 1.00 | 1.00 |      47.3 |        47.3 |          46.2 |       46.2 
   ijkl-imnk-njml |   1920 |  1600 |  1920 | 1.00 | 1.00 |      47.5 |        47.5 |          46.6 |       46.2 
   ijkl-minj-nlmk |   1920 |  1600 |  2304 | 1.00 | 1.00 |      46.3 |        46.3 |          45.6 |       44.6 
   ijkl-mink-jnlm |   1920 |  1920 |  1920 | 1.00 | 1.00 |      46.6 |        46.6 |          46.1 |       45.9 
   ijkl-minl-njmk |   1920 |  1600 |  2304 | 1.00 | 1.00 |      46.6 |        46.6 |          45.4 |       45.6 
     aqrs-pa-pqrs |     48 | 64000 |    48 | 0.00 | 0.00 |      40.7 |        33.0 |          29.8 |       18.8 
     abrs-qb-aqrs |     40 | 76800 |    48 | 1.00 | 1.00 |      34.2 |        34.6 |          34.8 |       19.6 
     abcs-rc-abrs |     40 | 76800 |    48 | 1.00 | 1.00 |      30.7 |        30.8 |          28.7 |       21.4 
       abj-bka-kj |  20736 |   128 |   144 | 1.00 | 1.00 |      38.5 |        38.7 |          38.7 |       26.4 
       ajb-kba-jk |  18432 |   144 |   144 | 1.00 | 1.00 |      42.7 |        42.6 |          42.7 |       37.4 
     abjc-cbka-kj |  92160 |    40 |    48 | 1.00 | 1.00 |       9.8 |         9.7 |           9.4 |       13.5 
     ajbc-ckba-jk |  92160 |    48 |    40 | 1.00 | 1.00 |      17.8 |        17.8 |          17.3 |       19.6 
     abjc-kbac-jk |  76800 |    48 |    48 | 1.00 | 1.00 |      28.7 |        29.0 |          29.2 |       19.1 
   abjcd-dkbac-jk | 230400 |    24 |    20 | 1.00 | 1.00 |      13.3 |        13.3 |          12.2 |       10.2 
   adbjc-cbdka-kj | 230400 |    20 |    24 | 1.00 | 1.00 |       5.4 |         5.4 |           5.1 |        7.5 
   ajbdc-ckbad-jk | 230400 |    24 |    20 | 1.00 | 1.00 |      13.3 |        13.2 |          12.2 |       10.6 
 abcijk-ijma-mkbc |   6912 |  1728 |    24 | 1.00 | 1.00 |      41.7 |        41.3 |          39.4 |       33.5 
 abcijk-ijmb-mkac |   3456 |  3456 |    24 | 1.00 | 0.67 |      41.2 |        40.7 |          39.3 |       24.2 
 abcijk-ijmc-mkab |   3456 |  3456 |    24 | 1.00 | 0.67 |      39.6 |        39.6 |          37.5 |       31.5 
 abcijk-ikma-mjbc |   6912 |  1728 |    24 | 1.00 | 1.00 |      41.2 |        41.2 |          39.4 |       33.7 
 abcijk-ikmb-mjac |   3456 |  3456 |    24 | 1.00 | 0.67 |      41.1 |        40.6 |          39.1 |       29.5 
 abcijk-ikmc-mjab |   3456 |  3456 |    24 | 1.00 | 0.67 |      39.6 |        39.5 |          37.4 |       25.4 
 abcijk-jkma-mibc |   6912 |  1728 |    24 | 1.00 | 1.00 |      42.3 |        41.8 |          39.9 |       33.6 
 abcijk-jkmb-miac |   3456 |  3456 |    24 | 1.00 | 0.67 |      40.8 |        40.8 |          38.7 |       16.4 
 abcijk-jkmc-miab |   3456 |  3456 |    24 | 1.00 | 0.67 |      39.8 |        39.8 |          37.8 |       21.7 
 abcijk-eiab-jkec |   3456 |  3456 |    24 | 1.00 | 0.67 |      39.8 |        39.8 |          37.9 |       21.7 
 abcijk-eiac-jkeb |   3456 |  3456 |    24 | 1.00 | 0.67 |      40.6 |        40.4 |          38.0 |       16.2 
 abcijk-eibc-jkea |   1728 |  6912 |    24 | 1.00 | 1.00 |      41.3 |        41.4 |          39.5 |       33.7 
 abcijk-ejab-ikec |   3456 |  3456 |    24 | 1.00 | 0.67 |      39.6 |        39.4 |          37.6 |       25.7 
 abcijk-ejac-ikeb |   3456 |  3456 |    24 | 1.00 | 0.67 |      41.2 |        40.9 |          38.6 |       29.6 
 abcijk-ejbc-ikea |   1728 |  6912 |    24 | 1.00 | 1.00 |      39.9 |        40.1 |          39.0 |       33.7 
 abcijk-ekab-ijec |   3456 |  3456 |    24 | 1.00 | 0.67 |      39.4 |        39.4 |          37.5 |       31.7 
 abcijk-ekac-ijeb |   3456 |  3456 |    24 | 1.00 | 0.67 |      41.1 |        40.8 |          39.1 |       24.1 
 abcijk-ekbc-ijea |   1728 |  6912 |    24 | 1.00 | 1.00 |      41.0 |        41.0 |          39.1 |       33.6 
       abc-bk-akc |    144 | 18432 |   128 | 1.00 | 1.00 |      44.0 |        44.1 |          43.2 |       35.6 

=== c64 ===
             case |      m |     n |     k | regA | regB | plan GF/s | packed GF/s | upstream GF/s | tblis GF/s 
------------------+--------+-------+-------+------+------+-----------+-------------+---------------+------------
         ij-ik-kj |   1464 |  1448 |  1464 | 1.00 | 1.00 |      48.3 |        48.3 |          48.1 |       47.2 
       ij-ikl-ljk |    144 |   128 | 18432 | 1.00 | 1.00 |      42.4 |        42.4 |          39.8 |       34.0 
       ij-kil-lkj |    144 |   128 | 20736 | 1.00 | 1.00 |      40.4 |        40.4 |          38.2 |       31.0 
       ijk-ikl-lj |  18432 |   128 |   144 | 1.00 | 1.00 |      46.5 |        46.5 |          45.9 |       36.4 
       ijk-il-jlk |    144 | 18432 |   128 | 1.00 | 1.00 |      44.9 |        44.9 |          43.6 |       42.7 
       ijk-ilk-jl |  18432 |   144 |   128 | 1.00 | 1.00 |      48.8 |        48.8 |          48.2 |       39.3 
       ijk-ilk-lj |  18432 |   128 |   144 | 1.00 | 1.00 |      47.5 |        47.5 |          46.8 |       38.1 
     ijk-ilmk-mjl |   1920 |    40 |  1920 | 1.00 | 1.00 |      41.7 |        41.7 |          40.3 |       28.2 
   ijkl-imjn-lnkm |   1920 |  1920 |  1600 | 1.00 | 0.90 |      48.1 |        48.0 |          47.7 |       45.7 
   ijkl-imjn-nlmk |   1920 |  1600 |  1920 | 1.00 | 0.90 |      47.9 |        48.0 |          47.6 |       45.2 
   ijkl-imkn-jnlm |   1920 |  1920 |  1600 | 1.00 | 1.00 |      48.4 |        48.3 |          47.8 |       45.3 
   ijkl-imkn-njml |   1920 |  1600 |  1920 | 1.00 | 0.90 |      48.3 |        48.3 |          47.8 |       44.8 
   ijkl-imln-jnkm |   1920 |  1920 |  1600 | 1.00 | 1.00 |      48.5 |        48.5 |          47.9 |       45.2 
   ijkl-imln-njmk |   1920 |  1600 |  1920 | 1.00 | 0.90 |      48.5 |        48.5 |          47.7 |       45.3 
   ijkl-imnj-nlkm |   1920 |  1600 |  1920 | 1.00 | 0.90 |      48.0 |        48.0 |          47.6 |       45.3 
   ijkl-imnk-njml |   1920 |  1600 |  1920 | 1.00 | 0.90 |      48.3 |        48.3 |          47.8 |       45.1 
   ijkl-minj-nlmk |   1920 |  1600 |  2304 | 1.00 | 0.90 |      47.3 |        47.3 |          46.7 |       45.2 
   ijkl-mink-jnlm |   1920 |  1920 |  1920 | 1.00 | 1.00 |      47.7 |        47.7 |          47.1 |       45.9 
   ijkl-minl-njmk |   1920 |  1600 |  2304 | 1.00 | 0.90 |      47.7 |        47.6 |          47.1 |       45.4 
     aqrs-pa-pqrs |     48 | 64000 |    48 | 1.00 | 1.00 |      38.9 |        38.8 |          37.5 |       29.1 
     abrs-qb-aqrs |     40 | 76800 |    48 | 1.00 | 1.00 |      39.6 |        39.7 |          38.9 |       29.3 
     abcs-rc-abrs |     40 | 76800 |    48 | 1.00 | 1.00 |      39.2 |        39.2 |          37.9 |       29.5 
       abj-bka-kj |  20736 |   128 |   144 | 1.00 | 1.00 |      41.2 |        41.2 |          40.4 |       31.0 
       ajb-kba-jk |  18432 |   144 |   144 | 1.00 | 1.00 |      48.6 |        48.7 |          48.1 |       40.6 
     abjc-cbka-kj |  92160 |    40 |    48 | 1.00 | 1.00 |      19.1 |        19.1 |          18.8 |       22.7 
     ajbc-ckba-jk |  92160 |    48 |    40 | 1.00 | 1.00 |      25.7 |        25.7 |          25.0 |       33.2 
     abjc-kbac-jk |  76800 |    48 |    48 | 1.00 | 1.00 |      40.1 |        40.1 |          39.4 |       26.5 
   abjcd-dkbac-jk | 230400 |    24 |    20 | 0.67 | 1.00 |      21.1 |        21.1 |          19.8 |       19.3 
   adbjc-cbdka-kj | 230400 |    20 |    24 | 0.67 | 1.00 |      11.6 |        11.6 |          11.3 |       17.8 
   ajbdc-ckbad-jk | 230400 |    24 |    20 | 1.00 | 1.00 |      20.1 |        20.1 |          19.3 |       19.5 
 abcijk-ijma-mkbc |   6912 |  1728 |    24 | 1.00 | 1.00 |      43.8 |        43.8 |          42.3 |       37.6 
 abcijk-ijmb-mkac |   3456 |  3456 |    24 | 1.00 | 1.00 |      45.2 |        45.4 |          43.7 |       33.2 
 abcijk-ijmc-mkab |   3456 |  3456 |    24 | 1.00 | 1.00 |      44.2 |        44.3 |          43.0 |       39.4 
 abcijk-ikma-mjbc |   6912 |  1728 |    24 | 1.00 | 1.00 |      43.7 |        43.7 |          42.2 |       37.5 
 abcijk-ikmb-mjac |   3456 |  3456 |    24 | 1.00 | 1.00 |      45.2 |        45.1 |          43.8 |       35.1 
 abcijk-ikmc-mjab |   3456 |  3456 |    24 | 1.00 | 1.00 |      44.2 |        44.3 |          42.9 |       35.4 
 abcijk-jkma-mibc |   6912 |  1728 |    24 | 1.00 | 1.00 |      43.9 |        43.9 |          42.3 |       37.6 
 abcijk-jkmb-miac |   3456 |  3456 |    24 | 1.00 | 1.00 |      44.9 |        45.0 |          43.2 |       28.0 
 abcijk-jkmc-miab |   3456 |  3456 |    24 | 1.00 | 1.00 |      44.2 |        44.2 |          42.7 |       34.3 
 abcijk-eiab-jkec |   3456 |  3456 |    24 | 1.00 | 1.00 |      44.2 |        44.2 |          42.7 |       34.6 
 abcijk-eiac-jkeb |   3456 |  3456 |    24 | 1.00 | 1.00 |      45.0 |        45.0 |          43.3 |       28.0 
 abcijk-eibc-jkea |   1728 |  6912 |    24 | 1.00 | 1.00 |      43.9 |        43.9 |          42.3 |       37.5 
 abcijk-ejab-ikec |   3456 |  3456 |    24 | 1.00 | 1.00 |      44.2 |        44.2 |          42.9 |       35.4 
 abcijk-ejac-ikeb |   3456 |  3456 |    24 | 1.00 | 1.00 |      45.2 |        45.2 |          43.8 |       35.3 
 abcijk-ejbc-ikea |   1728 |  6912 |    24 | 1.00 | 1.00 |      43.7 |        43.8 |          42.1 |       37.5 
 abcijk-ekab-ijec |   3456 |  3456 |    24 | 1.00 | 1.00 |      44.2 |        44.2 |          43.0 |       39.4 
 abcijk-ekac-ijeb |   3456 |  3456 |    24 | 1.00 | 1.00 |      45.2 |        45.2 |          43.8 |       33.3 
 abcijk-ekbc-ijea |   1728 |  6912 |    24 | 1.00 | 1.00 |      43.8 |        43.9 |          42.3 |       37.5 
       abc-bk-akc |    144 | 18432 |   128 | 1.00 | 1.00 |      48.7 |        48.7 |          48.1 |       39.4 

=== complex efficiency ratio (c64 GF/s over f64 GF/s; 1.0 = no penalty) ===
             case | plan c64/f64 | packed c64/f64 | upstream c64/f64 | tblis c64/f64 
------------------+--------------+----------------+------------------+---------------
         ij-ik-kj |        1.284 |          0.990 |            1.008 |         1.023 
       ij-ikl-ljk |        1.117 |          1.117 |            1.082 |         1.228 
       ij-kil-lkj |        1.121 |          1.121 |            1.084 |         1.225 
       ijk-ikl-lj |        1.099 |          1.097 |            1.108 |         1.038 
       ijk-il-jlk |        1.187 |          1.181 |            1.201 |         1.168 
       ijk-ilk-jl |        1.099 |          1.096 |            1.084 |         1.084 
       ijk-ilk-lj |        1.078 |          1.076 |            1.058 |         1.118 
     ijk-ilmk-mjl |        1.022 |          1.024 |            1.012 |         1.279 
   ijkl-imjn-lnkm |        1.018 |          1.017 |            1.031 |         0.967 
   ijkl-imjn-nlmk |        1.013 |          1.013 |            1.032 |         0.987 
   ijkl-imkn-jnlm |        1.022 |          1.022 |            1.037 |         0.981 
   ijkl-imkn-njml |        1.020 |          1.020 |            1.028 |         0.974 
   ijkl-imln-jnkm |        1.026 |          1.025 |            1.040 |         0.982 
   ijkl-imln-njmk |        1.023 |          1.023 |            1.025 |         0.983 
   ijkl-imnj-nlkm |        1.017 |          1.017 |            1.030 |         0.980 
   ijkl-imnk-njml |        1.017 |          1.019 |            1.027 |         0.976 
   ijkl-minj-nlmk |        1.020 |          1.021 |            1.025 |         1.013 
   ijkl-mink-jnlm |        1.023 |          1.023 |            1.022 |         0.999 
   ijkl-minl-njmk |        1.023 |          1.022 |            1.038 |         0.995 
     aqrs-pa-pqrs |        0.955 |          1.176 |            1.258 |         1.548 
     abrs-qb-aqrs |        1.158 |          1.146 |            1.117 |         1.490 
     abcs-rc-abrs |        1.279 |          1.272 |            1.323 |         1.378 
       abj-bka-kj |        1.071 |          1.066 |            1.045 |         1.174 
       ajb-kba-jk |        1.140 |          1.142 |            1.126 |         1.087 
     abjc-cbka-kj |        1.956 |          1.958 |            1.999 |         1.680 
     ajbc-ckba-jk |        1.442 |          1.440 |            1.445 |         1.697 
     abjc-kbac-jk |        1.398 |          1.382 |            1.349 |         1.388 
   abjcd-dkbac-jk |        1.589 |          1.593 |            1.630 |         1.903 
   adbjc-cbdka-kj |        2.152 |          2.155 |            2.200 |         2.387 
   ajbdc-ckbad-jk |        1.513 |          1.518 |            1.589 |         1.833 
 abcijk-ijma-mkbc |        1.049 |          1.059 |            1.075 |         1.121 
 abcijk-ijmb-mkac |        1.099 |          1.114 |            1.113 |         1.373 
 abcijk-ijmc-mkab |        1.116 |          1.119 |            1.145 |         1.252 
 abcijk-ikma-mjbc |        1.062 |          1.062 |            1.070 |         1.115 
 abcijk-ikmb-mjac |        1.099 |          1.111 |            1.120 |         1.188 
 abcijk-ikmc-mjab |        1.116 |          1.120 |            1.146 |         1.392 
 abcijk-jkma-mibc |        1.039 |          1.051 |            1.061 |         1.118 
 abcijk-jkmb-miac |        1.100 |          1.103 |            1.117 |         1.705 
 abcijk-jkmc-miab |        1.109 |          1.109 |            1.130 |         1.583 
 abcijk-eiab-jkec |        1.111 |          1.110 |            1.126 |         1.593 
 abcijk-eiac-jkeb |        1.107 |          1.113 |            1.138 |         1.729 
 abcijk-eibc-jkea |        1.064 |          1.061 |            1.070 |         1.113 
 abcijk-ejab-ikec |        1.117 |          1.122 |            1.142 |         1.378 
 abcijk-ejac-ikeb |        1.096 |          1.106 |            1.134 |         1.193 
 abcijk-ejbc-ikea |        1.095 |          1.091 |            1.078 |         1.113 
 abcijk-ekab-ijec |        1.120 |          1.121 |            1.146 |         1.241 
 abcijk-ekac-ijeb |        1.099 |          1.107 |            1.121 |         1.380 
 abcijk-ekbc-ijea |        1.068 |          1.070 |            1.082 |         1.115 
       abc-bk-akc |        1.105 |          1.104 |            1.112 |         1.107 
             MEAN |        1.156 |          1.156 |            1.167 |         1.273 

wrote /home/shinaoka/projects/tensor4all/tprims-rs/benchmarks/benchmarks/tcbench/results/scaling-single-l3/baseline/A2-16m-1t.pending.csv
