# threads: requested=4 pool=4 budget=4
host        : shinaoka-EVO-X1Pro
target      : x86_64 / linux
cpu features: avx2 fma avx512f avx512dq 
caches      : L1=48KiB/12-way/2sh L2=1024KiB/16-way/2sh L3=16384KiB/16-way/8sh (via sysfs), blocking=legacy
l3 domains  : t1=1 t4=1 t8=2
baselines   : tblis=true blas=false
tblis       : abi 2.x, 4 thread(s)

running 49 cases at 1 MiB nominal tensor size, 5 reps, stress=none


=== f64 ===
             case |     m |    n |    k | regA | regB | plan GF/s | packed GF/s | upstream GF/s | tblis GF/s 
------------------+-------+------+------+------+------+-----------+-------------+---------------+------------
         ij-ik-kj |   384 |  364 |  384 | 0.00 | 0.00 |     144.7 |       133.9 |         120.8 |      104.9 
       ij-ikl-ljk |    72 |   52 | 3744 | 1.00 | 1.00 |      63.8 |        62.8 |          53.0 |       38.2 
       ij-kil-lkj |    72 |   52 | 5184 | 1.00 | 1.00 |      62.8 |        62.8 |          52.9 |       38.2 
       ijk-ikl-lj |  3744 |   52 |   72 | 1.00 | 1.00 |     112.8 |       114.0 |          83.7 |       69.0 
       ijk-il-jlk |    72 | 3744 |   52 | 1.00 | 1.00 |     108.6 |       116.9 |          94.8 |       76.9 
       ijk-ilk-jl |  3744 |   72 |   52 | 1.00 | 1.00 |     125.7 |       128.1 |          99.9 |       82.4 
       ijk-ilk-lj |  3744 |   52 |   72 | 1.00 | 1.00 |     132.9 |       135.1 |         101.1 |       84.1 
     ijk-ilmk-mjl |   480 |   20 |  480 | 1.00 | 1.00 |     115.0 |       116.1 |          51.7 |       53.3 
   ijkl-imjn-lnkm |   480 |  480 |  400 | 1.00 | 0.80 |     185.8 |       186.6 |         171.6 |      148.1 
   ijkl-imjn-nlmk |   480 |  400 |  480 | 1.00 | 0.80 |     188.8 |       192.0 |         176.5 |      151.9 
   ijkl-imkn-jnlm |   480 |  480 |  400 | 1.00 | 1.00 |     186.5 |       191.8 |         176.5 |      155.0 
   ijkl-imkn-njml |   480 |  400 |  480 | 1.00 | 0.80 |     193.2 |       193.2 |         179.4 |      149.0 
   ijkl-imln-jnkm |   480 |  480 |  400 | 1.00 | 1.00 |     186.9 |       192.1 |         172.3 |      155.5 
   ijkl-imln-njmk |   480 |  400 |  480 | 1.00 | 0.80 |     189.5 |       193.3 |         177.3 |      151.9 
   ijkl-imnj-nlkm |   480 |  400 |  480 | 1.00 | 0.80 |     192.0 |       192.3 |         179.3 |      153.1 
   ijkl-imnk-njml |   480 |  400 |  480 | 1.00 | 0.80 |     192.7 |       193.9 |         179.5 |      152.9 
   ijkl-minj-nlmk |   480 |  400 |  576 | 1.00 | 0.80 |     187.5 |       187.5 |         170.8 |      149.5 
   ijkl-mink-jnlm |   480 |  480 |  480 | 1.00 | 1.00 |     190.9 |       191.9 |         175.1 |      150.2 
   ijkl-minl-njmk |   480 |  400 |  576 | 1.00 | 0.80 |     186.2 |       189.8 |         176.4 |      152.0 
     aqrs-pa-pqrs |    24 | 8000 |   24 | 0.00 | 0.00 |      69.8 |       103.7 |          69.9 |       43.4 
     abrs-qb-aqrs |    20 | 9600 |   24 | 1.00 | 1.00 |     105.5 |       108.6 |          68.0 |       39.7 
     abcs-rc-abrs |    20 | 9600 |   24 | 1.00 | 1.00 |     104.6 |       106.6 |          62.0 |       40.3 
       abj-bka-kj |  5184 |   52 |   72 | 1.00 | 1.00 |     129.8 |       129.6 |         107.5 |       81.2 
       ajb-kba-jk |  3744 |   72 |   72 | 1.00 | 1.00 |     168.6 |       168.5 |         131.4 |      113.9 
     abjc-cbka-kj | 11520 |   20 |   24 | 1.00 | 1.00 |      50.3 |        53.7 |          38.9 |       39.2 
     ajbc-ckba-jk | 11520 |   24 |   20 | 1.00 | 1.00 |      81.3 |        84.1 |          54.9 |       43.6 
     abjc-kbac-jk |  9600 |   24 |   24 | 1.00 | 1.00 |     114.0 |       113.9 |          70.8 |       47.3 
   abjcd-dkbac-jk | 82944 |   24 |   12 | 1.00 | 1.00 |      36.5 |        39.7 |          35.1 |       23.3 
   adbjc-cbdka-kj | 82944 |   12 |   24 | 1.00 | 1.00 |       9.0 |         9.2 |           8.6 |       19.0 
   ajbdc-ckbad-jk | 82944 |   24 |   12 | 1.00 | 1.00 |      38.3 |        38.7 |          34.1 |       24.0 
 abcijk-ijma-mkbc |  4608 |  512 |   24 | 1.00 | 1.00 |     129.0 |       134.4 |         115.3 |      100.0 
 abcijk-ijmb-mkac |  1536 | 1536 |   24 | 1.00 | 1.00 |     148.3 |       149.8 |         128.5 |       65.7 
 abcijk-ijmc-mkab |  1536 | 1536 |   24 | 1.00 | 1.00 |     132.7 |       140.1 |         128.5 |       98.6 
 abcijk-ikma-mjbc |  4608 |  512 |   24 | 1.00 | 1.00 |      89.8 |       131.2 |         120.7 |      100.4 
 abcijk-ikmb-mjac |  1536 | 1536 |   24 | 1.00 | 1.00 |     112.7 |       150.8 |         129.5 |       94.8 
 abcijk-ikmc-mjab |  1536 | 1536 |   24 | 1.00 | 1.00 |     133.0 |       139.5 |         121.8 |       78.1 
 abcijk-jkma-mibc |  4608 |  512 |   24 | 1.00 | 1.00 |     133.4 |       132.1 |         115.1 |      110.4 
 abcijk-jkmb-miac |  1536 | 1536 |   24 | 1.00 | 1.00 |     148.5 |       145.1 |         131.2 |       61.5 
 abcijk-jkmc-miab |  1536 | 1536 |   24 | 1.00 | 1.00 |     132.3 |       141.7 |         122.6 |       82.8 
 abcijk-eiab-jkec |  1536 | 1536 |   24 | 1.00 | 1.00 |     134.7 |       139.9 |         124.9 |       81.9 
 abcijk-eiac-jkeb |  1536 | 1536 |   24 | 1.00 | 1.00 |     138.3 |       137.5 |         130.9 |       61.1 
 abcijk-eibc-jkea |   512 | 4608 |   24 | 1.00 | 1.00 |     133.2 |       135.2 |         117.5 |      111.2 
 abcijk-ejab-ikec |  1536 | 1536 |   24 | 1.00 | 1.00 |     136.3 |       136.3 |         121.1 |       81.7 
 abcijk-ejac-ikeb |  1536 | 1536 |   24 | 1.00 | 1.00 |     135.7 |       141.4 |         126.5 |       96.3 
 abcijk-ejbc-ikea |   512 | 4608 |   24 | 1.00 | 1.00 |     131.4 |       131.9 |         115.2 |       99.9 
 abcijk-ekab-ijec |  1536 | 1536 |   24 | 1.00 | 1.00 |     141.2 |       138.3 |         122.6 |       97.7 
 abcijk-ekac-ijeb |  1536 | 1536 |   24 | 1.00 | 1.00 |     147.1 |       148.5 |         125.5 |       63.3 
 abcijk-ekbc-ijea |   512 | 4608 |   24 | 1.00 | 1.00 |     134.5 |       128.2 |         123.1 |      100.1 
       abc-bk-akc |    72 | 3744 |   52 | 1.00 | 1.00 |     165.8 |       169.2 |         124.8 |      109.5 

=== c64 ===
             case |     m |    n |    k | regA | regB | plan GF/s | packed GF/s | upstream GF/s | tblis GF/s 
------------------+-------+------+------+------+------+-----------+-------------+---------------+------------
         ij-ik-kj |   384 |  364 |  384 | 1.00 | 1.00 |     137.8 |       137.8 |         131.9 |      125.7 
       ij-ikl-ljk |    72 |   52 | 3744 | 1.00 | 1.00 |      64.9 |        65.4 |          61.2 |       76.9 
       ij-kil-lkj |    72 |   52 | 5184 | 1.00 | 1.00 |      59.3 |        60.5 |          57.1 |       76.2 
       ijk-ikl-lj |  3744 |   52 |   72 | 1.00 | 1.00 |     122.5 |       124.0 |         114.7 |       92.0 
       ijk-il-jlk |    72 | 3744 |   52 | 1.00 | 1.00 |      71.0 |        70.9 |          68.0 |      111.2 
       ijk-ilk-jl |  3744 |   72 |   52 | 0.89 | 1.00 |     138.4 |       136.4 |         128.3 |      117.4 
       ijk-ilk-lj |  3744 |   52 |   72 | 0.89 | 1.00 |     154.5 |       157.2 |         144.9 |      122.6 
     ijk-ilmk-mjl |   480 |   20 |  480 | 0.67 | 1.00 |     129.9 |       129.8 |         110.7 |      112.2 
   ijkl-imjn-lnkm |   480 |  480 |  400 | 0.67 | 0.80 |     113.4 |       172.0 |         168.1 |      165.9 
   ijkl-imjn-nlmk |   480 |  400 |  480 | 0.67 | 0.81 |     121.0 |       173.3 |         170.4 |      164.4 
   ijkl-imkn-jnlm |   480 |  480 |  400 | 0.67 | 1.00 |     175.5 |       174.4 |         169.4 |      167.8 
   ijkl-imkn-njml |   480 |  400 |  480 | 0.67 | 0.81 |     176.1 |       175.3 |         171.9 |      166.1 
   ijkl-imln-jnkm |   480 |  480 |  400 | 0.67 | 1.00 |     172.5 |       175.3 |         170.0 |      167.3 
   ijkl-imln-njmk |   480 |  400 |  480 | 0.67 | 0.81 |     175.9 |       176.0 |         171.9 |      169.7 
   ijkl-imnj-nlkm |   480 |  400 |  480 | 0.67 | 0.81 |     174.7 |       176.9 |         171.3 |      170.8 
   ijkl-imnk-njml |   480 |  400 |  480 | 0.67 | 0.81 |     175.9 |       174.8 |         171.5 |      171.0 
   ijkl-minj-nlmk |   480 |  400 |  576 | 0.67 | 0.81 |     171.0 |       169.2 |         164.5 |      161.1 
   ijkl-mink-jnlm |   480 |  480 |  480 | 0.67 | 1.00 |     173.2 |       172.9 |         169.9 |      168.3 
   ijkl-minl-njmk |   480 |  400 |  576 | 0.67 | 0.81 |     170.8 |       171.1 |         166.3 |      165.8 
     aqrs-pa-pqrs |    24 | 8000 |   24 | 1.00 | 1.00 |     103.5 |       101.7 |          88.8 |       92.1 
     abrs-qb-aqrs |    20 | 9600 |   24 | 1.00 | 1.00 |     148.4 |       149.9 |         118.4 |       80.4 
     abcs-rc-abrs |    20 | 9600 |   24 | 1.00 | 1.00 |     131.6 |       130.4 |         104.3 |       80.0 
       abj-bka-kj |  5184 |   52 |   72 | 0.89 | 1.00 |     153.6 |       152.0 |         144.6 |       99.5 
       ajb-kba-jk |  3744 |   72 |   72 | 0.89 | 1.00 |     178.5 |       173.0 |         160.1 |      125.9 
     abjc-cbka-kj | 11520 |   20 |   24 | 0.67 | 1.00 |      97.3 |        96.0 |          80.5 |       70.7 
     ajbc-ckba-jk | 11520 |   24 |   20 | 1.00 | 1.00 |     105.4 |       105.9 |          84.9 |       77.8 
     abjc-kbac-jk |  9600 |   24 |   24 | 0.67 | 1.00 |     147.0 |       147.2 |         119.6 |       84.9 
   abjcd-dkbac-jk | 82944 |   24 |   12 | 0.67 | 1.00 |      62.2 |        61.7 |          57.7 |       47.7 
   adbjc-cbdka-kj | 82944 |   12 |   24 | 0.67 | 1.00 |      29.4 |        30.3 |          29.2 |       33.0 
   ajbdc-ckbad-jk | 82944 |   24 |   12 | 1.00 | 1.00 |      62.2 |        59.9 |          55.1 |       49.5 
 abcijk-ijma-mkbc |  4608 |  512 |   24 | 1.00 | 0.97 |     156.7 |       156.7 |         149.0 |      124.3 
 abcijk-ijmb-mkac |  1536 | 1536 |   24 | 1.00 | 0.75 |     170.1 |       170.9 |         160.9 |      113.7 
 abcijk-ijmc-mkab |  1536 | 1536 |   24 | 1.00 | 0.50 |     165.0 |       165.6 |         160.5 |      135.9 
 abcijk-ikma-mjbc |  4608 |  512 |   24 | 1.00 | 0.97 |     156.1 |       157.2 |         149.3 |      124.5 
 abcijk-ikmb-mjac |  1536 | 1536 |   24 | 1.00 | 0.75 |     168.3 |       168.2 |         160.4 |      123.9 
 abcijk-ikmc-mjab |  1536 | 1536 |   24 | 1.00 | 0.50 |     165.0 |       167.4 |         158.9 |      124.5 
 abcijk-jkma-mibc |  4608 |  512 |   24 | 1.00 | 0.97 |     157.1 |       156.2 |         148.7 |      135.8 
 abcijk-jkmb-miac |  1536 | 1536 |   24 | 1.00 | 0.75 |     168.1 |       166.0 |         160.3 |      104.9 
 abcijk-jkmc-miab |  1536 | 1536 |   24 | 1.00 | 0.50 |     161.9 |       164.7 |         155.8 |      124.7 
 abcijk-eiab-jkec |  1536 | 1536 |   24 | 1.00 | 0.50 |     165.0 |       164.2 |         155.0 |      122.9 
 abcijk-eiac-jkeb |  1536 | 1536 |   24 | 1.00 | 0.75 |     167.7 |       167.3 |         160.2 |      104.1 
 abcijk-eibc-jkea |   512 | 4608 |   24 | 1.00 | 0.97 |     156.6 |       155.8 |         150.4 |      135.0 
 abcijk-ejab-ikec |  1536 | 1536 |   24 | 1.00 | 0.50 |     166.2 |       160.5 |         159.7 |      126.2 
 abcijk-ejac-ikeb |  1536 | 1536 |   24 | 1.00 | 0.75 |     168.5 |       166.7 |         159.8 |      123.7 
 abcijk-ejbc-ikea |   512 | 4608 |   24 | 1.00 | 0.97 |     158.2 |       156.7 |         151.4 |      125.4 
 abcijk-ekab-ijec |  1536 | 1536 |   24 | 1.00 | 0.50 |     167.1 |       167.6 |         159.2 |      135.2 
 abcijk-ekac-ijeb |  1536 | 1536 |   24 | 1.00 | 0.75 |     169.6 |       168.3 |         159.5 |      113.5 
 abcijk-ekbc-ijea |   512 | 4608 |   24 | 1.00 | 0.97 |     141.4 |       157.6 |         149.5 |      124.1 
       abc-bk-akc |    72 | 3744 |   52 | 0.89 | 1.00 |     179.2 |       177.5 |         165.8 |      145.2 

=== complex efficiency ratio (c64 GF/s over f64 GF/s; 1.0 = no penalty) ===
             case | plan c64/f64 | packed c64/f64 | upstream c64/f64 | tblis c64/f64 
------------------+--------------+----------------+------------------+---------------
         ij-ik-kj |        0.953 |          1.029 |            1.092 |         1.198 
       ij-ikl-ljk |        1.017 |          1.043 |            1.156 |         2.014 
       ij-kil-lkj |        0.944 |          0.963 |            1.079 |         1.993 
       ijk-ikl-lj |        1.085 |          1.088 |            1.370 |         1.334 
       ijk-il-jlk |        0.654 |          0.607 |            0.717 |         1.447 
       ijk-ilk-jl |        1.101 |          1.064 |            1.284 |         1.425 
       ijk-ilk-lj |        1.162 |          1.164 |            1.433 |         1.459 
     ijk-ilmk-mjl |        1.129 |          1.118 |            2.140 |         2.107 
   ijkl-imjn-lnkm |        0.611 |          0.922 |            0.979 |         1.121 
   ijkl-imjn-nlmk |        0.641 |          0.902 |            0.966 |         1.082 
   ijkl-imkn-jnlm |        0.941 |          0.909 |            0.960 |         1.083 
   ijkl-imkn-njml |        0.911 |          0.908 |            0.958 |         1.115 
   ijkl-imln-jnkm |        0.923 |          0.913 |            0.987 |         1.076 
   ijkl-imln-njmk |        0.928 |          0.911 |            0.970 |         1.117 
   ijkl-imnj-nlkm |        0.910 |          0.920 |            0.955 |         1.115 
   ijkl-imnk-njml |        0.913 |          0.902 |            0.955 |         1.119 
   ijkl-minj-nlmk |        0.912 |          0.902 |            0.963 |         1.078 
   ijkl-mink-jnlm |        0.907 |          0.901 |            0.970 |         1.120 
   ijkl-minl-njmk |        0.917 |          0.901 |            0.943 |         1.091 
     aqrs-pa-pqrs |        1.482 |          0.981 |            1.270 |         2.124 
     abrs-qb-aqrs |        1.407 |          1.381 |            1.742 |         2.025 
     abcs-rc-abrs |        1.258 |          1.223 |            1.682 |         1.985 
       abj-bka-kj |        1.183 |          1.173 |            1.345 |         1.225 
       ajb-kba-jk |        1.059 |          1.027 |            1.218 |         1.106 
     abjc-cbka-kj |        1.934 |          1.788 |            2.071 |         1.802 
     ajbc-ckba-jk |        1.296 |          1.259 |            1.547 |         1.784 
     abjc-kbac-jk |        1.289 |          1.292 |            1.689 |         1.793 
   abjcd-dkbac-jk |        1.704 |          1.554 |            1.643 |         2.046 
   adbjc-cbdka-kj |        3.279 |          3.302 |            3.380 |         1.736 
   ajbdc-ckbad-jk |        1.622 |          1.549 |            1.617 |         2.060 
 abcijk-ijma-mkbc |        1.215 |          1.166 |            1.292 |         1.243 
 abcijk-ijmb-mkac |        1.148 |          1.141 |            1.252 |         1.731 
 abcijk-ijmc-mkab |        1.244 |          1.182 |            1.249 |         1.378 
 abcijk-ikma-mjbc |        1.737 |          1.198 |            1.237 |         1.240 
 abcijk-ikmb-mjac |        1.493 |          1.115 |            1.238 |         1.307 
 abcijk-ikmc-mjab |        1.240 |          1.200 |            1.304 |         1.594 
 abcijk-jkma-mibc |        1.178 |          1.182 |            1.292 |         1.230 
 abcijk-jkmb-miac |        1.132 |          1.144 |            1.221 |         1.706 
 abcijk-jkmc-miab |        1.224 |          1.162 |            1.271 |         1.506 
 abcijk-eiab-jkec |        1.225 |          1.174 |            1.241 |         1.501 
 abcijk-eiac-jkeb |        1.212 |          1.217 |            1.224 |         1.705 
 abcijk-eibc-jkea |        1.176 |          1.152 |            1.280 |         1.213 
 abcijk-ejab-ikec |        1.219 |          1.178 |            1.319 |         1.544 
 abcijk-ejac-ikeb |        1.242 |          1.178 |            1.263 |         1.285 
 abcijk-ejbc-ikea |        1.204 |          1.188 |            1.314 |         1.255 
 abcijk-ekab-ijec |        1.184 |          1.212 |            1.299 |         1.384 
 abcijk-ekac-ijeb |        1.153 |          1.134 |            1.271 |         1.794 
 abcijk-ekbc-ijea |        1.051 |          1.229 |            1.214 |         1.240 
       abc-bk-akc |        1.081 |          1.049 |            1.329 |         1.326 
             MEAN |        1.192 |          1.159 |            1.310 |         1.469 

wrote /home/shinaoka/projects/tensor4all/tprims-rs/benchmarks/benchmarks/tcbench/results/scaling-single-l3/baseline/A2-1m-4t.pending.csv
