# threads: requested=8 pool=8 budget=8
host        : shinaoka-EVO-X1Pro
target      : x86_64 / linux
cpu features: avx2 fma avx512f avx512dq 
caches      : L1=48KiB/12-way/2sh L2=1024KiB/16-way/2sh L3=16384KiB/16-way/8sh (via sysfs), blocking=legacy
l3 domains  : t1=1 t4=1 t8=2 t16=4
baselines   : tblis=true blas=false
tblis       : abi 2.x, 8 thread(s)

running 49 cases at 1 MiB nominal tensor size, 5 reps, stress=none


=== f64 ===
             case |     m |    n |    k | regA | regB | plan GF/s | packed GF/s | upstream GF/s | tblis GF/s 
------------------+-------+------+------+------+------+-----------+-------------+---------------+------------
         ij-ik-kj |   384 |  364 |  384 | 0.00 | 0.00 |     241.2 |       255.6 |         169.5 |      176.6 
       ij-ikl-ljk |    72 |   52 | 3744 | 1.00 | 1.00 |      89.1 |        94.0 |          69.0 |       48.2 
       ij-kil-lkj |    72 |   52 | 5184 | 1.00 | 1.00 |      87.1 |        89.4 |          68.9 |       48.3 
       ijk-ikl-lj |  3744 |   52 |   72 | 1.00 | 1.00 |     201.6 |       199.9 |         103.2 |      118.9 
       ijk-il-jlk |    72 | 3744 |   52 | 1.00 | 1.00 |     219.2 |       218.2 |         120.8 |      129.2 
       ijk-ilk-jl |  3744 |   72 |   52 | 1.00 | 1.00 |     111.1 |       112.0 |          80.3 |      131.5 
       ijk-ilk-lj |  3744 |   52 |   72 | 1.00 | 1.00 |     191.8 |       201.8 |         113.7 |      118.2 
     ijk-ilmk-mjl |   480 |   20 |  480 | 1.00 | 1.00 |     118.5 |       117.3 |          46.4 |       58.2 
   ijkl-imjn-lnkm |   480 |  480 |  400 | 1.00 | 0.80 |     214.5 |       214.2 |         186.0 |      185.5 
   ijkl-imjn-nlmk |   480 |  400 |  480 | 1.00 | 0.80 |     242.9 |       248.1 |         215.4 |      220.8 
   ijkl-imkn-jnlm |   480 |  480 |  400 | 1.00 | 1.00 |     304.8 |       307.5 |         263.2 |      267.4 
   ijkl-imkn-njml |   480 |  400 |  480 | 1.00 | 0.80 |     312.3 |       315.1 |         270.7 |      264.4 
   ijkl-imln-jnkm |   480 |  480 |  400 | 1.00 | 1.00 |     312.8 |       312.3 |         263.8 |      268.2 
   ijkl-imln-njmk |   480 |  400 |  480 | 1.00 | 0.80 |     312.0 |       313.4 |         267.8 |      264.8 
   ijkl-imnj-nlkm |   480 |  400 |  480 | 1.00 | 0.80 |     308.8 |       314.3 |         265.6 |      263.3 
   ijkl-imnk-njml |   480 |  400 |  480 | 1.00 | 0.80 |     299.7 |       312.5 |         271.5 |      265.1 
   ijkl-minj-nlmk |   480 |  400 |  576 | 1.00 | 0.80 |     303.4 |       305.3 |         258.8 |      259.3 
   ijkl-mink-jnlm |   480 |  480 |  480 | 1.00 | 1.00 |     306.7 |       309.6 |         268.9 |      263.7 
   ijkl-minl-njmk |   480 |  400 |  576 | 1.00 | 0.80 |     303.2 |       309.5 |         267.9 |      262.5 
     aqrs-pa-pqrs |    24 | 8000 |   24 | 0.00 | 0.00 |     214.9 |       105.2 |          74.1 |       62.3 
     abrs-qb-aqrs |    20 | 9600 |   24 | 1.00 | 1.00 |      88.9 |        87.7 |          60.3 |       57.4 
     abcs-rc-abrs |    20 | 9600 |   24 | 1.00 | 1.00 |     157.5 |       167.1 |          58.1 |       57.7 
       abj-bka-kj |  5184 |   52 |   72 | 1.00 | 1.00 |     243.7 |       246.0 |         132.7 |      154.5 
       ajb-kba-jk |  3744 |   72 |   72 | 1.00 | 1.00 |     289.0 |       295.8 |         177.2 |      196.3 
     abjc-cbka-kj | 11520 |   20 |   24 | 1.00 | 1.00 |      70.1 |        67.7 |          41.7 |       57.9 
     ajbc-ckba-jk | 11520 |   24 |   20 | 1.00 | 1.00 |     130.1 |       130.9 |          58.0 |       62.4 
     abjc-kbac-jk |  9600 |   24 |   24 | 1.00 | 1.00 |      27.8 |       174.3 |          71.4 |       68.2 
   abjcd-dkbac-jk | 82944 |   24 |   12 | 1.00 | 1.00 |      46.4 |        52.2 |          43.4 |       31.5 
   adbjc-cbdka-kj | 82944 |   12 |   24 | 1.00 | 1.00 |      15.5 |        16.2 |          14.4 |       22.7 
   ajbdc-ckbad-jk | 82944 |   24 |   12 | 1.00 | 1.00 |      48.8 |        47.7 |          40.7 |       32.3 
 abcijk-ijma-mkbc |  4608 |  512 |   24 | 1.00 | 1.00 |     148.2 |       157.1 |         136.6 |      160.3 
 abcijk-ijmb-mkac |  1536 | 1536 |   24 | 1.00 | 1.00 |     198.4 |       213.8 |         169.9 |      100.9 
 abcijk-ijmc-mkab |  1536 | 1536 |   24 | 1.00 | 1.00 |     190.7 |       206.4 |         170.1 |      130.3 
 abcijk-ikma-mjbc |  4608 |  512 |   24 | 1.00 | 1.00 |     145.3 |       155.3 |         140.1 |      158.6 
 abcijk-ikmb-mjac |  1536 | 1536 |   24 | 1.00 | 1.00 |     197.1 |       207.4 |         175.8 |      126.8 
 abcijk-ikmc-mjab |  1536 | 1536 |   24 | 1.00 | 1.00 |     191.2 |       216.2 |         162.9 |      105.6 
 abcijk-jkma-mibc |  4608 |  512 |   24 | 1.00 | 1.00 |     152.0 |       136.2 |         132.4 |      173.6 
 abcijk-jkmb-miac |  1536 | 1536 |   24 | 1.00 | 1.00 |     215.7 |       220.3 |         174.2 |      105.2 
 abcijk-jkmc-miab |  1536 | 1536 |   24 | 1.00 | 1.00 |     201.5 |       198.9 |         164.5 |      112.6 
 abcijk-eiab-jkec |  1536 | 1536 |   24 | 1.00 | 1.00 |     199.3 |       199.1 |         171.1 |      122.6 
 abcijk-eiac-jkeb |  1536 | 1536 |   24 | 1.00 | 1.00 |     199.7 |       209.6 |         166.6 |      103.1 
 abcijk-eibc-jkea |   512 | 4608 |   24 | 1.00 | 1.00 |     149.3 |       151.2 |         139.2 |      164.4 
 abcijk-ejab-ikec |  1536 | 1536 |   24 | 1.00 | 1.00 |     190.6 |       217.4 |         161.4 |      112.9 
 abcijk-ejac-ikeb |  1536 | 1536 |   24 | 1.00 | 1.00 |     204.1 |       213.5 |         172.4 |      139.8 
 abcijk-ejbc-ikea |   512 | 4608 |   24 | 1.00 | 1.00 |     151.2 |       156.2 |         137.0 |      166.4 
 abcijk-ekab-ijec |  1536 | 1536 |   24 | 1.00 | 1.00 |     204.3 |       233.9 |         171.4 |      135.9 
 abcijk-ekac-ijeb |  1536 | 1536 |   24 | 1.00 | 1.00 |     207.2 |       217.6 |         169.7 |      104.4 
 abcijk-ekbc-ijea |   512 | 4608 |   24 | 1.00 | 1.00 |     135.4 |       153.0 |         132.2 |      165.0 
       abc-bk-akc |    72 | 3744 |   52 | 1.00 | 1.00 |     117.3 |       156.9 |         108.2 |      182.5 

=== c64 ===
             case |     m |    n |    k | regA | regB | plan GF/s | packed GF/s | upstream GF/s | tblis GF/s 
------------------+-------+------+------+------+------+-----------+-------------+---------------+------------
         ij-ik-kj |   384 |  364 |  384 | 1.00 | 1.00 |     271.9 |       272.2 |         242.6 |      235.2 
       ij-ikl-ljk |    72 |   52 | 3744 | 1.00 | 1.00 |     117.1 |       114.8 |         102.6 |      115.6 
       ij-kil-lkj |    72 |   52 | 5184 | 1.00 | 1.00 |     105.1 |       104.5 |          91.7 |      111.0 
       ijk-ikl-lj |  3744 |   52 |   72 | 1.00 | 1.00 |     242.1 |       240.1 |         189.1 |      184.3 
       ijk-il-jlk |    72 | 3744 |   52 | 1.00 | 1.00 |     221.9 |       221.6 |         183.6 |      203.3 
       ijk-ilk-jl |  3744 |   72 |   52 | 0.89 | 1.00 |     163.7 |       163.9 |         135.5 |      203.6 
       ijk-ilk-lj |  3744 |   52 |   72 | 0.89 | 1.00 |     243.3 |       240.8 |         188.5 |      185.4 
     ijk-ilmk-mjl |   480 |   20 |  480 | 0.67 | 1.00 |     169.0 |       171.7 |         107.1 |      137.1 
   ijkl-imjn-lnkm |   480 |  480 |  400 | 0.67 | 0.80 |     244.6 |       244.3 |         230.1 |      228.1 
   ijkl-imjn-nlmk |   480 |  400 |  480 | 0.67 | 0.81 |     301.0 |       301.3 |         286.5 |      301.3 
   ijkl-imkn-jnlm |   480 |  480 |  400 | 0.67 | 1.00 |     342.2 |       341.6 |         311.7 |      293.6 
   ijkl-imkn-njml |   480 |  400 |  480 | 0.67 | 0.81 |     334.5 |       341.2 |         320.2 |      309.1 
   ijkl-imln-jnkm |   480 |  480 |  400 | 0.67 | 1.00 |     334.0 |       339.7 |         312.7 |      297.1 
   ijkl-imln-njmk |   480 |  400 |  480 | 0.67 | 0.81 |     343.1 |       342.0 |         321.4 |      316.8 
   ijkl-imnj-nlkm |   480 |  400 |  480 | 0.67 | 0.81 |     338.1 |       342.5 |         319.0 |      313.0 
   ijkl-imnk-njml |   480 |  400 |  480 | 0.67 | 0.81 |     341.2 |       341.8 |         321.2 |      317.4 
   ijkl-minj-nlmk |   480 |  400 |  576 | 0.67 | 0.81 |     332.5 |       328.7 |         307.0 |      299.2 
   ijkl-mink-jnlm |   480 |  480 |  480 | 0.67 | 1.00 |     340.4 |       340.8 |         319.7 |      304.8 
   ijkl-minl-njmk |   480 |  400 |  576 | 0.67 | 0.81 |     331.9 |       335.6 |         313.1 |      308.8 
     aqrs-pa-pqrs |    24 | 8000 |   24 | 1.00 | 1.00 |     172.8 |       169.4 |         126.4 |      150.8 
     abrs-qb-aqrs |    20 | 9600 |   24 | 1.00 | 1.00 |     274.0 |       274.3 |         140.7 |      141.4 
     abcs-rc-abrs |    20 | 9600 |   24 | 1.00 | 1.00 |     243.5 |       242.4 |         145.3 |      138.4 
       abj-bka-kj |  5184 |   52 |   72 | 0.89 | 1.00 |     304.0 |       301.9 |         241.7 |      192.7 
       ajb-kba-jk |  3744 |   72 |   72 | 0.89 | 1.00 |     344.6 |       352.2 |         274.4 |      267.9 
     abjc-cbka-kj | 11520 |   20 |   24 | 0.67 | 1.00 |     172.6 |       176.5 |         115.2 |      129.2 
     ajbc-ckba-jk | 11520 |   24 |   20 | 1.00 | 1.00 |      39.8 |        40.0 |          30.4 |      131.3 
     abjc-kbac-jk |  9600 |   24 |   24 | 0.67 | 1.00 |     256.3 |       281.3 |         155.3 |      160.2 
   abjcd-dkbac-jk | 82944 |   24 |   12 | 0.67 | 1.00 |      84.3 |        84.3 |          79.0 |       64.1 
   adbjc-cbdka-kj | 82944 |   12 |   24 | 0.67 | 1.00 |      49.9 |        50.9 |          49.3 |       42.6 
   ajbdc-ckbad-jk | 82944 |   24 |   12 | 1.00 | 1.00 |      51.1 |        49.9 |          46.7 |       69.4 
 abcijk-ijma-mkbc |  4608 |  512 |   24 | 1.00 | 0.97 |     159.6 |       166.2 |         155.7 |      207.7 
 abcijk-ijmb-mkac |  1536 | 1536 |   24 | 1.00 | 0.75 |     257.8 |       258.3 |         237.5 |      167.2 
 abcijk-ijmc-mkab |  1536 | 1536 |   24 | 1.00 | 0.50 |     254.3 |       252.7 |         244.8 |      207.0 
 abcijk-ikma-mjbc |  4608 |  512 |   24 | 1.00 | 0.97 |     158.1 |       154.8 |         156.7 |      205.5 
 abcijk-ikmb-mjac |  1536 | 1536 |   24 | 1.00 | 0.75 |     257.6 |       253.4 |         237.5 |      186.2 
 abcijk-ikmc-mjab |  1536 | 1536 |   24 | 1.00 | 0.50 |     255.0 |       262.3 |         243.1 |      178.9 
 abcijk-jkma-mibc |  4608 |  512 |   24 | 1.00 | 0.97 |     156.5 |       155.6 |         146.7 |      223.4 
 abcijk-jkmb-miac |  1536 | 1536 |   24 | 1.00 | 0.75 |     258.9 |       258.7 |         236.2 |      153.6 
 abcijk-jkmc-miab |  1536 | 1536 |   24 | 1.00 | 0.50 |     267.6 |       256.0 |         246.1 |      190.5 
 abcijk-eiab-jkec |  1536 | 1536 |   24 | 1.00 | 0.50 |     267.3 |       260.0 |         238.9 |      188.9 
 abcijk-eiac-jkeb |  1536 | 1536 |   24 | 1.00 | 0.75 |     259.5 |       259.7 |         247.0 |      153.2 
 abcijk-eibc-jkea |   512 | 4608 |   24 | 1.00 | 0.97 |     158.5 |       155.0 |         159.0 |      223.3 
 abcijk-ejab-ikec |  1536 | 1536 |   24 | 1.00 | 0.50 |     266.4 |       272.9 |         238.2 |      180.1 
 abcijk-ejac-ikeb |  1536 | 1536 |   24 | 1.00 | 0.75 |     259.4 |       258.6 |         236.3 |      185.2 
 abcijk-ejbc-ikea |   512 | 4608 |   24 | 1.00 | 0.97 |     159.3 |       155.4 |         150.2 |      208.5 
 abcijk-ekab-ijec |  1536 | 1536 |   24 | 1.00 | 0.50 |     271.3 |       270.2 |         246.7 |      211.1 
 abcijk-ekac-ijeb |  1536 | 1536 |   24 | 1.00 | 0.75 |     259.6 |       262.2 |         237.7 |      167.1 
 abcijk-ekbc-ijea |   512 | 4608 |   24 | 1.00 | 0.97 |     158.7 |       160.1 |         156.0 |      206.4 
       abc-bk-akc |    72 | 3744 |   52 | 0.89 | 1.00 |     225.5 |       225.0 |         189.5 |      283.9 

=== complex efficiency ratio (c64 GF/s over f64 GF/s; 1.0 = no penalty) ===
             case | plan c64/f64 | packed c64/f64 | upstream c64/f64 | tblis c64/f64 
------------------+--------------+----------------+------------------+---------------
         ij-ik-kj |        1.127 |          1.065 |            1.431 |         1.332 
       ij-ikl-ljk |        1.314 |          1.222 |            1.486 |         2.397 
       ij-kil-lkj |        1.207 |          1.169 |            1.331 |         2.298 
       ijk-ikl-lj |        1.201 |          1.201 |            1.832 |         1.550 
       ijk-il-jlk |        1.012 |          1.016 |            1.520 |         1.574 
       ijk-ilk-jl |        1.474 |          1.463 |            1.686 |         1.547 
       ijk-ilk-lj |        1.268 |          1.193 |            1.659 |         1.568 
     ijk-ilmk-mjl |        1.426 |          1.463 |            2.306 |         2.356 
   ijkl-imjn-lnkm |        1.140 |          1.140 |            1.237 |         1.229 
   ijkl-imjn-nlmk |        1.239 |          1.214 |            1.330 |         1.365 
   ijkl-imkn-jnlm |        1.123 |          1.111 |            1.184 |         1.098 
   ijkl-imkn-njml |        1.071 |          1.083 |            1.183 |         1.169 
   ijkl-imln-jnkm |        1.068 |          1.088 |            1.186 |         1.108 
   ijkl-imln-njmk |        1.100 |          1.091 |            1.200 |         1.197 
   ijkl-imnj-nlkm |        1.095 |          1.090 |            1.201 |         1.189 
   ijkl-imnk-njml |        1.138 |          1.094 |            1.183 |         1.198 
   ijkl-minj-nlmk |        1.096 |          1.077 |            1.187 |         1.154 
   ijkl-mink-jnlm |        1.110 |          1.101 |            1.189 |         1.156 
   ijkl-minl-njmk |        1.095 |          1.084 |            1.169 |         1.176 
     aqrs-pa-pqrs |        0.804 |          1.611 |            1.706 |         2.419 
     abrs-qb-aqrs |        3.083 |          3.126 |            2.332 |         2.462 
     abcs-rc-abrs |        1.547 |          1.451 |            2.501 |         2.399 
       abj-bka-kj |        1.248 |          1.227 |            1.821 |         1.247 
       ajb-kba-jk |        1.192 |          1.191 |            1.548 |         1.365 
     abjc-cbka-kj |        2.461 |          2.609 |            2.764 |         2.231 
     ajbc-ckba-jk |        0.306 |          0.305 |            0.523 |         2.104 
     abjc-kbac-jk |        9.207 |          1.613 |            2.175 |         2.348 
   abjcd-dkbac-jk |        1.816 |          1.616 |            1.821 |         2.031 
   adbjc-cbdka-kj |        3.217 |          3.153 |            3.424 |         1.874 
   ajbdc-ckbad-jk |        1.047 |          1.046 |            1.148 |         2.147 
 abcijk-ijma-mkbc |        1.077 |          1.058 |            1.140 |         1.295 
 abcijk-ijmb-mkac |        1.299 |          1.208 |            1.398 |         1.658 
 abcijk-ijmc-mkab |        1.333 |          1.224 |            1.439 |         1.589 
 abcijk-ikma-mjbc |        1.089 |          0.997 |            1.119 |         1.296 
 abcijk-ikmb-mjac |        1.307 |          1.222 |            1.351 |         1.469 
 abcijk-ikmc-mjab |        1.333 |          1.214 |            1.492 |         1.693 
 abcijk-jkma-mibc |        1.029 |          1.142 |            1.108 |         1.287 
 abcijk-jkmb-miac |        1.200 |          1.175 |            1.356 |         1.460 
 abcijk-jkmc-miab |        1.328 |          1.287 |            1.496 |         1.692 
 abcijk-eiab-jkec |        1.341 |          1.306 |            1.396 |         1.541 
 abcijk-eiac-jkeb |        1.300 |          1.239 |            1.482 |         1.486 
 abcijk-eibc-jkea |        1.062 |          1.025 |            1.142 |         1.358 
 abcijk-ejab-ikec |        1.397 |          1.255 |            1.476 |         1.595 
 abcijk-ejac-ikeb |        1.271 |          1.211 |            1.371 |         1.325 
 abcijk-ejbc-ikea |        1.054 |          0.995 |            1.096 |         1.253 
 abcijk-ekab-ijec |        1.328 |          1.155 |            1.440 |         1.553 
 abcijk-ekac-ijeb |        1.253 |          1.205 |            1.401 |         1.600 
 abcijk-ekbc-ijea |        1.173 |          1.046 |            1.180 |         1.251 
       abc-bk-akc |        1.922 |          1.434 |            1.751 |         1.556 
             MEAN |        1.476 |          1.292 |            1.508 |         1.597 

wrote /home/shinaoka/projects/tensor4all/tprims-rs/benchmarks/benchmarks/tcbench/results/scaling-single-l3/baseline/A2-1m-8t.pending.csv
