# threads: requested=8 pool=8 budget=8
host        : shinaoka-EVO-X1Pro
target      : x86_64 / linux
cpu features: avx2 fma avx512f avx512dq 
caches      : L1=48KiB/12-way/2sh L2=1024KiB/16-way/2sh L3=16384KiB/16-way/8sh (via sysfs), blocking=legacy
l3 domains  : t1=1 t4=1 t8=2 t16=4
baselines   : tblis=true blas=false
tblis       : abi 2.x, 8 thread(s)

running 49 cases at 16 MiB nominal tensor size, 5 reps, stress=none


=== f64 ===
             case |      m |     n |     k | regA | regB | plan GF/s | packed GF/s | upstream GF/s | tblis GF/s 
------------------+--------+-------+-------+------+------+-----------+-------------+---------------+------------
         ij-ik-kj |   1464 |  1448 |  1464 | 0.00 | 0.00 |     283.3 |       254.2 |         247.2 |      324.4 
       ij-ikl-ljk |    144 |   128 | 18432 | 1.00 | 1.00 |     191.5 |       211.3 |         195.3 |      134.1 
       ij-kil-lkj |    144 |   128 | 20736 | 1.00 | 1.00 |     182.1 |       183.4 |         168.8 |      119.0 
       ijk-ikl-lj |  18432 |   128 |   144 | 1.00 | 1.00 |     271.2 |       280.7 |         263.5 |      167.6 
       ijk-il-jlk |    144 | 18432 |   128 | 1.00 | 1.00 |     290.4 |       293.1 |         271.4 |      261.8 
       ijk-ilk-jl |  18432 |   144 |   128 | 1.00 | 1.00 |     303.4 |       310.6 |         291.8 |      196.1 
       ijk-ilk-lj |  18432 |   128 |   144 | 1.00 | 1.00 |     293.8 |       309.8 |         288.3 |      188.1 
     ijk-ilmk-mjl |   1920 |    40 |  1920 | 1.00 | 1.00 |     170.2 |       217.2 |         194.9 |      151.8 
   ijkl-imjn-lnkm |   1920 |  1920 |  1600 | 1.00 | 1.00 |     331.2 |       331.9 |         322.9 |      334.2 
   ijkl-imjn-nlmk |   1920 |  1600 |  1920 | 1.00 | 1.00 |     327.2 |       327.3 |         319.9 |      327.5 
   ijkl-imkn-jnlm |   1920 |  1920 |  1600 | 1.00 | 1.00 |     349.8 |       347.9 |         342.3 |      322.8 
   ijkl-imkn-njml |   1920 |  1600 |  1920 | 1.00 | 1.00 |     346.4 |       343.3 |         343.5 |      326.1 
   ijkl-imln-jnkm |   1920 |  1920 |  1600 | 1.00 | 1.00 |     350.9 |       350.2 |         345.0 |      322.1 
   ijkl-imln-njmk |   1920 |  1600 |  1920 | 1.00 | 1.00 |     346.7 |       344.2 |         346.3 |      327.0 
   ijkl-imnj-nlkm |   1920 |  1600 |  1920 | 1.00 | 1.00 |     325.3 |       325.7 |         317.1 |      331.4 
   ijkl-imnk-njml |   1920 |  1600 |  1920 | 1.00 | 1.00 |     341.9 |       341.7 |         337.0 |      329.1 
   ijkl-minj-nlmk |   1920 |  1600 |  2304 | 1.00 | 1.00 |     325.2 |       325.3 |         316.0 |      312.1 
   ijkl-mink-jnlm |   1920 |  1920 |  1920 | 1.00 | 1.00 |     347.7 |       348.1 |         342.7 |      328.4 
   ijkl-minl-njmk |   1920 |  1600 |  2304 | 1.00 | 1.00 |     337.5 |       336.8 |         327.0 |      313.6 
     aqrs-pa-pqrs |     48 | 64000 |    48 | 0.00 | 0.00 |     195.4 |       175.7 |         164.4 |      106.8 
     abrs-qb-aqrs |     40 | 76800 |    48 | 1.00 | 1.00 |     186.4 |       195.7 |         176.7 |      105.6 
     abcs-rc-abrs |     40 | 76800 |    48 | 1.00 | 1.00 |     154.6 |       145.6 |         137.9 |       70.4 
       abj-bka-kj |  20736 |   128 |   144 | 1.00 | 1.00 |     178.8 |       179.3 |         169.9 |      118.1 
       ajb-kba-jk |  18432 |   144 |   144 | 1.00 | 1.00 |     277.3 |       283.7 |         264.8 |      200.3 
     abjc-cbka-kj |  92160 |    40 |    48 | 1.00 | 1.00 |      43.3 |        41.5 |          41.2 |       57.4 
     ajbc-ckba-jk |  92160 |    48 |    40 | 1.00 | 1.00 |      70.4 |        70.3 |          67.1 |       87.0 
     abjc-kbac-jk |  76800 |    48 |    48 | 1.00 | 1.00 |     147.6 |       146.8 |         136.8 |       75.2 
   abjcd-dkbac-jk | 230400 |    24 |    20 | 1.00 | 1.00 |      50.2 |        50.0 |          46.4 |       42.2 
   adbjc-cbdka-kj | 230400 |    20 |    24 | 1.00 | 1.00 |      27.6 |        27.4 |          26.3 |       22.2 
   ajbdc-ckbad-jk | 230400 |    24 |    20 | 1.00 | 1.00 |      50.1 |        50.0 |          46.2 |       46.8 
 abcijk-ijma-mkbc |   6912 |  1728 |    24 | 1.00 | 1.00 |     157.0 |       156.6 |         153.0 |      146.1 
 abcijk-ijmb-mkac |   3456 |  3456 |    24 | 1.00 | 0.67 |     163.6 |       161.5 |         152.7 |       83.3 
 abcijk-ijmc-mkab |   3456 |  3456 |    24 | 1.00 | 0.67 |     158.6 |       156.2 |         151.3 |      106.7 
 abcijk-ikma-mjbc |   6912 |  1728 |    24 | 1.00 | 1.00 |     158.2 |       156.3 |         153.0 |      148.2 
 abcijk-ikmb-mjac |   3456 |  3456 |    24 | 1.00 | 0.67 |     160.9 |       159.1 |         153.6 |      120.3 
 abcijk-ikmc-mjab |   3456 |  3456 |    24 | 1.00 | 0.67 |     156.3 |       156.1 |         153.3 |      104.9 
 abcijk-jkma-mibc |   6912 |  1728 |    24 | 1.00 | 1.00 |     155.2 |       155.4 |         151.8 |      149.3 
 abcijk-jkmb-miac |   3456 |  3456 |    24 | 1.00 | 0.67 |     160.8 |       160.4 |         151.6 |       78.3 
 abcijk-jkmc-miab |   3456 |  3456 |    24 | 1.00 | 0.67 |     157.6 |       157.6 |         152.9 |       85.7 
 abcijk-eiab-jkec |   3456 |  3456 |    24 | 1.00 | 0.67 |     156.5 |       157.0 |         152.9 |       85.2 
 abcijk-eiac-jkeb |   3456 |  3456 |    24 | 1.00 | 0.67 |     161.0 |       159.2 |         151.6 |       78.1 
 abcijk-eibc-jkea |   1728 |  6912 |    24 | 1.00 | 1.00 |     156.7 |       155.0 |         153.9 |      149.5 
 abcijk-ejab-ikec |   3456 |  3456 |    24 | 1.00 | 0.67 |     159.1 |       158.3 |         152.6 |      104.4 
 abcijk-ejac-ikeb |   3456 |  3456 |    24 | 1.00 | 0.67 |     158.9 |       159.9 |         151.0 |      119.9 
 abcijk-ejbc-ikea |   1728 |  6912 |    24 | 1.00 | 1.00 |     156.4 |       156.3 |         155.0 |      148.3 
 abcijk-ekab-ijec |   3456 |  3456 |    24 | 1.00 | 0.67 |     160.0 |       158.5 |         153.0 |      107.2 
 abcijk-ekac-ijeb |   3456 |  3456 |    24 | 1.00 | 0.67 |     161.0 |       159.0 |         151.9 |       82.7 
 abcijk-ekbc-ijea |   1728 |  6912 |    24 | 1.00 | 1.00 |     157.5 |       155.7 |         153.1 |      145.7 
       abc-bk-akc |    144 | 18432 |   128 | 1.00 | 1.00 |     296.5 |       306.3 |         292.0 |      194.2 

=== c64 ===
             case |      m |     n |     k | regA | regB | plan GF/s | packed GF/s | upstream GF/s | tblis GF/s 
------------------+--------+-------+-------+------+------+-----------+-------------+---------------+------------
         ij-ik-kj |   1464 |  1448 |  1464 | 1.00 | 1.00 |     349.3 |       349.5 |         338.8 |      357.9 
       ij-ikl-ljk |    144 |   128 | 18432 | 1.00 | 1.00 |     168.3 |       168.2 |         161.9 |      192.3 
       ij-kil-lkj |    144 |   128 | 20736 | 1.00 | 1.00 |     165.6 |       163.9 |         156.8 |      172.6 
       ijk-ikl-lj |  18432 |   128 |   144 | 1.00 | 1.00 |     341.8 |       345.6 |         339.9 |      230.9 
       ijk-il-jlk |    144 | 18432 |   128 | 1.00 | 1.00 |     202.5 |       202.4 |         200.6 |      331.5 
       ijk-ilk-jl |  18432 |   144 |   128 | 1.00 | 1.00 |     362.7 |       368.9 |         361.8 |      257.9 
       ijk-ilk-lj |  18432 |   128 |   144 | 1.00 | 1.00 |     359.2 |       357.2 |         351.0 |      251.0 
     ijk-ilmk-mjl |   1920 |    40 |  1920 | 1.00 | 1.00 |     245.6 |       270.0 |         257.8 |      200.1 
   ijkl-imjn-lnkm |   1920 |  1920 |  1600 | 1.00 | 0.90 |     347.8 |       348.2 |         338.2 |      351.5 
   ijkl-imjn-nlmk |   1920 |  1600 |  1920 | 1.00 | 0.90 |     353.0 |       352.0 |         345.8 |      349.8 
   ijkl-imkn-jnlm |   1920 |  1920 |  1600 | 1.00 | 1.00 |     363.4 |       363.1 |         352.9 |      344.6 
   ijkl-imkn-njml |   1920 |  1600 |  1920 | 1.00 | 0.90 |     358.2 |       358.1 |         350.0 |      348.1 
   ijkl-imln-jnkm |   1920 |  1920 |  1600 | 1.00 | 1.00 |     364.3 |       364.3 |         356.0 |      345.5 
   ijkl-imln-njmk |   1920 |  1600 |  1920 | 1.00 | 0.90 |     359.0 |       359.2 |         349.4 |      351.8 
   ijkl-imnj-nlkm |   1920 |  1600 |  1920 | 1.00 | 0.90 |     353.7 |       353.0 |         344.7 |      351.2 
   ijkl-imnk-njml |   1920 |  1600 |  1920 | 1.00 | 0.90 |     359.0 |       358.9 |         348.8 |      350.1 
   ijkl-minj-nlmk |   1920 |  1600 |  2304 | 1.00 | 0.90 |     352.7 |       352.8 |         346.4 |      347.8 
   ijkl-mink-jnlm |   1920 |  1920 |  1920 | 1.00 | 1.00 |     363.1 |       362.8 |         353.7 |      349.4 
   ijkl-minl-njmk |   1920 |  1600 |  2304 | 1.00 | 0.90 |     359.4 |       358.9 |         349.2 |      349.0 
     aqrs-pa-pqrs |     48 | 64000 |    48 | 1.00 | 1.00 |     247.8 |       271.4 |         261.7 |      203.3 
     abrs-qb-aqrs |     40 | 76800 |    48 | 1.00 | 1.00 |     285.4 |       285.4 |         276.5 |      140.2 
     abcs-rc-abrs |     40 | 76800 |    48 | 1.00 | 1.00 |     241.3 |       252.3 |         242.4 |      130.8 
       abj-bka-kj |  20736 |   128 |   144 | 1.00 | 1.00 |     278.4 |       282.5 |         271.4 |      194.0 
       ajb-kba-jk |  18432 |   144 |   144 | 1.00 | 1.00 |     366.5 |       355.5 |         360.2 |      267.1 
     abjc-cbka-kj |  92160 |    40 |    48 | 1.00 | 1.00 |     117.7 |       122.1 |         118.8 |      108.4 
     ajbc-ckba-jk |  92160 |    48 |    40 | 1.00 | 1.00 |      34.9 |        34.5 |          33.8 |      143.3 
     abjc-kbac-jk |  76800 |    48 |    48 | 1.00 | 1.00 |     208.0 |       208.2 |         202.9 |      128.4 
   abjcd-dkbac-jk | 230400 |    24 |    20 | 0.67 | 1.00 |      99.1 |        99.4 |          96.7 |       81.5 
   adbjc-cbdka-kj | 230400 |    20 |    24 | 0.67 | 1.00 |      68.1 |        64.3 |          61.5 |       62.2 
   ajbdc-ckbad-jk | 230400 |    24 |    20 | 1.00 | 1.00 |      30.9 |        31.0 |          29.2 |       91.8 
 abcijk-ijma-mkbc |   6912 |  1728 |    24 | 1.00 | 1.00 |     224.6 |       224.1 |         217.4 |      232.7 
 abcijk-ijmb-mkac |   3456 |  3456 |    24 | 1.00 | 1.00 |     259.9 |       254.8 |         278.1 |      173.4 
 abcijk-ijmc-mkab |   3456 |  3456 |    24 | 1.00 | 1.00 |     263.7 |       262.4 |         256.9 |      220.6 
 abcijk-ikma-mjbc |   6912 |  1728 |    24 | 1.00 | 1.00 |     218.3 |       219.2 |         213.5 |      233.3 
 abcijk-ikmb-mjac |   3456 |  3456 |    24 | 1.00 | 1.00 |     260.7 |       250.6 |         257.3 |      206.4 
 abcijk-ikmc-mjab |   3456 |  3456 |    24 | 1.00 | 1.00 |     257.9 |       258.0 |         251.0 |      197.0 
 abcijk-jkma-mibc |   6912 |  1728 |    24 | 1.00 | 1.00 |     224.9 |       224.9 |         219.1 |      233.2 
 abcijk-jkmb-miac |   3456 |  3456 |    24 | 1.00 | 1.00 |     273.3 |       286.4 |         278.3 |      135.6 
 abcijk-jkmc-miab |   3456 |  3456 |    24 | 1.00 | 1.00 |     257.5 |       258.3 |         253.6 |      157.8 
 abcijk-eiab-jkec |   3456 |  3456 |    24 | 1.00 | 1.00 |     258.1 |       259.1 |         254.1 |      156.9 
 abcijk-eiac-jkeb |   3456 |  3456 |    24 | 1.00 | 1.00 |     283.3 |       284.6 |         277.1 |      136.7 
 abcijk-eibc-jkea |   1728 |  6912 |    24 | 1.00 | 1.00 |     223.2 |       222.6 |         216.0 |      233.1 
 abcijk-ejab-ikec |   3456 |  3456 |    24 | 1.00 | 1.00 |     260.2 |       258.4 |         254.2 |      196.3 
 abcijk-ejac-ikeb |   3456 |  3456 |    24 | 1.00 | 1.00 |     251.4 |       258.7 |         276.9 |      206.6 
 abcijk-ejbc-ikea |   1728 |  6912 |    24 | 1.00 | 1.00 |     219.1 |       218.5 |         215.6 |      231.0 
 abcijk-ekab-ijec |   3456 |  3456 |    24 | 1.00 | 1.00 |     257.5 |       259.4 |         251.4 |      221.0 
 abcijk-ekac-ijeb |   3456 |  3456 |    24 | 1.00 | 1.00 |     269.6 |       271.2 |         277.3 |      168.8 
 abcijk-ekbc-ijea |   1728 |  6912 |    24 | 1.00 | 1.00 |     223.5 |       221.8 |         221.2 |      232.0 
       abc-bk-akc |    144 | 18432 |   128 | 1.00 | 1.00 |     349.5 |       370.3 |         362.0 |      257.9 

=== complex efficiency ratio (c64 GF/s over f64 GF/s; 1.0 = no penalty) ===
             case | plan c64/f64 | packed c64/f64 | upstream c64/f64 | tblis c64/f64 
------------------+--------------+----------------+------------------+---------------
         ij-ik-kj |        1.233 |          1.375 |            1.371 |         1.103 
       ij-ikl-ljk |        0.879 |          0.796 |            0.829 |         1.434 
       ij-kil-lkj |        0.909 |          0.894 |            0.929 |         1.450 
       ijk-ikl-lj |        1.260 |          1.231 |            1.290 |         1.377 
       ijk-il-jlk |        0.697 |          0.690 |            0.739 |         1.266 
       ijk-ilk-jl |        1.196 |          1.188 |            1.240 |         1.315 
       ijk-ilk-lj |        1.222 |          1.153 |            1.218 |         1.334 
     ijk-ilmk-mjl |        1.444 |          1.243 |            1.323 |         1.318 
   ijkl-imjn-lnkm |        1.050 |          1.049 |            1.047 |         1.052 
   ijkl-imjn-nlmk |        1.079 |          1.075 |            1.081 |         1.068 
   ijkl-imkn-jnlm |        1.039 |          1.044 |            1.031 |         1.068 
   ijkl-imkn-njml |        1.034 |          1.043 |            1.019 |         1.067 
   ijkl-imln-jnkm |        1.038 |          1.040 |            1.032 |         1.073 
   ijkl-imln-njmk |        1.036 |          1.044 |            1.009 |         1.076 
   ijkl-imnj-nlkm |        1.087 |          1.084 |            1.087 |         1.060 
   ijkl-imnk-njml |        1.050 |          1.050 |            1.035 |         1.064 
   ijkl-minj-nlmk |        1.084 |          1.084 |            1.096 |         1.114 
   ijkl-mink-jnlm |        1.044 |          1.042 |            1.032 |         1.064 
   ijkl-minl-njmk |        1.065 |          1.066 |            1.068 |         1.113 
     aqrs-pa-pqrs |        1.268 |          1.545 |            1.592 |         1.904 
     abrs-qb-aqrs |        1.531 |          1.459 |            1.565 |         1.328 
     abcs-rc-abrs |        1.561 |          1.733 |            1.758 |         1.859 
       abj-bka-kj |        1.557 |          1.575 |            1.597 |         1.643 
       ajb-kba-jk |        1.322 |          1.253 |            1.360 |         1.334 
     abjc-cbka-kj |        2.719 |          2.946 |            2.882 |         1.888 
     ajbc-ckba-jk |        0.497 |          0.491 |            0.504 |         1.648 
     abjc-kbac-jk |        1.409 |          1.418 |            1.482 |         1.707 
   abjcd-dkbac-jk |        1.976 |          1.986 |            2.085 |         1.930 
   adbjc-cbdka-kj |        2.472 |          2.352 |            2.334 |         2.803 
   ajbdc-ckbad-jk |        0.616 |          0.620 |            0.632 |         1.963 
 abcijk-ijma-mkbc |        1.431 |          1.430 |            1.421 |         1.592 
 abcijk-ijmb-mkac |        1.589 |          1.578 |            1.821 |         2.081 
 abcijk-ijmc-mkab |        1.663 |          1.680 |            1.698 |         2.068 
 abcijk-ikma-mjbc |        1.380 |          1.403 |            1.396 |         1.574 
 abcijk-ikmb-mjac |        1.620 |          1.575 |            1.676 |         1.715 
 abcijk-ikmc-mjab |        1.651 |          1.653 |            1.637 |         1.877 
 abcijk-jkma-mibc |        1.449 |          1.447 |            1.443 |         1.562 
 abcijk-jkmb-miac |        1.699 |          1.786 |            1.836 |         1.731 
 abcijk-jkmc-miab |        1.634 |          1.639 |            1.658 |         1.842 
 abcijk-eiab-jkec |        1.649 |          1.650 |            1.662 |         1.841 
 abcijk-eiac-jkeb |        1.760 |          1.787 |            1.827 |         1.751 
 abcijk-eibc-jkea |        1.424 |          1.437 |            1.403 |         1.559 
 abcijk-ejab-ikec |        1.636 |          1.632 |            1.666 |         1.880 
 abcijk-ejac-ikeb |        1.582 |          1.618 |            1.833 |         1.723 
 abcijk-ejbc-ikea |        1.401 |          1.398 |            1.391 |         1.557 
 abcijk-ekab-ijec |        1.609 |          1.637 |            1.643 |         2.060 
 abcijk-ekac-ijeb |        1.675 |          1.706 |            1.825 |         2.042 
 abcijk-ekbc-ijea |        1.419 |          1.425 |            1.445 |         1.593 
       abc-bk-akc |        1.179 |          1.209 |            1.240 |         1.328 
             MEAN |        1.364 |          1.373 |            1.404 |         1.547 

wrote /home/shinaoka/projects/tensor4all/tprims-rs/benchmarks/benchmarks/tcbench/results/scaling-single-l3/baseline/A2-16m-8t.pending.csv
