# threads: requested=1 pool=1 budget=1
host        : shinaoka-EVO-X1Pro
target      : x86_64 / linux
cpu features: avx2 fma avx512f avx512dq 
caches      : L1=48KiB/12-way/2sh L2=1024KiB/16-way/2sh L3=16384KiB/16-way/8sh (via sysfs), blocking=legacy
l3 domains  : t1=1
baselines   : tblis=true blas=false
tblis       : abi 2.x, 1 thread(s)

running 49 cases at 1 MiB nominal tensor size, 5 reps, stress=none


=== f64 ===
             case |     m |    n |    k | regA | regB | plan GF/s | packed GF/s | upstream GF/s | tblis GF/s 
------------------+-------+------+------+------+------+-----------+-------------+---------------+------------
         ij-ik-kj |   384 |  364 |  384 | 0.00 | 0.00 |      37.3 |        34.7 |          34.2 |       29.6 
       ij-ikl-ljk |    72 |   52 | 3744 | 1.00 | 1.00 |      38.3 |        38.3 |          37.0 |       21.7 
       ij-kil-lkj |    72 |   52 | 5184 | 1.00 | 1.00 |      35.5 |        35.6 |          34.4 |       21.3 
       ijk-ikl-lj |  3744 |   52 |   72 | 1.00 | 1.00 |      42.9 |        42.9 |          41.3 |       26.3 
       ijk-il-jlk |    72 | 3744 |   52 | 1.00 | 1.00 |      43.7 |        43.8 |          41.1 |       29.2 
       ijk-ilk-jl |  3744 |   72 |   52 | 1.00 | 1.00 |      45.4 |        45.6 |          43.9 |       30.5 
       ijk-ilk-lj |  3744 |   52 |   72 | 1.00 | 1.00 |      42.7 |        42.7 |          41.6 |       26.8 
     ijk-ilmk-mjl |   480 |   20 |  480 | 1.00 | 1.00 |      35.6 |        35.7 |          35.1 |       16.1 
   ijkl-imjn-lnkm |   480 |  480 |  400 | 1.00 | 0.80 |      48.2 |        48.2 |          47.7 |       41.7 
   ijkl-imjn-nlmk |   480 |  400 |  480 | 1.00 | 0.80 |      49.0 |        49.0 |          48.4 |       40.6 
   ijkl-imkn-jnlm |   480 |  480 |  400 | 1.00 | 1.00 |      48.8 |        49.1 |          48.5 |       42.2 
   ijkl-imkn-njml |   480 |  400 |  480 | 1.00 | 0.80 |      49.3 |        49.3 |          48.8 |       40.6 
   ijkl-imln-jnkm |   480 |  480 |  400 | 1.00 | 1.00 |      48.9 |        48.8 |          48.6 |       42.2 
   ijkl-imln-njmk |   480 |  400 |  480 | 1.00 | 0.80 |      49.4 |        49.3 |          48.7 |       40.7 
   ijkl-imnj-nlkm |   480 |  400 |  480 | 1.00 | 0.80 |      49.1 |        49.1 |          48.4 |       41.6 
   ijkl-imnk-njml |   480 |  400 |  480 | 1.00 | 0.80 |      49.5 |        49.5 |          48.9 |       41.9 
   ijkl-minj-nlmk |   480 |  400 |  576 | 1.00 | 0.80 |      47.7 |        47.8 |          47.1 |       40.6 
   ijkl-mink-jnlm |   480 |  480 |  480 | 1.00 | 1.00 |      48.3 |        48.5 |          47.5 |       40.5 
   ijkl-minl-njmk |   480 |  400 |  576 | 1.00 | 0.80 |      48.2 |        48.1 |          47.3 |       40.9 
     aqrs-pa-pqrs |    24 | 8000 |   24 | 0.00 | 0.00 |      49.2 |        32.7 |          30.7 |       14.0 
     abrs-qb-aqrs |    20 | 9600 |   24 | 1.00 | 1.00 |      32.0 |        32.0 |          30.1 |       13.3 
     abcs-rc-abrs |    20 | 9600 |   24 | 1.00 | 1.00 |      31.7 |        31.8 |          29.8 |       13.3 
       abj-bka-kj |  5184 |   52 |   72 | 1.00 | 1.00 |      35.0 |        34.4 |          33.0 |       23.7 
       ajb-kba-jk |  3744 |   72 |   72 | 1.00 | 1.00 |      44.1 |        44.3 |          43.5 |       29.6 
     abjc-cbka-kj | 11520 |   20 |   24 | 1.00 | 1.00 |      20.1 |        18.9 |          16.8 |       12.9 
     ajbc-ckba-jk | 11520 |   24 |   20 | 1.00 | 1.00 |      26.1 |        26.1 |          22.5 |       14.9 
     abjc-kbac-jk |  9600 |   24 |   24 | 1.00 | 1.00 |      33.7 |        34.3 |          32.2 |       16.1 
   abjcd-dkbac-jk | 82944 |   24 |   12 | 1.00 | 1.00 |      15.6 |        15.7 |          14.6 |        8.2 
   adbjc-cbdka-kj | 82944 |   12 |   24 | 1.00 | 1.00 |       5.2 |         5.3 |           5.1 |        6.3 
   ajbdc-ckbad-jk | 82944 |   24 |   12 | 1.00 | 1.00 |      16.1 |        16.1 |          14.9 |        8.8 
 abcijk-ijma-mkbc |  4608 |  512 |   24 | 1.00 | 1.00 |      40.5 |        40.4 |          38.2 |       28.0 
 abcijk-ijmb-mkac |  1536 | 1536 |   24 | 1.00 | 1.00 |      42.2 |        42.5 |          40.5 |       26.5 
 abcijk-ijmc-mkab |  1536 | 1536 |   24 | 1.00 | 1.00 |      41.5 |        41.8 |          39.7 |       32.4 
 abcijk-ikma-mjbc |  4608 |  512 |   24 | 1.00 | 1.00 |      40.2 |        40.3 |          38.4 |       27.9 
 abcijk-ikmb-mjac |  1536 | 1536 |   24 | 1.00 | 1.00 |      42.0 |        42.6 |          40.4 |       26.7 
 abcijk-ikmc-mjab |  1536 | 1536 |   24 | 1.00 | 1.00 |      41.7 |        42.1 |          39.7 |       28.6 
 abcijk-jkma-mibc |  4608 |  512 |   24 | 1.00 | 1.00 |      40.3 |        40.5 |          37.8 |       31.7 
 abcijk-jkmb-miac |  1536 | 1536 |   24 | 1.00 | 1.00 |      42.3 |        42.6 |          40.6 |       21.8 
 abcijk-jkmc-miab |  1536 | 1536 |   24 | 1.00 | 1.00 |      41.5 |        42.0 |          39.6 |       30.1 
 abcijk-eiab-jkec |  1536 | 1536 |   24 | 1.00 | 1.00 |      41.2 |        41.5 |          39.8 |       30.0 
 abcijk-eiac-jkeb |  1536 | 1536 |   24 | 1.00 | 1.00 |      41.5 |        41.9 |          40.6 |       21.7 
 abcijk-eibc-jkea |   512 | 4608 |   24 | 1.00 | 1.00 |      40.6 |        40.6 |          38.5 |       31.4 
 abcijk-ejab-ikec |  1536 | 1536 |   24 | 1.00 | 1.00 |      41.7 |        42.3 |          39.8 |       28.8 
 abcijk-ejac-ikeb |  1536 | 1536 |   24 | 1.00 | 1.00 |      42.2 |        42.3 |          40.4 |       26.6 
 abcijk-ejbc-ikea |   512 | 4608 |   24 | 1.00 | 1.00 |      40.4 |        40.4 |          38.1 |       28.1 
 abcijk-ekab-ijec |  1536 | 1536 |   24 | 1.00 | 1.00 |      41.5 |        42.3 |          39.7 |       32.8 
 abcijk-ekac-ijeb |  1536 | 1536 |   24 | 1.00 | 1.00 |      41.5 |        42.3 |          40.4 |       26.3 
 abcijk-ekbc-ijea |   512 | 4608 |   24 | 1.00 | 1.00 |      40.4 |        40.5 |          38.3 |       28.0 
       abc-bk-akc |    72 | 3744 |   52 | 1.00 | 1.00 |      45.8 |        45.8 |          44.5 |       31.0 

=== c64 ===
             case |     m |    n |    k | regA | regB | plan GF/s | packed GF/s | upstream GF/s | tblis GF/s 
------------------+-------+------+------+------+------+-----------+-------------+---------------+------------
         ij-ik-kj |   384 |  364 |  384 | 1.00 | 1.00 |      35.2 |        35.2 |          34.7 |       41.1 
       ij-ikl-ljk |    72 |   52 | 3744 | 1.00 | 1.00 |      37.4 |        37.5 |          36.6 |       30.3 
       ij-kil-lkj |    72 |   52 | 5184 | 1.00 | 1.00 |      32.8 |        32.9 |          31.9 |       29.1 
       ijk-ikl-lj |  3744 |   52 |   72 | 1.00 | 1.00 |      44.6 |        44.5 |          44.1 |       29.2 
       ijk-il-jlk |    72 | 3744 |   52 | 1.00 | 1.00 |      40.7 |        39.0 |          38.5 |       38.0 
       ijk-ilk-jl |  3744 |   72 |   52 | 0.89 | 1.00 |      46.6 |        46.2 |          45.6 |       35.3 
       ijk-ilk-lj |  3744 |   52 |   72 | 0.89 | 1.00 |      44.4 |        44.3 |          43.5 |       30.4 
     ijk-ilmk-mjl |   480 |   20 |  480 | 0.67 | 1.00 |      37.6 |        37.6 |          36.7 |       28.5 
   ijkl-imjn-lnkm |   480 |  480 |  400 | 0.67 | 0.80 |      48.1 |        48.0 |          47.6 |       44.5 
   ijkl-imjn-nlmk |   480 |  400 |  480 | 0.67 | 0.81 |      48.2 |        48.2 |          47.7 |       43.6 
   ijkl-imkn-jnlm |   480 |  480 |  400 | 0.67 | 1.00 |      48.0 |        48.0 |          47.1 |       44.4 
   ijkl-imkn-njml |   480 |  400 |  480 | 0.67 | 0.81 |      48.2 |        48.2 |          47.5 |       43.6 
   ijkl-imln-jnkm |   480 |  480 |  400 | 0.67 | 1.00 |      48.1 |        48.1 |          47.4 |       44.2 
   ijkl-imln-njmk |   480 |  400 |  480 | 0.67 | 0.81 |      48.2 |        48.2 |          47.6 |       44.2 
   ijkl-imnj-nlkm |   480 |  400 |  480 | 0.67 | 0.81 |      48.1 |        48.2 |          47.6 |       44.3 
   ijkl-imnk-njml |   480 |  400 |  480 | 0.67 | 0.81 |      48.0 |        48.1 |          47.5 |       44.0 
   ijkl-minj-nlmk |   480 |  400 |  576 | 0.67 | 0.81 |      46.6 |        46.6 |          45.9 |       43.4 
   ijkl-mink-jnlm |   480 |  480 |  480 | 0.67 | 1.00 |      47.6 |        47.7 |          46.8 |       44.3 
   ijkl-minl-njmk |   480 |  400 |  576 | 0.67 | 0.81 |      46.8 |        46.8 |          46.0 |       44.4 
     aqrs-pa-pqrs |    24 | 8000 |   24 | 1.00 | 1.00 |      30.4 |        30.1 |          28.9 |       25.5 
     abrs-qb-aqrs |    20 | 9600 |   24 | 1.00 | 1.00 |      39.6 |        39.5 |          38.0 |       22.5 
     abcs-rc-abrs |    20 | 9600 |   24 | 1.00 | 1.00 |      34.1 |        33.7 |          33.0 |       23.7 
       abj-bka-kj |  5184 |   52 |   72 | 0.89 | 1.00 |      40.9 |        40.8 |          40.0 |       28.0 
       ajb-kba-jk |  3744 |   72 |   72 | 0.89 | 1.00 |      44.7 |        43.7 |          42.2 |       32.7 
     abjc-cbka-kj | 11520 |   20 |   24 | 0.67 | 1.00 |      23.7 |        24.7 |          23.7 |       23.1 
     ajbc-ckba-jk | 11520 |   24 |   20 | 1.00 | 1.00 |      28.1 |        28.6 |          25.6 |       20.9 
     abjc-kbac-jk |  9600 |   24 |   24 | 0.67 | 1.00 |      38.1 |        37.6 |          35.5 |       25.2 
   abjcd-dkbac-jk | 82944 |   24 |   12 | 0.67 | 1.00 |      22.1 |        22.2 |          20.5 |       16.0 
   adbjc-cbdka-kj | 82944 |   12 |   24 | 0.67 | 1.00 |      10.3 |        10.3 |          10.0 |       13.6 
   ajbdc-ckbad-jk | 82944 |   24 |   12 | 1.00 | 1.00 |      26.0 |        25.8 |          23.3 |       15.8 
 abcijk-ijma-mkbc |  4608 |  512 |   24 | 1.00 | 0.97 |      42.6 |        42.4 |          40.9 |       33.0 
 abcijk-ijmb-mkac |  1536 | 1536 |   24 | 1.00 | 0.75 |      44.7 |        44.8 |          42.7 |       33.0 
 abcijk-ijmc-mkab |  1536 | 1536 |   24 | 1.00 | 0.50 |      45.0 |        45.0 |          42.6 |       37.9 
 abcijk-ikma-mjbc |  4608 |  512 |   24 | 1.00 | 0.97 |      42.6 |        42.3 |          41.4 |       33.2 
 abcijk-ikmb-mjac |  1536 | 1536 |   24 | 1.00 | 0.75 |      45.2 |        45.1 |          43.4 |       34.1 
 abcijk-ikmc-mjab |  1536 | 1536 |   24 | 1.00 | 0.50 |      45.0 |        45.0 |          42.7 |       35.1 
 abcijk-jkma-mibc |  4608 |  512 |   24 | 1.00 | 0.97 |      42.4 |        42.4 |          40.6 |       36.1 
 abcijk-jkmb-miac |  1536 | 1536 |   24 | 1.00 | 0.75 |      44.8 |        44.6 |          42.5 |       30.0 
 abcijk-jkmc-miab |  1536 | 1536 |   24 | 1.00 | 0.50 |      44.9 |        45.0 |          42.4 |       37.0 
 abcijk-eiab-jkec |  1536 | 1536 |   24 | 1.00 | 0.50 |      45.0 |        45.0 |          42.5 |       37.0 
 abcijk-eiac-jkeb |  1536 | 1536 |   24 | 1.00 | 0.75 |      44.8 |        44.7 |          42.4 |       29.9 
 abcijk-eibc-jkea |   512 | 4608 |   24 | 1.00 | 0.97 |      42.4 |        42.4 |          40.9 |       35.9 
 abcijk-ejab-ikec |  1536 | 1536 |   24 | 1.00 | 0.50 |      45.1 |        45.0 |          42.8 |       35.2 
 abcijk-ejac-ikeb |  1536 | 1536 |   24 | 1.00 | 0.75 |      44.9 |        44.8 |          42.5 |       34.2 
 abcijk-ejbc-ikea |   512 | 4608 |   24 | 1.00 | 0.97 |      42.5 |        42.3 |          41.4 |       33.1 
 abcijk-ekab-ijec |  1536 | 1536 |   24 | 1.00 | 0.50 |      45.0 |        45.0 |          42.5 |       37.8 
 abcijk-ekac-ijeb |  1536 | 1536 |   24 | 1.00 | 0.75 |      44.7 |        44.7 |          42.7 |       32.9 
 abcijk-ekbc-ijea |   512 | 4608 |   24 | 1.00 | 0.97 |      42.5 |        42.3 |          40.8 |       33.1 
       abc-bk-akc |    72 | 3744 |   52 | 0.89 | 1.00 |      46.8 |        46.1 |          45.6 |       35.2 

=== complex efficiency ratio (c64 GF/s over f64 GF/s; 1.0 = no penalty) ===
             case | plan c64/f64 | packed c64/f64 | upstream c64/f64 | tblis c64/f64 
------------------+--------------+----------------+------------------+---------------
         ij-ik-kj |        0.945 |          1.014 |            1.014 |         1.388 
       ij-ikl-ljk |        0.977 |          0.979 |            0.988 |         1.395 
       ij-kil-lkj |        0.924 |          0.924 |            0.925 |         1.362 
       ijk-ikl-lj |        1.039 |          1.037 |            1.068 |         1.113 
       ijk-il-jlk |        0.930 |          0.891 |            0.937 |         1.302 
       ijk-ilk-jl |        1.026 |          1.013 |            1.038 |         1.157 
       ijk-ilk-lj |        1.042 |          1.036 |            1.047 |         1.131 
     ijk-ilmk-mjl |        1.055 |          1.053 |            1.045 |         1.768 
   ijkl-imjn-lnkm |        0.999 |          0.998 |            0.999 |         1.069 
   ijkl-imjn-nlmk |        0.984 |          0.983 |            0.985 |         1.073 
   ijkl-imkn-jnlm |        0.984 |          0.979 |            0.972 |         1.053 
   ijkl-imkn-njml |        0.977 |          0.978 |            0.973 |         1.075 
   ijkl-imln-jnkm |        0.983 |          0.985 |            0.975 |         1.046 
   ijkl-imln-njmk |        0.976 |          0.978 |            0.977 |         1.086 
   ijkl-imnj-nlkm |        0.981 |          0.981 |            0.984 |         1.065 
   ijkl-imnk-njml |        0.970 |          0.971 |            0.971 |         1.050 
   ijkl-minj-nlmk |        0.976 |          0.975 |            0.975 |         1.068 
   ijkl-mink-jnlm |        0.984 |          0.982 |            0.985 |         1.092 
   ijkl-minl-njmk |        0.970 |          0.972 |            0.973 |         1.085 
     aqrs-pa-pqrs |        0.616 |          0.919 |            0.941 |         1.829 
     abrs-qb-aqrs |        1.239 |          1.234 |            1.262 |         1.686 
     abcs-rc-abrs |        1.078 |          1.059 |            1.110 |         1.777 
       abj-bka-kj |        1.168 |          1.185 |            1.209 |         1.181 
       ajb-kba-jk |        1.014 |          0.987 |            0.969 |         1.105 
     abjc-cbka-kj |        1.183 |          1.311 |            1.409 |         1.785 
     ajbc-ckba-jk |        1.077 |          1.095 |            1.134 |         1.404 
     abjc-kbac-jk |        1.133 |          1.097 |            1.102 |         1.565 
   abjcd-dkbac-jk |        1.420 |          1.411 |            1.410 |         1.948 
   adbjc-cbdka-kj |        1.972 |          1.954 |            1.965 |         2.173 
   ajbdc-ckbad-jk |        1.615 |          1.602 |            1.566 |         1.802 
 abcijk-ijma-mkbc |        1.051 |          1.050 |            1.071 |         1.178 
 abcijk-ijmb-mkac |        1.060 |          1.055 |            1.056 |         1.243 
 abcijk-ijmc-mkab |        1.083 |          1.075 |            1.074 |         1.171 
 abcijk-ikma-mjbc |        1.059 |          1.050 |            1.078 |         1.190 
 abcijk-ikmb-mjac |        1.076 |          1.060 |            1.075 |         1.279 
 abcijk-ikmc-mjab |        1.080 |          1.070 |            1.075 |         1.230 
 abcijk-jkma-mibc |        1.052 |          1.046 |            1.076 |         1.139 
 abcijk-jkmb-miac |        1.060 |          1.046 |            1.045 |         1.376 
 abcijk-jkmc-miab |        1.083 |          1.071 |            1.069 |         1.228 
 abcijk-eiab-jkec |        1.092 |          1.085 |            1.068 |         1.233 
 abcijk-eiac-jkeb |        1.079 |          1.066 |            1.044 |         1.374 
 abcijk-eibc-jkea |        1.044 |          1.044 |            1.060 |         1.146 
 abcijk-ejab-ikec |        1.083 |          1.063 |            1.075 |         1.226 
 abcijk-ejac-ikeb |        1.064 |          1.060 |            1.050 |         1.285 
 abcijk-ejbc-ikea |        1.052 |          1.046 |            1.087 |         1.181 
 abcijk-ekab-ijec |        1.085 |          1.066 |            1.072 |         1.150 
 abcijk-ekac-ijeb |        1.076 |          1.058 |            1.056 |         1.252 
 abcijk-ekbc-ijea |        1.051 |          1.042 |            1.064 |         1.182 
       abc-bk-akc |        1.020 |          1.006 |            1.026 |         1.133 
             MEAN |        1.071 |          1.074 |            1.084 |         1.303 

wrote /home/shinaoka/projects/tensor4all/tprims-rs/benchmarks/benchmarks/tcbench/results/scaling-single-l3/baseline/A2-1m-1t.pending.csv
