# threads: requested=4 pool=4 budget=4
host        : shinaoka-EVO-X1Pro
target      : x86_64 / linux
cpu features: avx2 fma avx512f avx512dq 
caches      : L1=48KiB/12-way/2sh L2=1024KiB/16-way/2sh L3=16384KiB/16-way/8sh (via sysfs), blocking=legacy
l3 domains  : t1=1 t4=1 t8=2
baselines   : tblis=true blas=false
tblis       : abi 2.x, 4 thread(s)

running 49 cases at 16 MiB nominal tensor size, 5 reps, stress=none


=== f64 ===
             case |      m |     n |     k | regA | regB | plan GF/s | packed GF/s | upstream GF/s | tblis GF/s 
------------------+--------+-------+-------+------+------+-----------+-------------+---------------+------------
         ij-ik-kj |   1464 |  1448 |  1464 | 0.00 | 0.00 |     144.3 |       130.3 |         127.1 |      173.9 
       ij-ikl-ljk |    144 |   128 | 18432 | 1.00 | 1.00 |     100.8 |       101.3 |          95.7 |       88.4 
       ij-kil-lkj |    144 |   128 | 20736 | 1.00 | 1.00 |      98.8 |        98.6 |          95.8 |       79.6 
       ijk-ikl-lj |  18432 |   128 |   144 | 1.00 | 1.00 |     163.8 |       159.3 |         154.4 |      108.5 
       ijk-il-jlk |    144 | 18432 |   128 | 1.00 | 1.00 |     112.5 |       112.6 |         105.9 |      143.1 
       ijk-ilk-jl |  18432 |   144 |   128 | 1.00 | 1.00 |     168.8 |       171.3 |         168.3 |      126.8 
       ijk-ilk-lj |  18432 |   128 |   144 | 1.00 | 1.00 |     168.1 |       170.7 |         165.3 |      120.5 
     ijk-ilmk-mjl |   1920 |    40 |  1920 | 1.00 | 1.00 |     124.5 |       126.6 |         132.5 |       82.4 
   ijkl-imjn-lnkm |   1920 |  1920 |  1600 | 1.00 | 1.00 |     179.2 |       179.2 |         174.3 |      177.5 
   ijkl-imjn-nlmk |   1920 |  1600 |  1920 | 1.00 | 1.00 |     181.0 |       181.1 |         178.0 |      175.4 
   ijkl-imkn-jnlm |   1920 |  1920 |  1600 | 1.00 | 1.00 |     181.1 |       180.7 |         176.8 |      177.2 
   ijkl-imkn-njml |   1920 |  1600 |  1920 | 1.00 | 1.00 |     181.1 |       180.0 |         176.8 |      174.0 
   ijkl-imln-jnkm |   1920 |  1920 |  1600 | 1.00 | 1.00 |     180.7 |       181.0 |         175.9 |      175.8 
   ijkl-imln-njmk |   1920 |  1600 |  1920 | 1.00 | 1.00 |     181.0 |       181.2 |         179.4 |      174.0 
   ijkl-imnj-nlkm |   1920 |  1600 |  1920 | 1.00 | 1.00 |     180.7 |       180.8 |         177.2 |      177.3 
   ijkl-imnk-njml |   1920 |  1600 |  1920 | 1.00 | 1.00 |     181.4 |       181.6 |         177.8 |      176.2 
   ijkl-minj-nlmk |   1920 |  1600 |  2304 | 1.00 | 1.00 |     178.2 |       178.2 |         176.4 |      173.7 
   ijkl-mink-jnlm |   1920 |  1920 |  1920 | 1.00 | 1.00 |     179.0 |       179.4 |         176.0 |      176.9 
   ijkl-minl-njmk |   1920 |  1600 |  2304 | 1.00 | 1.00 |     179.9 |       179.7 |         178.0 |      173.0 
     aqrs-pa-pqrs |     48 | 64000 |    48 | 0.00 | 0.00 |     134.2 |       111.1 |         104.6 |       61.3 
     abrs-qb-aqrs |     40 | 76800 |    48 | 1.00 | 1.00 |     129.3 |       130.5 |         124.3 |       73.3 
     abcs-rc-abrs |     40 | 76800 |    48 | 1.00 | 1.00 |     119.8 |       117.5 |         115.0 |       58.9 
       abj-bka-kj |  20736 |   128 |   144 | 1.00 | 1.00 |     137.5 |       136.6 |         132.1 |       81.7 
       ajb-kba-jk |  18432 |   144 |   144 | 1.00 | 1.00 |     161.0 |       161.7 |         156.4 |      126.1 
     abjc-cbka-kj |  92160 |    40 |    48 | 1.00 | 1.00 |      28.1 |        27.6 |          26.6 |       37.7 
     ajbc-ckba-jk |  92160 |    48 |    40 | 1.00 | 1.00 |      43.6 |        43.8 |          41.1 |       63.5 
     abjc-kbac-jk |  76800 |    48 |    48 | 1.00 | 1.00 |      98.8 |        91.6 |          92.5 |       52.6 
   abjcd-dkbac-jk | 230400 |    24 |    20 | 1.00 | 1.00 |      31.5 |        31.6 |          29.9 |       30.1 
   adbjc-cbdka-kj | 230400 |    20 |    24 | 1.00 | 1.00 |      16.6 |        16.7 |          16.1 |       15.7 
   ajbdc-ckbad-jk | 230400 |    24 |    20 | 1.00 | 1.00 |      31.5 |        31.6 |          29.5 |       32.5 
 abcijk-ijma-mkbc |   6912 |  1728 |    24 | 1.00 | 1.00 |     130.8 |       130.7 |         121.7 |      110.0 
 abcijk-ijmb-mkac |   3456 |  3456 |    24 | 1.00 | 0.67 |     124.2 |       123.8 |         116.8 |       66.8 
 abcijk-ijmc-mkab |   3456 |  3456 |    24 | 1.00 | 0.67 |     120.1 |       119.9 |         112.3 |       83.9 
 abcijk-ikma-mjbc |   6912 |  1728 |    24 | 1.00 | 1.00 |     129.6 |       129.7 |         122.6 |      109.3 
 abcijk-ikmb-mjac |   3456 |  3456 |    24 | 1.00 | 0.67 |     123.4 |       123.8 |         116.8 |       89.2 
 abcijk-ikmc-mjab |   3456 |  3456 |    24 | 1.00 | 0.67 |     119.3 |       119.6 |         113.8 |       80.4 
 abcijk-jkma-mibc |   6912 |  1728 |    24 | 1.00 | 1.00 |     133.6 |       132.8 |         124.1 |      111.9 
 abcijk-jkmb-miac |   3456 |  3456 |    24 | 1.00 | 0.67 |     123.1 |       122.2 |         115.5 |       47.3 
 abcijk-jkmc-miab |   3456 |  3456 |    24 | 1.00 | 0.67 |     118.4 |       118.0 |         114.9 |       60.5 
 abcijk-eiab-jkec |   3456 |  3456 |    24 | 1.00 | 0.67 |     119.8 |       119.9 |         110.8 |       62.5 
 abcijk-eiac-jkeb |   3456 |  3456 |    24 | 1.00 | 0.67 |     122.6 |       123.3 |         115.4 |       47.7 
 abcijk-eibc-jkea |   1728 |  6912 |    24 | 1.00 | 1.00 |     133.7 |       133.6 |         124.4 |      111.0 
 abcijk-ejab-ikec |   3456 |  3456 |    24 | 1.00 | 0.67 |     119.3 |       119.9 |         113.1 |       80.3 
 abcijk-ejac-ikeb |   3456 |  3456 |    24 | 1.00 | 0.67 |     123.9 |       112.1 |         116.3 |       89.7 
 abcijk-ejbc-ikea |   1728 |  6912 |    24 | 1.00 | 1.00 |     129.0 |       130.5 |         120.9 |      109.5 
 abcijk-ekab-ijec |   3456 |  3456 |    24 | 1.00 | 0.67 |     119.4 |       120.1 |         113.0 |       85.0 
 abcijk-ekac-ijeb |   3456 |  3456 |    24 | 1.00 | 0.67 |     123.8 |       123.8 |         116.3 |       62.7 
 abcijk-ekbc-ijea |   1728 |  6912 |    24 | 1.00 | 1.00 |     130.4 |       130.8 |         122.5 |      109.8 
       abc-bk-akc |    144 | 18432 |   128 | 1.00 | 1.00 |     154.3 |       172.5 |         166.8 |      125.5 

=== c64 ===
             case |      m |     n |     k | regA | regB | plan GF/s | packed GF/s | upstream GF/s | tblis GF/s 
------------------+--------+-------+-------+------+------+-----------+-------------+---------------+------------
         ij-ik-kj |   1464 |  1448 |  1464 | 1.00 | 1.00 |     190.9 |       191.0 |         189.4 |      184.4 
       ij-ikl-ljk |    144 |   128 | 18432 | 1.00 | 1.00 |     120.5 |       120.0 |         115.9 |      117.2 
       ij-kil-lkj |    144 |   128 | 20736 | 1.00 | 1.00 |     116.4 |       116.5 |         111.7 |      107.8 
       ijk-ikl-lj |  18432 |   128 |   144 | 1.00 | 1.00 |     182.6 |       177.9 |         180.1 |      134.7 
       ijk-il-jlk |    144 | 18432 |   128 | 1.00 | 1.00 |     137.1 |       137.2 |         136.7 |      168.9 
       ijk-ilk-jl |  18432 |   144 |   128 | 1.00 | 1.00 |     190.5 |       190.9 |         188.3 |      146.7 
       ijk-ilk-lj |  18432 |   128 |   144 | 1.00 | 1.00 |     184.7 |       185.7 |         183.3 |      143.6 
     ijk-ilmk-mjl |   1920 |    40 |  1920 | 1.00 | 1.00 |     147.2 |       147.3 |         143.2 |      108.3 
   ijkl-imjn-lnkm |   1920 |  1920 |  1600 | 1.00 | 0.90 |     186.9 |       187.2 |         183.7 |      181.1 
   ijkl-imjn-nlmk |   1920 |  1600 |  1920 | 1.00 | 0.90 |     187.9 |       188.1 |         186.3 |      179.8 
   ijkl-imkn-jnlm |   1920 |  1920 |  1600 | 1.00 | 1.00 |     189.9 |       190.0 |         187.8 |      178.7 
   ijkl-imkn-njml |   1920 |  1600 |  1920 | 1.00 | 0.90 |     189.5 |       189.6 |         187.4 |      179.1 
   ijkl-imln-jnkm |   1920 |  1920 |  1600 | 1.00 | 1.00 |     190.6 |       190.5 |         188.3 |      179.2 
   ijkl-imln-njmk |   1920 |  1600 |  1920 | 1.00 | 0.90 |     190.1 |       190.2 |         187.9 |      179.9 
   ijkl-imnj-nlkm |   1920 |  1600 |  1920 | 1.00 | 0.90 |     188.0 |       187.9 |         186.3 |      180.4 
   ijkl-imnk-njml |   1920 |  1600 |  1920 | 1.00 | 0.90 |     189.8 |       189.9 |         187.9 |      180.0 
   ijkl-minj-nlmk |   1920 |  1600 |  2304 | 1.00 | 0.90 |     185.9 |       185.9 |         184.1 |      178.7 
   ijkl-mink-jnlm |   1920 |  1920 |  1920 | 1.00 | 1.00 |     188.3 |       188.3 |         185.6 |      180.2 
   ijkl-minl-njmk |   1920 |  1600 |  2304 | 1.00 | 0.90 |     187.9 |       188.2 |         185.5 |      178.9 
     aqrs-pa-pqrs |     48 | 64000 |    48 | 1.00 | 1.00 |     149.1 |       148.5 |         140.3 |      108.1 
     abrs-qb-aqrs |     40 | 76800 |    48 | 1.00 | 1.00 |     154.9 |       154.1 |         151.9 |      100.6 
     abcs-rc-abrs |     40 | 76800 |    48 | 1.00 | 1.00 |     146.2 |       147.4 |         144.9 |       95.7 
       abj-bka-kj |  20736 |   128 |   144 | 1.00 | 1.00 |     157.0 |       157.0 |         154.1 |      115.3 
       ajb-kba-jk |  18432 |   144 |   144 | 1.00 | 1.00 |     190.7 |       190.7 |         187.4 |      153.0 
     abjc-cbka-kj |  92160 |    40 |    48 | 1.00 | 1.00 |      70.2 |        70.7 |          69.0 |       74.0 
     ajbc-ckba-jk |  92160 |    48 |    40 | 1.00 | 1.00 |      97.1 |        96.6 |          95.1 |      104.7 
     abjc-kbac-jk |  76800 |    48 |    48 | 1.00 | 1.00 |     159.0 |       155.9 |         152.5 |       77.9 
   abjcd-dkbac-jk | 230400 |    24 |    20 | 0.67 | 1.00 |      68.1 |        68.0 |          65.2 |       63.0 
   adbjc-cbdka-kj | 230400 |    20 |    24 | 0.67 | 1.00 |      39.5 |        37.1 |          36.6 |       47.4 
   ajbdc-ckbad-jk | 230400 |    24 |    20 | 1.00 | 1.00 |      58.7 |        58.3 |          56.3 |       67.8 
 abcijk-ijma-mkbc |   6912 |  1728 |    24 | 1.00 | 1.00 |     165.2 |       165.9 |         161.6 |      142.3 
 abcijk-ijmb-mkac |   3456 |  3456 |    24 | 1.00 | 1.00 |     172.2 |       171.3 |         166.5 |      107.8 
 abcijk-ijmc-mkab |   3456 |  3456 |    24 | 1.00 | 1.00 |     169.0 |       168.9 |         165.3 |      139.4 
 abcijk-ikma-mjbc |   6912 |  1728 |    24 | 1.00 | 1.00 |     164.8 |       164.5 |         160.8 |      142.0 
 abcijk-ikmb-mjac |   3456 |  3456 |    24 | 1.00 | 1.00 |     171.3 |       173.3 |         165.9 |      127.4 
 abcijk-ikmc-mjab |   3456 |  3456 |    24 | 1.00 | 1.00 |     168.8 |       168.9 |         165.3 |      124.0 
 abcijk-jkma-mibc |   6912 |  1728 |    24 | 1.00 | 1.00 |     166.5 |       166.4 |         162.2 |      142.9 
 abcijk-jkmb-miac |   3456 |  3456 |    24 | 1.00 | 1.00 |     173.1 |       171.1 |         165.6 |       84.8 
 abcijk-jkmc-miab |   3456 |  3456 |    24 | 1.00 | 1.00 |     167.1 |       166.2 |         162.4 |       99.0 
 abcijk-eiab-jkec |   3456 |  3456 |    24 | 1.00 | 1.00 |     166.5 |       167.0 |         163.0 |      100.4 
 abcijk-eiac-jkeb |   3456 |  3456 |    24 | 1.00 | 1.00 |     170.3 |       165.8 |         165.1 |       84.3 
 abcijk-eibc-jkea |   1728 |  6912 |    24 | 1.00 | 1.00 |     166.5 |       166.5 |         161.2 |      143.5 
 abcijk-ejab-ikec |   3456 |  3456 |    24 | 1.00 | 1.00 |     168.3 |       168.7 |         165.1 |      125.1 
 abcijk-ejac-ikeb |   3456 |  3456 |    24 | 1.00 | 1.00 |     171.0 |       171.0 |         166.2 |      127.8 
 abcijk-ejbc-ikea |   1728 |  6912 |    24 | 1.00 | 1.00 |     165.4 |       166.7 |         160.3 |      142.5 
 abcijk-ekab-ijec |   3456 |  3456 |    24 | 1.00 | 1.00 |     168.5 |       168.3 |         165.1 |      141.4 
 abcijk-ekac-ijeb |   3456 |  3456 |    24 | 1.00 | 1.00 |     171.0 |       170.7 |         166.0 |      109.0 
 abcijk-ekbc-ijea |   1728 |  6912 |    24 | 1.00 | 1.00 |     166.4 |       165.7 |         161.8 |      142.6 
       abc-bk-akc |    144 | 18432 |   128 | 1.00 | 1.00 |     191.8 |       190.0 |         188.5 |      146.8 

=== complex efficiency ratio (c64 GF/s over f64 GF/s; 1.0 = no penalty) ===
             case | plan c64/f64 | packed c64/f64 | upstream c64/f64 | tblis c64/f64 
------------------+--------------+----------------+------------------+---------------
         ij-ik-kj |        1.323 |          1.466 |            1.491 |         1.060 
       ij-ikl-ljk |        1.195 |          1.185 |            1.210 |         1.326 
       ij-kil-lkj |        1.179 |          1.181 |            1.166 |         1.353 
       ijk-ikl-lj |        1.115 |          1.117 |            1.167 |         1.241 
       ijk-il-jlk |        1.218 |          1.218 |            1.291 |         1.180 
       ijk-ilk-jl |        1.128 |          1.114 |            1.119 |         1.157 
       ijk-ilk-lj |        1.098 |          1.088 |            1.109 |         1.192 
     ijk-ilmk-mjl |        1.183 |          1.164 |            1.081 |         1.314 
   ijkl-imjn-lnkm |        1.043 |          1.045 |            1.054 |         1.020 
   ijkl-imjn-nlmk |        1.038 |          1.039 |            1.047 |         1.025 
   ijkl-imkn-jnlm |        1.049 |          1.052 |            1.063 |         1.008 
   ijkl-imkn-njml |        1.047 |          1.053 |            1.060 |         1.029 
   ijkl-imln-jnkm |        1.055 |          1.052 |            1.070 |         1.020 
   ijkl-imln-njmk |        1.050 |          1.049 |            1.047 |         1.034 
   ijkl-imnj-nlkm |        1.040 |          1.039 |            1.052 |         1.017 
   ijkl-imnk-njml |        1.046 |          1.046 |            1.056 |         1.022 
   ijkl-minj-nlmk |        1.044 |          1.043 |            1.043 |         1.028 
   ijkl-mink-jnlm |        1.052 |          1.050 |            1.055 |         1.019 
   ijkl-minl-njmk |        1.044 |          1.048 |            1.042 |         1.034 
     aqrs-pa-pqrs |        1.111 |          1.337 |            1.341 |         1.763 
     abrs-qb-aqrs |        1.198 |          1.180 |            1.222 |         1.372 
     abcs-rc-abrs |        1.221 |          1.255 |            1.260 |         1.626 
       abj-bka-kj |        1.142 |          1.149 |            1.166 |         1.411 
       ajb-kba-jk |        1.184 |          1.179 |            1.199 |         1.214 
     abjc-cbka-kj |        2.498 |          2.567 |            2.594 |         1.963 
     ajbc-ckba-jk |        2.226 |          2.205 |            2.310 |         1.650 
     abjc-kbac-jk |        1.609 |          1.703 |            1.648 |         1.480 
   abjcd-dkbac-jk |        2.160 |          2.153 |            2.182 |         2.096 
   adbjc-cbdka-kj |        2.376 |          2.223 |            2.269 |         3.015 
   ajbdc-ckbad-jk |        1.861 |          1.847 |            1.907 |         2.085 
 abcijk-ijma-mkbc |        1.263 |          1.269 |            1.328 |         1.293 
 abcijk-ijmb-mkac |        1.387 |          1.384 |            1.425 |         1.613 
 abcijk-ijmc-mkab |        1.407 |          1.408 |            1.472 |         1.663 
 abcijk-ikma-mjbc |        1.272 |          1.269 |            1.311 |         1.299 
 abcijk-ikmb-mjac |        1.388 |          1.399 |            1.421 |         1.428 
 abcijk-ikmc-mjab |        1.415 |          1.412 |            1.452 |         1.542 
 abcijk-jkma-mibc |        1.246 |          1.253 |            1.307 |         1.276 
 abcijk-jkmb-miac |        1.407 |          1.401 |            1.434 |         1.792 
 abcijk-jkmc-miab |        1.412 |          1.408 |            1.413 |         1.636 
 abcijk-eiab-jkec |        1.390 |          1.393 |            1.471 |         1.607 
 abcijk-eiac-jkeb |        1.389 |          1.345 |            1.431 |         1.765 
 abcijk-eibc-jkea |        1.246 |          1.246 |            1.296 |         1.292 
 abcijk-ejab-ikec |        1.411 |          1.407 |            1.460 |         1.557 
 abcijk-ejac-ikeb |        1.380 |          1.525 |            1.428 |         1.425 
 abcijk-ejbc-ikea |        1.282 |          1.277 |            1.325 |         1.301 
 abcijk-ekab-ijec |        1.411 |          1.402 |            1.461 |         1.663 
 abcijk-ekac-ijeb |        1.381 |          1.378 |            1.427 |         1.737 
 abcijk-ekbc-ijea |        1.276 |          1.267 |            1.321 |         1.298 
       abc-bk-akc |        1.244 |          1.102 |            1.130 |         1.170 
             MEAN |        1.329 |          1.335 |            1.360 |         1.410 

wrote /home/shinaoka/projects/tensor4all/tprims-rs/benchmarks/benchmarks/tcbench/results/scaling-single-l3/baseline/A2-16m-4t.pending.csv
